#rho T p e s c^2 cv gamma alpha
7.285186663379472 0.0 -0.9275827908009047 -0.052495216521231625 0.0 6.907115453188734 6.283516973182072E-5 2.460291021951569 3.072216909017837E-6
7.285186663379472 29.012125 -0.8949082495970383 -0.05067223472257582 8.73475602738983E-5 6.9048603814943785 1.1254956554736424E-4 2.453559342255978 5.489651866708624E-6
7.285186663379472 72.53031250000001 -0.8073591120448398 -0.045774281626042086 1.5400770913539356E-4 6.9221924546483535 1.8789679397372453E-4 2.453045945071035 9.139884317633943E-6
7.285186663379472 116.0485 -0.6612300706382359 -0.03759735371524467 2.417343141426665E-4 6.972104445718766 1.9844097730750544E-4 2.4460159281199325 9.556218466780155E-6
7.285186663379472 145.060625 -0.5586386929695543 -0.03184015927647716 2.860939975991967E-4 7.0100815156020015 2.0454464626137308E-4 2.443465973753266 9.786573462597844E-6
7.285186663379472 185.6776 -0.41074737748023066 -0.023532174492895123 3.3658639907734506E-4 7.067743098978004 2.0770348199137628E-4 2.4372492521508673 9.831556603069986E-6
7.285186663379472 217.5909375 -0.2930527517920244 -0.016903663172179166 3.695025738430678E-4 7.11427800089504 2.088325928851371E-4 2.435271717844502 9.8123761925398E-6
7.285186663379472 232.097 -0.23930801577887895 -0.013874324527750307 3.828393463521902E-4 7.135746592172636 2.102907531130083E-4 2.432088860284955 9.838287559251975E-6
7.285186663379472 261.109125 -0.13120947318785678 -0.0077733429120915715 4.077080945078643E-4 7.179138449295059 2.1154546494066257E-4 2.4271548267855625 9.817212403948418E-6
7.285186663379472 298.1518062 0.007352576143941594 6.286830501116918E-5 4.3581249387961065E-4 7.234864317706305 2.1242555322492187E-4 2.4235943750274194 9.767774371333895E-6
7.285186663379472 319.133375 0.08604724915472614 0.004519889664877927 4.5024081952730737E-4 7.2665761640311315 2.129562057940753E-4 2.4213407568700167 9.740375483999096E-6
7.285186663379472 330.012921875 0.12691659668107835 0.00683675668813672 4.5739932984436026E-4 7.283056304983372 2.132351809972811E-4 2.4198180952589423 9.724946656688762E-6
7.285186663379472 340.89246875 0.16781374916425046 0.00915665883519574 4.643232957092545E-4 7.2995474671570255 2.1347435085713757E-4 2.4184037115423878 9.708181371903328E-6
7.285186663379472 351.772015625 0.20873284170842932 0.011479163041956168 4.710135261103515E-4 7.316043177703385 2.1376424494175988E-4 2.4170037553499357 9.693831054390281E-6
7.285186663379472 362.6515625 0.24968378234475277 0.01380482116499903 4.775199527446896E-4 7.332551478488041 2.1405261676089133E-4 2.4155307821631986 9.679152069380573E-6
7.285186663379472 373.531109375 0.2906649765024945 0.01613361664276556 4.838553767239607E-4 7.349070541213804 2.1431597499045214E-4 2.41403317890186 9.663282570274808E-6
7.285186663379472 384.41065625 0.3316711524402947 0.018465277338735504 4.900185238650034E-4 7.365595815249997 2.1455713437870522E-4 2.412546941710431 9.646508807129074E-6
7.285186663379472 395.2902031250001 0.37269819614190736 0.02079956173957433 4.960098205654928E-4 7.382124310383479 2.1477852418312537E-4 2.4110946099585213 9.629041711193006E-6
7.285186663379472 406.1697500000001 0.41374285001318767 0.023136254761167954 5.018309778813582E-4 7.398653148976509 2.1501279645800764E-4 2.409673759841312 9.612341778286574E-6
7.285186663379472 417.049296875 0.4548080599752646 0.02547549655895766 5.075051409583171E-4 7.415182905755248 2.1526208526015527E-4 2.4082256728361484 9.596263686524558E-6
7.285186663379472 427.9288437500001 0.4958961748680251 0.027817450505955795 5.130519504197873E-4 7.4317153452920515 2.1549630700138273E-4 2.4067553543967803 9.579482053074767E-6
7.285186663379472 438.808390625 0.5370038835580143 0.030161952679366708 5.184696736375882E-4 7.448248015056082 2.1571665372962224E-4 2.4052848977685883 9.562146337301313E-6
7.285186663379472 449.6879375000001 0.5781284839347466 0.032508852125336295 5.237577618898089E-4 7.4647792457044435 2.1592420172370782E-4 2.4038298002929652 9.544372586286666E-6
7.285186663379472 460.567484375 0.6192677490123131 0.03485800959943631 5.289165977868378E-4 7.481307652032783 2.161282160501089E-4 2.4023976789668318 9.526605251603817E-6
7.285186663379472 471.4470312500001 0.6604213516545534 0.03720938665696362 5.339536624213611E-4 7.497831187808435 2.1634949405344E-4 2.4009621119301245 9.509656909067158E-6
7.285186663379472 482.326578125 0.7015924717276005 0.039563171118900536 5.388896637606106E-4 7.514352002706917 2.165639836494507E-4 2.3995123705810775 9.492421310652105E-6
7.285186663379472 493.2061250000002 0.7427795245221306 0.04191928913045151 5.437250112122416E-4 7.530869054207366 2.1676998593527888E-4 2.398059412221674 9.474871047074478E-6
7.285186663379472 504.0856718750001 0.7839807922969566 0.044277648353527446 5.484591873977922E-4 7.547381360487617 2.1696794368618566E-4 2.396612050878568 9.457064104494458E-6
7.285186663379472 514.9652187500002 0.8251947957651607 0.04663816126723368 5.530922738727825E-4 7.5638882181939975 2.1715952535758494E-4 2.3951769465171515 9.439102469707145E-6
7.285186663379472 525.844765625 0.8664204900425773 0.049000758502714244 5.576259661983183E-4 7.64218123773424 0.0011915747997096934 2.9133274908678617 6.235231751385374E-5
7.285186663379472 536.7243125000002 1.1415657962324708 0.06196455239122481 5.819865879125714E-4 0.42629986689079236 0.0019054057730724038 2.723124675467971 0.001670702495567982
7.285186663379472 547.6038593750001 1.5528163481733375 0.08269450381526135 6.202129652974368E-4 0.7010801722829195 0.002257765453355446 2.4629695393751168 0.0010887533283597526
7.285186663379472 558.4834062500001 1.9935633389817842 0.10725796889779772 6.646253870413135E-4 0.6412695393062248 8.872946013774566E-4 2.3445008972767796 4.452838534679005E-4
7.285186663379472 569.3629531250001 2.158444005350983 0.11691133210541817 6.818062604000705E-4 7.531560310078698 2.1632387908126984E-4 2.4840459183205614 9.793511545822065E-6
7.285186663379472 580.2425000000002 2.2010347833408295 0.11926483788806469 6.858966891857358E-4 7.547204211630138 2.1535419506308877E-4 2.462779049224048 9.646105364966733E-6
7.285186663379472 603.4522 2.290713420029909 0.1242631441492204 6.943414085855097E-4 7.586853428192588 2.1452892919157662E-4 2.4480230150334727 9.50164901260477E-6
7.285186663379472 626.6619000000001 2.379513135117896 0.12924229623707817 7.024429068341234E-4 7.62702459510301 2.1358947153951564E-4 2.4322440838211103 9.34955985250222E-6
7.285186663379472 649.8716 2.467354122277982 0.13419964379466884 7.1020502136803E-4 7.6656152338382215 2.126360409440085E-4 2.4161896249218584 9.19983826120783E-6
7.285186663379472 673.0812999999999 2.5542257789147444 0.13913486251416698 7.176705984976955E-4 7.703568022110344 2.118625595168724E-4 2.401748661560463 9.066698339680798E-6
7.285186663379472 696.2909999999999 2.640264111041196 0.14405212896178574 7.248521323659397E-4 7.740822752160341 2.1110965203782438E-4 2.3874728873414806 8.937555078582295E-6
7.285186663379472 719.5007 2.725487097508787 0.14895192065268806 7.317733172588888E-4 7.777388829203617 2.103844355854294E-4 2.373325007284938 8.812443116676003E-6
7.285186663379472 742.7104 2.809914034505321 0.1538348802872952 7.384556441494958E-4 7.813615715450046 2.0975952970854795E-4 2.360173002836345 8.69706682155851E-6
7.285186663379472 765.9201 2.893623727623778 0.1587033360439717 7.449069823520219E-4 7.849025819826138 2.0910428191616624E-4 2.346616306783096 8.581210763361373E-6
7.285186663379472 789.1298 2.976592606419089 0.16355658369596132 7.511516853312552E-4 7.884118143492379 2.0854113574667597E-4 2.3339283039940173 8.473941037586447E-6
7.285186663379472 812.3395000000002 3.058890639571911 0.16839676089430097 7.571961943690071E-4 7.918647722439978 2.0799189344631816E-4 2.3213698348647496 8.369490840713261E-6
7.285186663379472 835.5492000000002 3.140530256087904 0.173224190343622 7.630548548542884E-4 7.95261887407296 2.0746273267543868E-4 2.308911573235272 8.267925244350173E-6
7.285186663379472 858.7589000000002 3.221525143402249 0.17803933813019912 7.687409216709538E-4 7.986326627738854 2.0700477373967327E-4 2.2971977847567033 8.173178758151083E-6
7.285186663379472 881.9686000000002 3.301931236513598 0.1828438568272648 7.742592732625453E-4 8.01935624138508 2.0652505081423633E-4 2.2851897935145837 8.078204126124069E-6
7.285186663379472 905.1783000000001 3.3817316651688283 0.187637241299148 7.796253476594569E-4 8.052134586511999 2.0611240455369523E-4 2.27383917427235 7.98936320544816E-6
7.285186663379472 928.3880000000003 3.460977069400875 0.19242104837511792 7.848432728441668E-4 8.084446983531626 2.057094737838299E-4 2.262595095233891 7.902602423994315E-6
7.285186663379472 951.5977000000003 3.5396764556450098 0.19719550354879847 7.899223477692564E-4 8.116293669466275 2.053218728441605E-4 2.2514314363145753 7.817997123726084E-6
7.285186663379472 974.8074000000003 3.6178399836640702 0.2019609626209496 7.948712934945358E-4 8.147921188643746 2.0498489744184687E-4 2.240829990809149 7.73825914876186E-6
7.285186663379472 998.0171000000003 3.69550778018797 0.20671860059510563 7.996934954391553E-4 8.178959177224847 2.0462994383106263E-4 2.229980746744921 7.658285875502395E-6
7.285186663379472 1021.2268 3.7726656997931687 0.2114680002024414 8.043995397975245E-4 8.209882124927683 2.0434304823258525E-4 2.2198238136409354 7.584042674582871E-6
7.285186663379472 1044.4365 3.8493645024921395 0.21621074104900523 8.089905291309938E-4 8.240382461871844 2.040485558777965E-4 2.209688723835814 7.510633532820408E-6
7.285186663379472 1067.6462 3.925603089008309 0.22094664681636209 8.13473710857385E-4 8.270320701876535 2.037428937482752E-4 2.199306649738677 7.43712742992412E-6
7.285186663379472 1090.8559 4.00136980579821 0.22567545825739146 8.178577766956659E-4 8.300055760754002 2.0348750662734408E-4 2.1893574427959277 7.367713478589606E-6
7.285186663379472 1114.0656 4.076699227445228 0.2303983422399601 8.221447515831515E-4 8.32963326589663 2.0327193354529382E-4 2.179866365759128 7.301981427415915E-6
7.285186663379472 1137.2753 4.151622631289158 0.23511622283596634 8.26336644976474E-4 8.359087268557625 2.030883017296004E-4 2.170839773335223 7.239576052040105E-6
7.285186663379472 1160.485 4.2261683813301225 0.2398298413926198 8.304354730780709E-4 8.387987565221579 2.02864578119153E-4 2.1614860983171758 7.1756328101302124E-6
7.285186663379472 1183.6947 4.300311163671551 0.24453826739139195 8.344493694911627E-4 8.416301681820102 2.0262810137281788E-4 2.1517780844877876 7.11107365277731E-6
7.285186663379472 1206.904400000001 4.3740349048761376 0.24924120483582485 8.383855652558455E-4 8.444475877147537 2.0244409371401295E-4 2.1424931295611125 7.050357926264537E-6
7.285186663379472 1230.1141 4.44737386698748 0.25393987151769876 8.422447213106704E-4 8.472573726896126 2.0229808049166355E-4 2.1336859773007406 6.993043414194989E-6
7.285186663379472 1253.323800000001 4.520358675991101 0.25863514927648634 8.460275414151882E-4 8.500635269439146 2.0218026247055963E-4 2.1253730234146335 6.93875979562875E-6
7.285186663379472 1276.5335 4.593016791693823 0.26332769251434907 8.497348196670536E-4 8.528218242729192 2.0201964716624516E-4 2.116807332551839 6.882971160987506E-6
7.285186663379472 1299.743200000001 4.665324592063461 0.2680165079191837 8.533728022362378E-4 8.555205737188555 2.0185348486407813E-4 2.107827851018413 6.826533854449973E-6
7.285186663379472 1322.952900000001 4.737266441973952 0.27270146674683343 8.569473629126971E-4 8.582082181562754 2.0174027960374473E-4 2.0992127079394 6.773540195059238E-6
7.285186663379472 1346.162600000001 4.808874068003973 0.2773837981143525 8.604586422167023E-4 8.60894963435234 2.0165962005046578E-4 2.091076409567553 6.723540051087088E-6
7.285186663379472 1369.372300000001 4.880175632299076 0.2820642573978378 8.639067449461988E-4 8.635857684287556 2.016000899183088E-4 2.083451169597743 6.6761776897938685E-6
7.285186663379472 1392.582000000001 4.951196219469682 0.28674333500481475 8.67291862148111E-4 8.662500694620816 2.0147115799834333E-4 2.075847040881781 6.627111317389702E-6
7.285186663379472 1415.791700000001 5.021912342510353 0.2914194201406089 8.706186744278263E-4 8.688359342441528 2.0134754623719715E-4 2.0675184582876223 6.576840027241849E-6
7.285186663379472 1439.001400000001 5.092301529285734 0.2960926362845104 8.738930825228737E-4 8.71388251184434 2.0128479689321077E-4 2.059156082513099 6.529017862956299E-6
7.285186663379472 1462.211100000001 5.1623841690230625 0.30076439603496274 8.77116165341743E-4 8.739303162794748 2.012478840475519E-4 2.0510755816514434 6.483290745783439E-6
7.285186663379472 1485.420800000001 5.232178990055996 0.3054352990493412 8.802885182644235E-4 8.764701936572424 2.012241487242348E-4 2.0433648220774505 6.439441109743891E-6
7.285186663379472 1508.630500000001 5.301703225568551 0.3101056511739861 8.834106255374899E-4 8.790112162271162 2.012079236976979E-4 2.03604314902998 6.397303522832382E-6
7.285186663379472 1531.840200000001 5.370972759879491 0.31477562672063253 8.864829665735194E-4 8.815548637322339 2.011963187386551E-4 2.0291047804497273 6.356740380603311E-6
7.285186663379472 1555.049900000001 5.440002257881495 0.3194453329196611 8.895060504633394E-4 8.840850965392578 2.0117942013836846E-4 2.0223105159884986 6.316792904744303E-6
7.285186663379472 1578.259600000001 5.508794838755969 0.3241146469072466 8.924814554164229E-4 8.865221332446804 2.0112460082075633E-4 2.0145945518979156 6.273683186777112E-6
7.285186663379472 1601.469300000001 5.577306273290176 0.3287826885549161 8.954157256738469E-4 8.889418498507169 2.0108373038130032E-4 2.0070067376424974 6.231774466452045E-6
7.285186663379472 1624.679000000001 5.645545795074695 0.333449781611947 8.983099658524507E-4 8.913597432410532 2.0106193569928714E-4 1.9997385085910218 6.191692351285049E-6
7.285186663379472 1647.888700000001 5.713530822959017 0.33811636882094676 9.011642807119523E-4 8.937759763962854 2.010571501935595E-4 1.992769671294784 6.153288339563584E-6
7.285186663379472 1671.098400000001 5.781277319085165 0.34278284495979416 9.03978842463157E-4 8.96189387390048 2.0106920348328462E-4 1.9860652392993918 6.1164381326120646E-6
7.285186663379472 1694.308100000001 5.848799938046653 0.3474496008518802 9.067539052123406E-4 8.985970427961323 2.011002930849581E-4 1.9795706219208868 6.081042443011926E-6
7.285186663379472 1717.517800000001 5.916112158087548 0.3521170783242941 9.094898251633007E-4 9.009929993221878 2.0115643210955213E-4 1.9731973955161592 6.047033256993448E-6
7.285186663379472 1740.727500000001 5.983226396814927 0.3567858587666272 9.121870990017845E-4 9.033245521694631 2.012011470068961E-4 1.9662923911368793 6.011655047766981E-6
7.285186663379472 1763.937200000001 6.050120642625318 0.36145567702831316 9.148492663602784E-4 9.05615124096543 2.0121477184999965E-4 1.9591622335576109 5.975110073699298E-6
7.285186663379472 1787.146900000001 6.1167768304122605 0.3661258115185201 9.174793256043704E-4 9.079136205389803 2.0123254467829409E-4 1.952409402283628 5.939965112124497E-6
7.285186663379472 1810.356600000001 6.183209135252418 0.3707963585107399 9.200771861439574E-4 9.102174529275203 2.012563910036493E-4 1.9459831689211846 5.9061288534488915E-6
7.285186663379472 1833.566300000001 6.249430628724271 0.3754674589690173 9.226428542571956E-4 9.125229905829608 2.0128954656581044E-4 1.9398234880870817 5.873526549428195E-6
7.285186663379472 1856.776000000001 6.3154533842393645 0.3801393289579458 9.251764392838854E-4 9.14824431777133 2.013378545088964E-4 1.933848382792289 5.84210582402282E-6
7.285186663379472 1879.985700000001 6.381288570534636 0.38481232015974093 9.276781756724274E-4 9.171110390133332 2.0141296328899104E-4 1.9279234403125376 5.811852689393503E-6
7.285186663379472 1903.195400000001 6.446946534849736 0.3894870546137894 9.301484826818992E-4 9.193555664417039 2.0152332173159197E-4 1.9217336399877287 5.782216009048245E-6
7.285186663379472 1926.405100000001 6.512429557278054 0.39416435045418313 9.3258859478282E-4 9.215441221146975 2.0158279033678488E-4 1.9151283189776758 5.750353101170282E-6
7.285186663379472 1949.614800000001 6.5777067608892175 0.3988430265430628 9.350019693017653E-4 9.237344368252833 2.0163573348562817E-4 1.9087734979437398 5.719184111892374E-6
7.285186663379472 1972.824500000001 6.642784447580027 0.4035229314265442 9.373889844586288E-4 9.259295227654977 2.0169741246257888E-4 1.902692901637274 5.689189623857364E-6
7.285186663379472 1996.034200000001 6.707674665937311 0.4082042678605769 9.397495674190337E-4 9.281263872996556 2.0176987902137197E-4 1.8968399046699016 5.660296837608983E-6
7.285186663379472 2019.243900000001 6.772388513556914 0.41288728622169923 9.42083725170642E-4 9.303215341522279 2.018558311016901E-4 1.8911647559462417 5.632444327187255E-6
7.285186663379472 2042.453600000001 6.836936229054964 0.4175722995048201 9.44391544172552E-4 9.325107051453026 2.0195887624088353E-4 1.885611915454717 5.605582508494873E-6
7.285186663379472 2065.663300000001 6.901327273599061 0.42225970443470817 9.466731932116553E-4 9.34688497223145 2.0208393093510584E-4 1.8801162290685838 5.579674925690631E-6
7.285186663379472 2088.873000000001 6.965570403326116 0.4269500118465327 9.489289307088161E-4 9.36813070420311 2.0219367155144266E-4 1.87423421022739 5.552617966538825E-6
7.285186663379472 2112.082700000001 7.0296473236004475 0.4316428663051402 9.511609754589861E-4 9.389021516880593 2.0227473440833347E-4 1.8681647378808888 5.524535794351033E-6
7.285186663379472 2135.292400000001 7.093542345134596 0.43633760220833734 9.53371303788983E-4 9.409939551767401 2.0236227916118311E-4 1.8623148652401085 5.497372359935711E-6
7.285186663379472 2158.502100000001 7.15726485641426 0.44103436999898465 9.555599162583714E-4 9.43087059687188 2.024570185462086E-4 1.8566597784609478 5.4710753547884684E-6
7.285186663379472 2181.711800000001 7.220823610751373 0.44573333666233655 9.577268511538035E-4 9.451799953620217 2.0255976643858122E-4 1.8511753659304448 5.4455975826816675E-6
7.285186663379472 2204.921500000001 7.284226779106267 0.45043468807344605 9.598721821041794E-4 9.472712199005452 2.0267145565150912E-4 1.845837919075418 5.420896601571928E-6
7.285186663379472 2228.131200000001 7.347481997724717 0.455138631757681 9.61996016114677E-4 9.493590915760926 2.0279315951675722E-4 1.8406238200393576 5.3969344340140185E-6
7.285186663379472 2251.340900000001 7.410596411174158 0.459845400152117 9.640984920227913E-4 9.514418380489282 2.0292611819689073E-4 1.8355092066549816 5.373677344386457E-6
7.285186663379472 2274.550600000001 7.473576711289218 0.46455525447763135 9.661797793893719E-4 9.535175197128437 2.030717709594969E-4 1.8304696033476804 5.3510956834249725E-6
7.285186663379472 2297.760300000001 7.5364291724731824 0.46926848936007 9.682400778494196E-4 9.555839859707067 2.0323179601633272E-4 1.8254795040874239 5.329163803011197E-6
7.285186663379472 2320.97 7.599159683747013 0.47398543837607005 9.702796169617964E-4 9.57598099784838 2.0337167338566774E-4 1.8201214894209794 5.305995530951765E-6
7.285186663379472 2344.179700000001 7.661749121488839 0.4787056339038496 9.72300288169548E-4 9.595736094212644 2.034847765857277E-4 1.814539481587931 5.2817685552124566E-6
7.285186663379472 2367.389400000001 7.72418130966747 0.4834284545229714 9.743038198779951E-4 9.615504840288239 2.0360311075288357E-4 1.8091251294765205 5.258238014518474E-6
7.285186663379472 2390.599100000001 7.78646340660419 0.48815402164261257 9.762902353917534E-4 9.635278594636791 2.0372700428387215E-4 1.8038632259077543 5.235368358350592E-6
7.285186663379472 2413.808800000001 7.8486021426316785 0.49288246429394 9.782595774419619E-4 9.655048772578972 2.0385681182012594E-4 1.798739292065237 5.213126861375129E-6
7.285186663379472 2437.018500000001 7.910603851609272 0.4976139197392416 9.802119068175142E-4 9.674806786893747 2.0399291681165853E-4 1.793739478109232 5.191483402543301E-6
7.285186663379472 2460.228200000001 7.972474499693832 0.5023485341405651 9.821473011313202E-4 9.694543988411244 2.0413573437906728E-4 1.78885046985191 5.170410268596993E-6
7.285186663379472 2483.437900000001 8.034219711641096 0.5070864632947829 9.84065853713695E-4 9.714251605765147 2.0428571451339754E-4 1.784059400325341 5.149881979571372E-6
7.285186663379472 2506.647600000001 8.095844794881284 0.5118278734429246 9.85967672626042E-4 9.733920683554642 2.044433456608855E-4 1.7793537651469449 5.1298751342402935E-6
7.285186663379472 2529.857300000001 8.157354761585658 0.51657294216271 9.878528797890337E-4 9.753542018135448 2.0460915874608913E-4 1.7747213406486777 5.1103682737480875E-6
7.285186663379472 2553.067000000001 8.218754348916962 0.5213218593544591 9.897216102205029E-4 9.773106090203811 2.0478373169645459E-4 1.770150103762685 5.091341761943598E-6
7.285186663379472 2576.276700000001 8.280048037635739 0.5260748283320142 9.915740113792672E-4 9.792602993282385 2.0496769454070638E-4 1.7656281526824604 5.072777681180941E-6
7.285186663379472 2599.486400000002 8.341240069216193 0.5308320670319959 9.934102426120994E-4 9.811889739326878 2.0515369873999853E-4 1.7610277997544912 5.054197633649094E-6
7.285186663379472 2622.696100000001 8.402328050548405 0.5355936228336415 9.952308589857696E-4 9.830438634811788 2.0530096461193823E-4 1.7558925249471609 5.033561040255696E-6
7.285186663379472 2645.905800000001 8.46328161827299 0.5403585966319951 9.970382129492748E-4 9.848958782089884 2.0544613552923066E-4 1.7508549247076026 5.013224284848888E-6
7.285186663379472 2669.115500000002 8.524103289521118 0.5451269398037882 9.988325447980154E-4 9.867548574847222 2.055970007295908E-4 1.7459972510281605 4.993561162313852E-6
7.285186663379472 2692.325200000002 8.584800752832914 0.5498987845116218 0.0010006137244004598 9.886193080839853 2.0575386252317585E-4 1.7413001037948792 4.974527667333206E-6
7.285186663379472 2715.534900000001 8.645381110561305 0.5546742699346258 0.0010023816491550102 9.904878187122494 2.0591704359018535E-4 1.7367455436166117 4.956084070845288E-6
7.285186663379472 2738.744600000001 8.7058509336921 0.5594535427412408 0.0010041362419883498 9.923590463621762 2.0608688865364673E-4 1.7323169042033897 4.938194472209503E-6
7.285186663379472 2761.954300000002 8.76621631062488 0.5642367576008256 0.001005877449527654 9.94231703984999 2.0626376631493286E-4 1.7279986260825504 4.920826408702743E-6
7.285186663379472 2785.164000000002 8.826482890676932 0.5690240777378653 0.0010076052404338915 9.961045492491563 2.0644807107039694E-4 1.7237761083903786 4.903950514503927E-6
7.285186663379472 2808.373700000001 8.886655922964389 0.5738156755329876 0.001009319603884768 9.979763741895118 2.0664022553012942E-4 1.7196355759628543 4.887540222563195E-6
7.285186663379472 2831.583400000002 8.946740291223705 0.5786117331754745 0.0010110205481970388 9.998459955762678 2.068406828621361E-4 1.7155639593493823 4.871571503766965E-6
7.285186663379472 2854.793100000002 9.006740545059547 0.5834124433724999 0.0010127080995790542 10.017122458512908 2.0704992948844888E-4 1.711548785694153 4.856022638657595E-6
7.285186663379472 2878.002800000002 9.066660928039758 0.5882180101209479 0.0010143823010053856 10.035739644967402 2.0726848806367092E-4 1.7075780787051613 4.840874017708976E-6
7.285186663379472 2901.212500000002 9.126505403002403 0.5930286495483592 0.0010160432112064077 10.053755186358519 2.0746485303796666E-4 1.7032054535384595 4.824391927734105E-6
7.285186663379472 2924.422200000002 9.18625318429568 0.5978438465479146 0.0010176922803219071 10.071279148695796 2.0763508619240582E-4 1.698529507779237 4.806716642428386E-6
7.285186663379472 2947.631900000002 9.245885826075087 0.6026629946079145 0.0010193309365275668 10.08881043296582 2.0780802038314572E-4 1.6939579426711457 4.789434994231474E-6
7.285186663379472 2970.841600000002 9.305407500442975 0.6074861564186012 0.0010209592180790345 10.106345494664108 2.0798371312024245E-4 1.6894845454382403 4.772530647951265E-6
7.285186663379472 2994.051300000002 9.364822180336747 0.612313396005008 0.001022577167294719 10.123880932669294 2.08162223454301E-4 1.685103442510671 4.75598823114854E-6
7.285186663379472 3017.261000000002 9.424133651273266 0.6171447787627153 0.001024184830284952 10.141413477197291 2.083436120262881E-4 1.6808090750586488 4.739793268164815E-6
7.285186663379472 3040.470700000002 9.4833455222719 0.6219803714947619 0.0010257822566979004 10.15893997865367 2.085279411193146E-4 1.676596176477659 4.723932119417818E-6
7.285186663379472 3063.680400000002 9.542461236022422 0.6268202424497589 0.0010273694994812257 10.176457397308518 2.0871527471228525E-4 1.6724597516500863 4.708391925495574E-6
7.285186663379472 3086.890100000002 9.60148407835801 0.6316644613612485 0.001028946614658526 10.193962793712627 2.089056785357392E-4 1.668395057818472 4.693160555620472E-6
7.285186663379472 3110.099800000002 9.6604171870881 0.6365130994883594 0.0010305136611196799 10.211453319793987 2.0909922012972846E-4 1.6643975869300573 4.6782265601032924E-6
7.285186663379472 3133.309500000002 9.719263560241018 0.6413662296578045 0.001032070700424258 10.228926210569522 2.0929596890404559E-4 1.6604630493188768 4.663579126438165E-6
7.285186663379472 3156.519200000002 9.778026063761898 0.6462239263072767 0.0010336177966172335 10.24637877641861 2.0949599620069626E-4 1.6565873586099353 4.64920803872623E-6
7.285186663379472 3179.728900000002 9.836707438707403 0.6510862655302959 0.0010351550160562588 10.263808395868796 2.0969937535896267E-4 1.6527666177386735 4.6351036401486555E-6
7.285186663379472 3202.938600000002 9.895310307975251 0.655953325122565 0.0010366824272498424 10.281212508847483 2.0990618178290377E-4 1.64899710598926 4.62125679822614E-6
7.285186663379472 3226.148300000002 9.953837182603184 0.6608251846298916 0.0010382001007057805 10.29858861035982 2.1011649301159332E-4 1.6452752669677544 4.607658872644627E-6
7.285186663379472 3249.358000000002 10.012290467669333 0.6657019253977428 0.0010397081087892644 10.315934244553462 2.1033038879222097E-4 1.6415976974249817 4.594301685419636E-6
7.285186663379472 3272.567700000002 10.070672467822886 0.6705836306224935 0.0010412065255901027 10.333246999137481 2.1054795115599736E-4 1.6379611368663154 4.58117749322756E-6
7.285186663379472 3295.777400000002 10.128985392472014 0.6754703854044389 0.0010426954267985416 10.350524500124191 2.10769264497294E-4 1.634362457875178 4.56827896171344E-6
7.285186663379472 3318.987100000003 10.187231360653422 0.6803622768026419 0.0010441748895892 10.367764406863747 2.1099441565587885E-4 1.630798657098537 4.555599141632119E-6
7.285186663379472 3342.196800000002 10.24541240560621 0.68525939389169 0.001045644992512671 10.38496440734961 2.1122349400246022E-4 1.627266846833986 4.543131446659664E-6
7.285186663379472 3365.406500000002 10.303530479070679 0.6901618278204389 0.001047105815394355 10.402122213764327 2.1145659152801684E-4 1.6237642471746732 4.530869632768205E-6
7.285186663379472 3388.616200000003 10.361587455331252 0.695069671872827 0.0010485574392401407 10.419235558252971 2.1169380293657462E-4 1.620288178666078 4.51880777902566E-6
7.285186663379472 3411.825900000003 10.419585135021123 0.6999830215308439 0.0010499999461485567 10.436302188890485 2.1193522574182954E-4 1.616836055430124 4.506940269711425E-6
7.285186663379472 3435.035600000002 10.477525248704742 0.7049019745397439 0.0010514334192290417 10.45331986584704 2.1218096036804284E-4 1.6134053787278526 4.495261777667047E-6
7.285186663379472 3458.245300000002 10.535409460253323 0.7098266309755981 0.0010528579425260213 10.470286357703923 2.1243111025500848E-4 1.6099937309153352 4.483767248763925E-6
7.285186663379472 3481.455000000003 10.593239370026962 0.7147570933152839 0.0010542736009484768 10.48664217251071 2.1265757719880773E-4 1.606215526981932 4.47102963471598E-6
7.285186663379472 3504.664700000002 10.650995075408124 0.719692811884795 0.0010556814955072252 10.50253280167306 2.1285989206078446E-4 1.6021785575479264 4.457281083150696E-6
7.285186663379472 3527.874400000002 10.708660429557401 0.7246332261215581 0.001057082656886424 10.518460047867562 2.1306459566566033E-4 1.5982354882183734 4.4438481920615116E-6
7.285186663379472 3551.084100000002 10.766239184660556 0.7295783914675793 0.0010584770644982426 10.534418669212135 2.132717258047396E-4 1.594380215773151 4.430716082187179E-6
7.285186663379472 3574.293800000002 10.823734887972916 0.7345283642419896 0.0010598647021228876 10.550403738077256 2.134813210203331E-4 1.5906070340880936 4.4178708628532214E-6
7.285186663379472 3597.503500000002 10.881150895621692 0.7394832016584753 0.0010612455576773953 10.566410614730087 2.1369342062385597E-4 1.586910602181497 4.405299554639119E-6
7.285186663379472 3620.713200000002 10.938490385307613 0.7444429618431287 0.0010626196229964434 10.582434923397305 2.139080647142664E-4 1.58328591519217 4.392990019022945E-6
7.285186663379472 3643.922900000002 10.995756368006896 0.7494077038527274 0.0010639868936245414 10.598472530491263 2.14125294197108E-4 1.5797282779856032 4.380930894302597E-6
7.285186663379472 3667.132600000002 11.052951698764204 0.7543774876934541 0.0010653473686189907 10.614519524783596 2.1434515080414552E-4 1.5762332811193625 4.36911153716124E-6
7.285186663379472 3690.342300000002 11.110079086657887 0.7593523743400731 0.0010667010503630427 10.630572199319086 2.145676771133469E-4 1.572796778927333 4.357521969310921E-6
7.285186663379472 3713.552000000002 11.167141104010609 0.7643324257555707 0.001068047944388721 10.646627034908535 2.147929165697331E-4 1.569414869514421 4.3461528287301504E-6
7.285186663379472 3736.761700000002 11.224140194911225 0.7693177049112792 0.0010693880592087947 10.66268068503502 2.1502091350659644E-4 1.5660838764726743 4.33499532504283E-6
7.285186663379472 3759.971400000002 11.281078683107301 0.7743082758074933 0.0010707214061574286 10.678729962037691 2.1525171316741503E-4 1.5628003321485016 4.3240411986399785E-6
7.285186663379472 3783.181100000002 11.337958779321745 0.7793042034945951 0.0010720479992390565 10.694771824448994 2.154853617283741E-4 1.5595609623134095 4.313282683193294E-6
7.285186663379472 3806.390800000002 11.394782588042018 0.784305554094702 0.001073367854985051 10.710803365383692 2.157219063216172E-4 1.5563626721097064 4.30271247125573E-6
7.285186663379472 3829.600500000002 11.451552113825878 0.7893123948238548 0.0010746809923177926 10.726821801857888 2.1596139505903624E-4 1.5532025331388029 4.292323682634127E-6
7.285186663379472 3852.810200000002 11.508269267163094 0.7943247940147566 0.001075987432421749 10.742824464982407 2.1620387705695678E-4 1.5500777716011593 4.282109835316526E-6
7.285186663379472 3876.019900000002 11.564935869929451 0.7993428211400855 0.001077287198621221 10.758808790922116 2.1644940246131066E-4 1.5469857573809016 4.272064818697566E-6
7.285186663379472 3899.229600000002 11.621553660465617 0.8043665468363917 0.0010785803162643999 10.77477231256526 2.1669802247373658E-4 1.5439239939913412 4.262182868904391E-6
7.285186663379472 3922.439300000002 11.678124298310612 0.8093960429286005 0.0010798668126134271 10.790712651834182 2.16949789378391E-4 1.540890109307518 4.252458546044254E-6
7.285186663379472 3945.649000000002 11.734649368617056 0.8144313824551361 0.0010811467167401569 10.806627512583265 2.1720475656956042E-4 1.5378818470121631 4.242886713195417E-6
7.285186663379472 3968.858700000003 11.791130386272838 0.8194726396936888 0.0010824200594273235 10.82251467402668 2.1746297858009104E-4 1.5348970586945834 4.233462516998602E-6
7.285186663379472 3992.068400000002 11.84756879975174 0.8245198901876389 0.0010836868730748563 10.838371984651268 2.177245111106286E-4 1.5319336965431847 4.224181369703564E-6
7.285186663379472 4015.278100000002 11.903965994713536 0.8295732107731633 0.001084947191611082 10.854197356576373 2.1798941105992788E-4 1.5289898065844856 4.215038932561231E-6
7.285186663379472 4038.487800000003 11.960323297372476 0.8346326796070411 0.0010862010504085716 10.869988760318027 2.1825773655584571E-4 1.5260635224199801 4.206031100436582E-6
7.285186663379472 4061.697500000002 12.016641977651304 0.8396983761951812 0.0010874484862044105 10.885275931962992 2.1850776458910438E-4 1.522869156044544 4.1961339010239545E-6
7.285186663379472 4084.907200000002 12.072907152853325 0.8447698758589648 0.0010886902370117009 10.900176497972717 2.187392280414812E-4 1.5194827534021815 4.185508575787291E-6
7.285186663379472 4108.116900000003 12.129106679936235 0.8498467477200394 0.0010899270121350257 10.915105808352504 2.1897247943511718E-4 1.5161612620660774 4.175094388619213E-6
7.285186663379472 4131.326600000002 12.18524315553928 0.8549290332759845 0.001091158803455088 10.930059866194966 2.1920753724861839E-4 1.5129007819358509 4.164882040672224E-6
7.285186663379472 4154.536300000002 12.241319041138818 0.8600167744532636 0.0010923856049207742 10.945034919869558 2.1944442020015983E-4 1.5096976599801804 4.154862816883709E-6
7.285186663379472 4177.746000000003 12.297336671730008 0.8651100136127835 0.0010936074124542339 10.96002744375461 2.1968314725125823E-4 1.5065484713727018 4.145028542348566E-6
7.285186663379472 4200.955700000002 12.353298263847842 0.8702087935555409 0.0010948242238601328 10.975034120672957 2.1992373761047082E-4 1.5034500022812298 4.135371542444046E-6
7.285186663379472 4224.165400000003 12.409205922985356 0.8753131575283588 0.0010960360387388896 10.99005182587452 2.2016621073738655E-4 1.5003992341527443 4.125884606361185E-6
7.285186663379472 4247.375100000003 12.46506165046133 0.8804231492297103 0.0010972428584037188 11.005077612397326 2.204105863465071E-4 1.4973933293402288 4.116560953693953E-6
7.285186663379472 4270.584800000002 12.520867349784469 0.8855388128156367 0.0010984446858013067 11.020108697684655 2.2065688441124767E-4 1.4944296179484697 4.107394203814373E-6
7.285186663379472 4293.794500000003 12.57662483255669 0.8906601929057566 0.0010996415254359501 11.035142451332048 2.2090512516815842E-4 1.4915055857762087 4.098378347759329E-6
7.285186663379472 4317.004200000003 12.632335823953905 0.8957873345893721 0.0011008333832970118 11.050176383858622 2.2115532912094505E-4 1.4886188632575073 4.089507722405336E-6
7.285186663379472 4340.213900000002 12.68800196781926 0.9009202834316702 0.0011020202667895362 11.065208136408014 2.2140751704473896E-4 1.4857672153035806 4.080776986713679E-6
7.285186663379472 4363.423600000003 12.743624831400359 0.9060590854800237 0.0011032021846678858 11.080235471285844 2.216617099906246E-4 1.4829485319646722 4.072181099868269E-6
7.285186663379472 4386.633300000003 12.799205909759188 0.9112037872703932 0.0011043791469722694 11.095256263266883 2.2191792928974376E-4 1.4801608198381326 4.063715301123073E-6
7.285186663379472 4409.843000000003 12.854746629880832 0.9163544358338293 0.0011055511649680264 11.110268491593258 2.2217619655799344E-4 1.47740219415255 4.055375091220749E-6
7.285186663379472 4433.052700000003 12.910248354504713 0.9215110787030814 0.001106718251087546 11.12527023260886 2.224365337005483E-4 1.4746708714718706 4.0471562152401195E-6
7.285186663379472 4456.262400000003 12.965712385699982 0.926673763919311 0.0011078804188747132 11.14025965296322 2.2269896291652631E-4 1.471965162958626 4.03905464674055E-6
7.285186663379472 4479.472100000003 13.021139968204736 0.9318425400389146 0.0011090376829317613 11.155235003347899 2.2296350670372226E-4 1.4692834681550586 4.031066573106481E-6
7.285186663379472 4502.681800000003 13.076532292547121 0.9370174561404561 0.0011101900588684301 11.170194612706931 2.2323018786347192E-4 1.4666242692305247 4.023188381976549E-6
7.285186663379472 4525.891500000002 13.131890497964687 0.9421985618317108 0.001111337563253329 11.18513688289039 2.2349902950554628E-4 1.463986125661524 4.015416648677585E-6
7.285186663379472 4549.101200000003 13.187215675137166 0.9473859072568257 0.00111248021356741 11.200060283703541 2.237700550532033E-4 1.4613676693016542 4.007748124568626E-6
7.285186663379472 4572.310900000003 13.242508868746276 0.9525795431035942 0.0011136180281594544 11.214963348327187 2.2404328824844104E-4 1.458767599814359 4.000179726232533E-6
7.285186663379472 4595.520600000003 13.297771079875371 0.9577795206108538 0.001114751026203495 11.229844669074543 2.2431875315676194E-4 1.4561846804367768 3.9927085254305395E-6
7.285186663379472 4618.730300000003 13.353003268260355 0.9629858915759965 0.0011158792276580814 11.24470289344942 2.2459647417323234E-4 1.4536177340420815 3.985331739776696E-6
7.285186663379472 4641.940000000001 13.408206354402564 0.9681987083626146 0.0011170026532273131 11.255147893323029 2.2505015182420533E-4 1.4486810233542884 3.976126487169146E-6
7.285186663379472 4699.964250000001 13.546023198602466 0.9812570746346001 0.0011197933396293513 11.290634831016646 2.2568471098515866E-4 1.441595844416707 3.955365446057125E-6
7.285186663379472 4757.9885 13.683552703653342 0.9943522607259806 0.0011225601513270237 11.326228109742305 2.2632785799173912E-4 1.4347734694598477 3.935458732972247E-6
7.285186663379472 4816.012750000001 13.820821419294381 1.0074847649400578 0.001125303072232718 11.361885411993994 2.2697974864869743E-4 1.4281783864399236 3.916322774883726E-6
7.285186663379472 4874.037 13.95785272205305 1.0206550946205868 0.0011280221238754492 11.397570499241846 2.2764054231326562E-4 1.4217802149761827 3.897885763120536E-6
7.285186663379472 4932.061250000001 14.094667275575437 1.0338637663579076 0.0011307173616854314 11.433252151257939 2.2831040199303666E-4 1.4155528363176666 3.880085695499168E-6
7.285186663379472 4990.085500000001 14.231283413079783 1.047111306200752 0.0011333888716200905 11.468903312778863 2.2898949444684382E-4 1.4094736905779475 3.862868788951057E-6
7.285186663379472 5048.109750000001 14.367717456882593 1.0603982498739093 0.0011360367670991513 11.504500402704807 2.296779902888325E-4 1.4035232054853517 3.846188184682857E-6
7.285186663379472 5106.134 14.50398398675473 1.073725143001926 0.0011386611862197287 11.540022751557691 2.3037606409608878E-4 1.3976843292586723 3.83000288586304E-6
7.285186663379472 5164.15825 14.640096066419185 1.0870925413390533 0.0011412622892252554 11.57545214086819 2.3108389451969783E-4 1.391942146484146 3.8142768813275726E-6
7.285186663379472 5222.1825 14.776065435615102 1.100501011005638 0.0011438402562047253 11.61002757070736 2.3177365557093077E-4 1.3859163183117034 3.797756747084551E-6
7.285186663379472 5280.20675 14.911850279856312 1.1139495035398996 0.0011463972994695435 11.643971692727325 2.3244380771586474E-4 1.3797276864313204 3.7806766535337104E-6
7.285186663379472 5338.231000000001 15.04741965046486 1.1274368811497568 0.0011489354959897426 11.678016145817692 2.331205088077188E-4 1.3737431900963628 3.7642311097003772E-6
7.285186663379472 5396.25525 15.182793959947116 1.140963523832943 0.0011514548439497852 11.712123441034489 2.33803844532996E-4 1.367935768426529 3.7483577045947415E-6
7.285186663379472 5454.2795 15.317991121330754 1.1545298165590867 0.001153955363305992 11.74626178988459 2.3449390198552515E-4 1.3622823898169447 3.733002976953923E-6
7.285186663379472 5512.30375 15.4530269193841 1.1681361493513702 0.0011564370938676734 11.780404087372 2.3519076969417233E-4 1.3567633530552694 3.7181208910622215E-6
7.285186663379472 5570.328 15.587915317582551 1.1817829173697976 0.0011589000935340486 11.814527098820758 2.3589453765147155E-4 1.3513617258384 3.703671607691155E-6
7.285186663379472 5628.35225 15.72266871343335 1.1954705209961207 0.0011613444366738548 11.848610805352477 2.36605297342669E-4 1.3460628906762764 3.6896204866235753E-6
7.285186663379472 5686.3765 15.857298152018387 1.2091993659204563 0.0011637702126357304 11.882637873784377 2.3732314177562822E-4 1.3408541753401273 3.6759372721969236E-6
7.285186663379472 5744.40075 15.991813505520204 1.2229698632296306 0.0011661775243785237 11.916593224796939 2.3804816551136664E-4 1.3357245503397777 3.662595424456411E-6
7.285186663379472 5802.425 16.126223624889768 1.2367824294973035 0.001168566487211638 11.949829060745527 2.3875941897611146E-4 1.330377684507576 3.6486574170998016E-6
7.285186663379472 5860.449250000001 16.26049569492862 1.2506362657138284 0.001170938695628316 11.982543712914055 2.3945608806771624E-4 1.3249106983308974 3.6343168222391605E-6
7.285186663379472 5918.4735 16.394606172705025 1.2645305256318915 0.0011732956620775904 12.01535772823251 2.4015780827500057E-4 1.3196083418556026 3.6204651754454816E-6
7.285186663379472 5976.49775 16.528571368524233 1.2784655023386922 0.0011756373889644737 12.048235513591862 2.4086462859319256E-4 1.3144483845209158 3.6070522432292205E-6
7.285186663379472 6034.522000000001 16.662405468988624 1.2924414917643408 0.0011779638921145072 12.081147329958709 2.4157659861353254E-4 1.3094121162202585 3.5940354200186144E-6
7.285186663379472 6092.54625 16.796120871766554 1.306458792716442 0.0011802751997098085 12.114068185060871 2.4229376853209778E-4 1.3044837002398966 3.58137835094293E-6
7.285186663379472 6150.570500000001 16.92972845896857 1.3205177069151905 0.001182571351302369 12.146976961072777 2.430161891586619E-4 1.299649660760302 3.5690498369926883E-6
7.285186663379472 6208.59475 17.063237821876818 1.33461853902898 0.001184852396898783 12.179855722276136 2.4374391192565688E-4 1.294898473877328 3.5570229582597677E-6
7.285186663379472 6266.619000000001 17.196657446836895 1.3487615967105324 0.0011871183961110429 12.21268916166729 2.444769888975259E-4 1.2902202389174005 3.5452743669549036E-6
7.285186663379472 6324.643250000001 17.32999486992336 1.3629471906335697 0.0011893694173684883 12.245464155730394 2.452154727798792E-4 1.285606412536196 3.5337837136234286E-6
7.285186663379472 6382.6675 17.46325680633245 1.3771756345300172 0.0011916055371863701 12.277473609728558 2.4594183255069186E-4 1.28075932618221 3.521682818509593E-6
7.285186663379472 6440.691750000001 17.596409559665556 1.3914462249073971 0.0011938280942713608 12.309021597675008 2.4665631157123E-4 1.2758132932282347 3.509256703898428E-6
7.285186663379472 6498.716000000001 17.729433428727916 1.4057582723940842 0.0011960382960724326 12.340802442241683 2.4737568335458454E-4 1.2710604375558532 3.497350221561648E-6
7.285186663379472 6556.740250000001 17.862348254923504 1.4201120608889712 0.0011982360343461133 12.372738380375129 2.480999927281362E-4 1.266462189580449 3.4858802688959787E-6
7.285186663379472 6614.764500000001 17.995170005363974 1.434507876892027 0.0012004212195635476 12.404770346117141 2.488292850344976E-4 1.2619889821765098 3.4747826365858176E-6
7.285186663379472 6672.788750000001 18.127911674567226 1.4489460095341897 0.0012025937795556176 12.43685286477684 2.4956360613845476E-4 1.257617844504224 3.4640070177074573E-6
7.285186663379472 6730.813000000001 18.260583945505157 1.463426750607669 0.00120475365825262 12.468950495140573 2.5030300243436364E-4 1.253330713951557 3.4535134924873305E-6
7.285186663379472 6788.837250000001 18.393195681745443 1.4779503945966714 0.0012069008145115879 12.501035307176949 2.510475208534605E-4 1.2491132313106035 3.44327001004872E-6
7.285186663379472 6846.861500000001 18.525754298984598 1.4925172387085526 0.0012090352210248731 12.53308506564956 2.5179720887131917E-4 1.2449538673308098 3.433250556387458E-6
7.285186663379472 6904.885750000001 18.658266049104924 1.5071275829054043 0.0012111568633041076 12.565081903310448 2.5255211451549525E-4 1.2408432804427592 3.423433802725357E-6
7.285186663379472 6962.91 18.790736239877884 1.5217817299360796 0.0012132657387341208 12.596097633261767 2.5329570463206565E-4 1.2364195936857243 3.412848436099178E-6
7.285186663379472 7020.934250000001 18.923122807807996 1.5364790232255772 0.0012153630755365815 12.626462057721584 2.540266780836063E-4 1.2318180321036283 3.4017588579097806E-6
7.285186663379472 7078.958500000002 19.055397300858736 1.55121873070137 0.0012174501332885548 12.657090257130502 2.547597277160033E-4 1.2273981256701887 3.391108386184554E-6
7.285186663379472 7136.982750000001 19.187577515056446 1.5660009728322952 0.001219526956523342 12.687902907568498 2.554948614116052E-4 1.2231252345004326 3.3808240230572407E-6
7.285186663379472 7195.007000000001 19.319677666553876 1.5808258705445575 0.0012215935920491172 12.71884077525252 2.5623208709025434E-4 1.218973024793995 3.370849747690305E-6
7.285186663379472 7253.031250000002 19.451709249035034 1.5956935452239043 0.0012236500887839636 12.749859013300696 2.5697141270953624E-4 1.21492118647871 3.3611419276311522E-6
7.285186663379472 7311.055500000001 19.58368165587378 1.6106041187178155 0.0012256964976005704 12.780923249012329 2.577128462649624E-4 1.2109538504719943 3.3516661184709954E-6
7.285186663379472 7369.079750000002 19.715602639079073 1.6255577133377055 0.0012277328711800097 12.812006849373757 2.5845639579016015E-4 1.2070584707359315 3.342394791075683E-6
7.285186663379472 7427.104000000002 19.847478652901632 1.6405544518611326 0.0012297592638740528 12.843088977771469 2.592020693571612E-4 1.2032250214033469 3.333305690937195E-6
7.285186663379472 7485.128250000002 19.979315114568397 1.6555944575340298 0.001231775731575507 12.874153191932287 2.599498750766087E-4 1.1994454114274757 3.324380636115766E-6
7.285186663379472 7543.152500000002 20.111116604568352 1.670677854072944 0.0012337823315961027 12.905186418277802 2.606998210978471E-4 1.1957130519096024 3.3156046244853256E-6
7.285186663379472 7601.176750000001 20.242887022235198 1.6858047656672805 0.0012357791225514796 12.936178192120353 2.614519156093931E-4 1.1920225322314923 3.306965162400693E-6
7.285186663379472 7659.201000000002 20.3746297078525 1.7009753169815789 0.0012377661642528584 12.967120088235422 2.6220616683892713E-4 1.1883693748125839 3.2984517540547975E-6
7.285186663379472 7717.225250000002 20.506347539396177 1.7161896331577826 0.0012397435176049988 12.998005289526594 2.6296258305368936E-4 1.1847498474070075 3.290055508930817E-6
7.285186663379472 7775.249500000002 20.63804300985589 1.7314478398175355 0.0012417112445100855 13.028828257059567 2.6372117256050654E-4 1.1811608180194948 3.281768837072609E-6
7.285186663379472 7833.273750000002 20.769718289537547 1.7467500630644797 0.0012436694077771894 13.059584475319497 2.6448194370628456E-4 1.1775996417253078 3.273585210358607E-6
7.285186663379472 7891.298000000003 20.9013752766442 1.7620964294865793 0.0012456180710369894 13.090270253868674 2.652449048780722E-4 1.1740640716268473 3.2654989738931385E-6
7.285186663379472 7949.322250000002 21.033015638630374 1.7774870661584503 0.0012475572986614457 13.120882571685136 2.660100645032427E-4 1.1705521882357468 3.257505195802747E-6
7.285186663379472 8007.346500000002 21.164640846235706 1.7929221006437028 0.0012494871556881404 13.15141895409464 2.667774310499079E-4 1.1670623430516307 3.2495995467336733E-6
7.285186663379472 8065.370750000002 21.29625220166671 1.8084016609973004 0.0012514077077490275 13.18187737479453 2.675470130270074E-4 1.1635931131665587 3.241778202492128E-6
7.285186663379472 8123.395000000002 21.427850862068013 1.8239258757679326 0.0012533190210033264 13.209085904287758 2.683058133724979E-4 1.1590654134759923 3.2316519489460245E-6
7.285186663379472 8181.419250000003 21.55930923382362 1.839494119359512 0.0012552221614036468 13.236923883595336 2.690542910253404E-4 1.1549262241300648 3.2223032555191864E-6
7.285186663379472 8239.443500000003 21.690663561237383 1.8551057928055392 0.0012571181422339369 13.26656012444601 2.698042953726143E-4 1.1514399935539559 3.2143351387512933E-6
7.285186663379472 8297.467750000002 21.821986438344926 1.8707609846913131 0.0012590069440071828 13.296710642019939 2.7055583058140206E-4 1.1481319673232044 3.206740412231852E-6
7.285186663379472 8355.492000000002 21.953296778459684 1.8864597838439263 0.001260888550811681 13.327037125702587 2.713089008330856E-4 1.1449002067466774 3.199317814464299E-6
7.285186663379472 8413.516250000002 22.084601969291963 1.9022022793330906 0.0012627629501255244 13.357411115666318 2.720635103233422E-4 1.1417105036499173 3.1920031923113213E-6
7.285186663379472 8471.540500000003 22.215905532974713 1.9179885604719698 0.001264630132640257 13.387773656575876 2.7281966326221223E-4 1.1385484938005508 3.184770607920676E-6
7.285186663379472 8529.564750000003 22.347209371123846 1.9338187168180123 0.0012664900920932123 13.418094198210058 2.735773638742402E-4 1.1354072215407336 3.1776077961403E-6
7.285186663379472 8587.589000000004 22.478514603355755 1.9496928381737924 0.0012683428251080947 13.44835550725325 2.743366163984534E-4 1.1322829585212868 3.1705082222732794E-6
7.285186663379472 8645.613250000002 22.60982193271174 1.9656110145878498 0.0012701883310433587 13.478547241624387 2.7509742508840146E-4 1.1291735444656796 3.1634680372682704E-6
7.285186663379472 8703.637500000003 22.741131823276703 1.9815733363555357 0.0012720266118479951 13.508662903511876 2.758597942123203E-4 1.1260776463243312 3.1564847615231973E-6
7.285186663379472 8761.661750000003 22.87244459390964 1.9975798940198601 0.0012738576719243402 13.538698270670684 2.766237280530908E-4 1.122994396596994 3.149556662030811E-6
7.285186663379472 8819.686000000003 23.00376047100351 2.013630778372345 0.0012756815179975438 13.568650534217795 2.77389230908395E-4 1.119923203880636 3.14268243591228E-6
7.285186663379472 8877.710250000004 23.135079619775002 2.029726080453881 0.0012774981589913608 13.598517798765211 2.781563070906288E-4 1.1168636477899778 3.1358610400919395E-6
7.285186663379472 8935.734500000002 23.266402163640972 2.045865891555584 0.0012793076059099432 13.628298779426608 2.789249609271561E-4 1.1138154178369897 3.129091595148172E-6
7.285186663379472 8993.758750000003 23.397728196662445 2.062050303219662 0.001281109871725332 13.657992611112945 2.7969519676019136E-4 1.1107782764246075 3.1223733288047E-6
7.285186663379472 9051.783000000003 23.5290577917895 2.0782794072402746 0.0012829049712703557 13.687598724543411 2.8046701894702316E-4 1.1077520356511052 3.115705541546402E-6
7.285186663379472 9109.807250000003 23.66039100647314 2.0945532956644115 0.0012846929211366726 13.717116763338298 2.8124043185995067E-4 1.1047365423329283 3.10908758506086E-6
7.285186663379472 9167.831500000004 23.79172788657635 2.110872060792761 0.001286473739577695 13.746546527199287 2.8201543988636045E-4 1.1017316680743365 3.102518848351417E-6
7.285186663379472 9225.855750000002 23.92306846915704 2.127235795180587 0.0012882474464161514 13.775887932105693 2.8279204742887986E-4 1.0987373025293512 3.095998748578435E-6
7.285186663379472 9283.880000000001 24.054412784485383 2.143644591638612 0.0012900140629560617 13.805162421890952 2.8356200523418885E-4 1.0957598421134902 3.0894503100909936E-6
7.285186663379472 9341.904250000003 24.185757812818107 2.1600980643208225 0.0012917743778971932 13.834447888228734 2.8432548279325317E-4 1.09281909445228 3.0829149535047487E-6
7.285186663379472 9399.928500000004 24.31710303498837 2.176595837215789 0.0012935291586268238 13.863669983116678 2.8508969246229E-4 1.0898915499777808 3.0764219786680504E-6
7.285186663379472 9457.952750000004 24.448448481268475 2.193137952803644 0.001295278390321575 13.892829104286147 2.8585463518627634E-4 1.0869771767797995 3.069971096974574E-6
7.285186663379472 9515.977000000004 24.57979418858669 2.2097244536193514 0.0012970220602239555 13.921925658142662 2.8662031191159705E-4 1.084075959113446 3.063562067409515E-6
7.285186663379472 9574.001250000003 24.711140202465014 2.2263553822527875 0.001298760157550105 13.950960068681889 2.8738672358629005E-4 1.0811879031074314 3.057194710847125E-6
7.285186663379472 9632.025500000003 24.84248657967673 2.2430307813488395 0.001300492673401494 13.979932791930239 2.881538711599185E-4 1.078313045116154 3.0508689307277534E-6
7.285186663379472 9690.049750000004 24.973833391956596 2.2597506936074905 0.001302219600680403 14.008844339624288 2.8892175558359133E-4 1.0754514642077029 3.0445847436029696E-6
7.285186663379472 9748.074000000004 25.10518073128544 2.276515161783912 0.0013039409340089903 14.037695318736242 2.896903778099083E-4 1.07260330131643 3.0383423253857103E-6
7.285186663379472 9806.098250000005 25.236528717589607 2.2933242286885482 0.0013056566696518072 14.066486498906384 2.9045973879312885E-4 1.0697687894653638 3.032142083372236E-6
7.285186663379472 9864.122500000003 25.36787751025218 2.3101779371872153 0.001307366805441598 14.07574229399075 2.927730064389401E-4 1.0613549721357873 3.0302586555224076E-6
7.285186663379472 10154.24375 26.02464540557628 2.3951176077815375 0.001315833511806655 14.219635288260562 2.966420843408978E-4 1.0479267694287977 3.0007827679129944E-6
7.285186663379472 10444.365 26.68167347300995 2.4811797800931243 0.0013241606821581204 14.365976854540119 3.0051127327321265E-4 1.036024944281294 2.9747819272448184E-6
7.285186663379472 10734.48625 27.33971182262945 2.5683644863342403 0.0013323630243708526 14.508733897445245 3.043723373606427E-4 1.0235549725558815 2.947448004712604E-6
7.285186663379472 11024.6075 27.998182705801817 2.6566693693147316 0.0013404538453841417 14.651530297940557 3.0823895948228785E-4 1.0116859229840258 2.9215247219525962E-6
7.285186663379472 11314.72875 28.657285967599258 2.7460960415384323 0.0013484325113724428 14.795375136747504 3.121111511215866E-4 1.0006168984253507 2.8974133268775726E-6
7.285186663379472 11604.85 29.317367135115003 2.836646118840766 0.0013562989786728532 14.91747644536168 3.1792621772220133E-4 0.984587558021448 2.880345879784476E-6
7.285186663379472 12185.0925 30.64058363082345 3.021120422227441 0.0013717379828994758 15.202042841472425 3.256530391573184E-4 0.9640228187401114 2.8346524163346004E-6
7.285186663379472 12765.335 31.967650078516417 3.2100781558006806 0.0013868074854320055 15.484758926783314 3.3337006177521346E-4 0.944537053959955 2.7912610993223366E-6
7.285186663379472 13345.5775 33.29870450765587 3.403513633870285 0.0014015384228856646 15.767136224710505 3.410609959231028E-4 0.9263410050250798 2.7504860140037257E-6
7.285186663379472 13925.82 34.63423301978195 3.601411718797196 0.0014159553896731837 16.049980274362003 3.4874506585839103E-4 0.909398353354755 2.7123582347491252E-6
7.285186663379472 14506.0625 35.97487388949259 3.8037684276735337 0.0014300836120426687 16.330295945998543 3.5641386440157677E-4 0.8931201107410479 2.675652563272035E-6
7.285186663379472 15086.305 37.320469859615194 4.0105748993885655 0.0014439527258351761 16.611857355836502 3.640044812946232E-4 0.8779856082569667 2.6407984130195146E-6
7.285186663379472 15666.5475 38.67143563487121 4.221785769626161 0.0014575609447920836 16.81891556223485 3.7916001517038884E-4 0.8495209356348055 2.628802408319058E-6
7.285186663379472 17407.275 42.75621019145998 4.881800034933675 0.0014970563329046423 17.678030154906594 4.01615505661194E-4 0.8120191627397388 2.532224438018556E-6
7.285186663379472 19148.0025 46.89190253860553 5.58090319006452 0.001534793828056711 18.536791710399847 4.2372526047988686E-4 0.7791326678760259 2.444671533650433E-6
7.285186663379472 20888.73 51.07855820534583 6.318493403426522 0.0015710326625502323 19.3704234726419 4.490435263055752E-4 0.7454544252099531 2.372082216971195E-6
7.285186663379472 23209.7 56.738601428678464 7.360709956675973 0.0016173532120882534 20.925714474508236 4.469901554340149E-4 0.7618864385241032 2.233917974049467E-6
7.285186663379472 26110.9125 63.93654479675896 8.657523382998079 0.0016725271403750085 22.17208285851348 4.997421568650107E-4 0.6939175185163973 2.1468745209226735E-6
7.285186663379472 29012.125 71.26603995801794 10.10738157527181 0.0017251331747015492 23.730375348459745 5.289132530533924E-4 0.6669018158108838 2.040333018423656E-6
7.285186663379472 31913.3375 78.72136483235725 11.641871316445977 0.001775549052483783 25.30587662103847 5.578157118582466E-4 0.6427758428696516 1.944859439507087E-6
7.285186663379472 34814.55 86.29964248927782 13.26021323238552 0.001824068509627435 26.799903297978435 5.988603928538965E-4 0.6126329501824763 1.8791092545907615E-6
7.285186663379472 40616.975 101.80836986964957 16.73505574739079 0.0019162793133700245 30.082385130286017 6.509270093471915E-4 0.5799981651131094 1.722685352738477E-6
7.285186663379472 46419.4 117.76749689700829 20.512010899602167 0.002003127344378091 33.26752223243002 7.238849343756171E-4 0.5425520664912741 1.620502929280373E-6
7.285186663379472 58024.25 150.9715557730782 28.912586980291046 0.0021642701217659014 40.9890188085224 7.238849343756171E-4 0.5425520664912741 1.3152331720695844E-6
