#rho T p e s c^2 cv gamma alpha
0.0 293.0 0.0 2.3701504776374325 0.0018947458107300495 NaN 1.3301294431681597E-4 NaN NaN
7.287289999999999E-6 293.0 1.5321735194821274E-7 2.3701504776374325 0.0018947458107300495 0.03249955659084136 1.3301294431681597E-4 0.5506486104734521 309.2608648864859
1.457458E-5 293.0 3.056821237463799E-7 2.3697470438620103 0.0018467383549718344 0.032569600900216066 1.304514730845185E-4 0.5592881078890412 153.70078563172402
3.643645E-5 293.0 7.612679396703616E-7 2.369206302203045 0.001778893954955867 0.032665016464615795 1.2711744847639951E-4 0.5710498824777813 60.99023054735366
7.28729E-5 293.0 1.516743211349649E-6 2.3688100675705894 0.0017276531787958115 0.03264738296811891 1.248263908367358E-4 0.5793926413569589 30.399396530212247
1.457458E-4 293.0 3.0170628301629725E-6 2.3684084680389885 0.0016768923506531828 0.03242931981184929 1.2275858265587235E-4 0.5870862665909565 15.248246311618505
3.643645E-4 293.0 7.449804339767622E-6 2.3678021176492936 0.0016100194572584937 0.031926901607905234 1.2034004878040245E-4 0.5963379875977122 6.168929792941957
7.28729E-4 293.0 1.464023255270748E-5 2.3671910869086905 0.0015594270664866913 0.030922227858999396 1.187367697978363E-4 0.6026767854010119 3.175651703702432
0.001457458 293.0 2.835082844577926E-5 2.3662932591326227 0.0015092770724501748 0.028411748455339465 1.1734657867317115E-4 0.6083440349483314 1.7239540123137562
0.003643645 293.0 6.459363750986254E-5 2.3641597717632896 0.0014431394662866488 0.02334921167557528 1.1581384301844184E-4 0.6149643816629718 0.8371478302246125
0.00728729 293.0 1.0994708953489928E-4 2.3610784419105117 0.0013928784213286818 0.01692400895945211 1.148761219966203E-4 0.619445394834582 0.5769836350326634
0.010930935 293.0 1.3755906101603274E-4 2.358217761120512 0.0013636157000999933 0.008460237975978628 1.144254294705286E-4 0.6218582423810485 0.7694387513900366
0.018218225 293.0 1.4218311134465704E-4 2.352812918802855 0.001326930294802502 -0.005534751433621438 1.1396642163345696E-4 0.6247095093665798 -0.7060750188876912
0.02914916 293.0 2.8389218145583583E-5 2.3451350512197258 0.0012931021392359465 -0.024594416678703383 1.1365033885422285E-4 0.6273651550393062 -0.09945544337432814
0.04372374 293.0 -3.389692784131874E-4 2.3353600016584157 0.0012639459847054208 -0.054292507943640426 1.1346830454846078E-4 0.6296530768152058 -0.03009668680109675
0.0728729 293.0 -0.0017792615798645046 2.3167270517619376 0.0012271606270397274 -0.09960294475472392 1.1337080522292513E-4 0.632871417227188 -0.009885041155359717
0.10930935 293.0 -0.004845417397439397 2.2944764214082083 0.0011978396568516566 -0.16749995652270697 1.1341108656003902E-4 0.6360481962412143 -0.0039397941065393354
0.18218225 293.0 -0.014997012315338218 2.2520172909260276 0.001160719347332052 -0.27957898105648543 1.1364359423598968E-4 0.641764965477053 -0.0014318924083386237
0.2914916 293.0 -0.03978287475379777 2.19137103845076 0.0011260546434431436 -0.4318814652173099 1.1409507617680992E-4 0.6506693277582172 -5.897074674141817E-4
0.4372373999999999 293.0 -0.08978503622089527 2.1139878094782754 0.0010954884622637183 -0.6063093634968932 1.1476506316848599E-4 0.6644251809122735 -2.8763663869331316E-4
0.5829832 293.0 -0.15826693313981302 2.039285293114904 0.0010731709816327044 -0.7760479044516099 1.1549229565620468E-4 0.6809239923648337 -1.7382293571746333E-4
0.728729 293.0 -0.24443071781921152 1.9665832052411405 0.0010553510004139702 -0.9564034004066787 1.162807190568587E-4 0.700481617632111 -1.1686845083011073E-4
0.91091125 293.0 -0.3758656350587063 1.8779518610777228 0.0010367678955658824 -1.1599156674923674 1.1737139658516014E-4 0.7298403041340373 -8.107512643325966E-5
1.0930935 293.0 -0.5323173032917619 1.7914150328065692 0.0010207332335424905 -1.3620483390355258 1.1867601946958824E-4 0.7669904780886811 -6.113685736063812E-5
1.27527575 293.0 -0.7124112838149125 1.7066938254940978 0.0010062545221737607 -1.567217423764869 1.2041512132350401E-4 0.8160205931789488 -4.916417926880808E-5
1.457458 293.0 -0.9148815834004538 1.623595331396572 9.927070941386095E-4 -1.8196107048965589 1.2207932504815499E-4 0.8674590088246616 -3.993158505938499E-5
1.8218225 293.0 -1.3794775602026121 1.4621033179878202 9.677858389508819E-4 -2.1749491781556367 1.2434978859702736E-4 0.956268240955214 -3.0010249703432687E-5
2.186187 293.0 -1.9081217140402733 1.306886058062124 9.446774159108211E-4 -2.5122563955616615 1.275901087205047E-4 1.074270560885522 -2.4956254973716494E-5
2.5505515 293.0 -2.481858928817586 1.1580066857843947 9.220191684479608E-4 -2.8190288155893004 1.3180102892967763E-4 1.2188487265987287 -2.2342666155288867E-5
2.914916 293.0 -3.0768685829829447 1.015711290024043 8.98686944608691E-4 -3.0970106754228035 1.3645163241911873E-4 1.4019080000542832 -2.1189929084154263E-5
3.2792805 293.0 -3.6661234940281027 0.880481171482495 8.743763300116006E-4 -3.300544717127972 1.417385968099493E-4 1.585419391514076 -2.0761948390813802E-5
3.643645 293.0 -4.222908899710133 0.7528902993370572 8.488894578349095E-4 -3.4164155862645282 1.478062570654026E-4 1.7893618375898637 -2.1246345450174745E-5
4.0080095 293.0 -4.712098253715624 0.6335661254750274 8.220215617799004E-4 -3.390344851307404 1.546473392978283E-4 1.986265787409796 -2.2605139799846837E-5
4.372374 293.0 -5.096557783174476 0.523190899505752 7.936744094592343E-4 -3.1979736024040597 1.622430862433173E-4 2.1788368096331743 -2.528126058031648E-5
4.7367385 293.0 -5.33640519412738 0.42248866801081425 7.638434600873266E-4 -2.8008609937712197 1.7055184365054996E-4 2.358908464754115 -3.0324702049977394E-5
5.101102999999999 293.0 -5.388624787862725 0.3322163348337122 7.326150358985186E-4 -2.16367939066723 1.795065230170315E-4 2.5192130319691475 -4.09720909370902E-5
5.4654675 293.0 -5.207343190776656 0.2531566086437093 7.001639885439451E-4 -1.2554144530970075 1.8902034122994773E-4 2.6531960462348088 -7.30909226129635E-5
5.829832 293.0 -4.743698159261696 0.18611577012585162 6.667444082750814E-4 -0.45645851549908856 1.995476837568871E-4 2.7616363440194474 -2.0708842607242085E-4
6.012014249999999 293.0 -4.417470259844628 0.15650313400466717 6.470487016071002E-4 -2.044150160926915 3.6543400658612193E-4 3.8286699149917105 -1.1384765471382193E-4
6.194196499999999 293.0 -4.277361908705072 0.12129729414311298 5.987573613194707E-4 -3.094751439985921 4.5901167203652116E-4 4.490950483232616 -1.0753534769117355E-4
6.37637875 293.0 -4.276187732442453 0.08344527049273219 5.368985061050658E-4 -2.4470572083594506 4.022005572333139E-4 4.9927798484520824 -1.286965356190761E-4
6.558561 293.0 -4.111996293719048 0.05045856091876892 4.874862933574097E-4 2.8847554968756834 2.129170478737944E-4 2.503910560299884 2.81780980531228E-5
6.74074325 293.0 -3.300443075938446 0.030850410760893746 4.7291730501791175E-4 4.048119775797027 2.1261145494224433E-4 2.489337718227174 1.939587334833782E-5
6.922925499999999 293.0 -2.3408956843251945 0.0156524769920028 4.588480056290769E-4 4.9850226983534105 2.122811464388637E-4 2.471642547702814 1.5203384842948938E-5
6.995798399999999 293.0 -1.9167188619081232 0.010835716607520711 4.5335859534012876E-4 5.36635123436861 2.1214132572582132E-4 2.4636902299267534 1.3921787473067119E-5
7.030530695322939 293.0 -1.706888679944815 0.008798906615871648 4.507696075839672E-4 5.586315245444027 2.1207339395886427E-4 2.459717761795895 1.3281829938835584E-5
7.06526299064588 293.0 -1.4921218348686993 0.006927142860670543 4.4819848182285724E-4 5.809694535076795 2.1200485057435673E-4 2.45563737774705 1.2683187185157196E-5
7.099995285968819 293.0 -1.2723253218163444 0.0052209136705595885 4.456451606530956E-4 6.03645011517375 2.1193514844458124E-4 2.451446787132503 1.2122321072606641E-5
7.134727581291759 293.0 -1.0474076079821224 0.0036813531570829617 4.4310951568598633E-4 6.2666482541970305 2.1186426589517768E-4 2.4471432342506416 1.1595898050117789E-5
7.169459876614698 293.0 -0.8172749259819085 0.0023096058155428877 4.405914149051595E-4 6.500346438877629 2.1179218092717936E-4 2.442723863389244 1.1100980911614984E-5
7.204192171937639 293.0 -0.5818315681776105 0.0011068222579362786 4.380907227245824E-4 6.732555561257775 2.1171891819022379E-4 2.4381858458338326 1.0642930759069226E-5
7.238924467260579 293.0 -0.34115515024781223 7.211663382923617E-5 4.3560753896189385E-4 6.96411702127467 2.1164539485461555E-4 2.433536678515121 1.0216605270740465E-5
7.273656762583518 293.0 -0.09529202385788269 -7.950771099599976E-4 4.331419374052747E-4 7.199268561868413 2.1157067364761852E-4 2.428777815610113 9.813006312694115E-6
7.308389057906457 293.0 0.15586025759175937 -0.001493632487614971 4.306937771885634E-4 7.438091949485364 2.114947357648735E-4 2.4239058984147674 9.430443468309874E-6
7.343121353229398 293.0 0.412406856582875 -0.0020224128900870686 4.282629136825973E-4 7.678832109001174 2.1141756213615686E-4 2.4189174452705995 9.069560238014535E-6
7.377853648552339 293.0 0.6743918673673418 -0.0023809365465162673 4.2584928102017545E-4 7.917220400630242 2.113397536200641E-4 2.4138130402981353 8.733373919003813E-6
7.412585943875278 293.0 0.941711741373862 -0.002570283757486847 4.234530235252438E-4 8.157982763131306 2.1126100256518946E-4 2.408598541327557 8.414556489843984E-6
7.447318239198218 293.0 1.2144293400430721 -0.0025898388755205663 4.210740582832822E-4 8.401533708576851 2.1118101609539364E-4 2.403271900812902 8.111464972189443E-6
7.482050534521157 293.0 1.4926223039485822 -0.002438845390719868 4.187122801434212E-4 8.647581374226792 2.1109978439762885E-4 2.3978309045418107 7.823319167380626E-6
7.516782829844098 293.0 1.7763583816098587 -0.0021166356914669995 4.1636759603745757E-4 8.892482260110672 2.1101751119303967E-4 2.3922709455962052 7.552206419489564E-6
7.551515125167037 293.0 2.0655791802528314 -0.0016236867184355975 4.1404008352137353E-4 9.140942085727762 2.109344506944539E-4 2.3865802094144635 7.292870423408138E-6
7.586247420489976 293.0 2.3603916478762144 -9.59396749966636E-4 4.117296009199563E-4 9.390460297309652 2.1085019534304112E-4 2.3808337423944677 7.046755335657525E-6
7.620979715812916 293.0 2.660815082842834 -1.2362714983935649E-4 4.09436204652499E-4 9.642647430969301 2.107650762209866E-4 2.3750436096117618 6.811819709694676E-6
7.655712011135856 293.0 2.9669252686450283 8.840295375615341E-4 4.0715954045025376E-4 9.89688616022642 2.1067869062854942E-4 2.3692541670753116 6.587916726541248E-6
7.690444306458797 293.0 3.278775986928271 0.0020638079361099872 4.048994778718937E-4 10.150636935645919 2.1059167761504428E-4 2.3635217754825555 6.37611419236093E-6
7.725176601781737 293.0 3.5963320862769863 0.0034155208476564876 4.0265615194110563E-4 10.406982591917256 2.1050343209396026E-4 2.357822692643875 6.1735799921394164E-6
7.759908897104676 293.0 3.91966669513318 0.00493967969191674 4.0042914078588176E-4 10.66597486136473 2.1041390412935377E-4 2.3521567788651896 5.979756805129672E-6
7.794641192427616 293.0 4.2488544940941555 0.006636799554880006 3.9821801681030753E-4 10.926472921401707 2.1032307764611518E-4 2.3465241250654647 5.7947650182789186E-6
7.829373487750556 293.0 4.5839302825882795 0.008507131234470043 3.960225769637142E-4 11.184692968152277 2.102314782081055E-4 2.34092647237942 5.619975719407671E-6
7.864105783073495 293.0 4.924797569017583 0.010550058060616114 3.9384336829655596E-4 11.445393707569664 2.1013897262097385E-4 2.3353623759097877 5.4523132672409345E-6
7.898838078396435 293.0 5.271526680695243 0.012765996309755629 3.916799974381636E-4 11.709246009435146 2.1004516670800803E-4 2.329830391686647 5.2910864450018735E-6
7.933570373719376 293.0 5.624211041835154 0.015155497090904333 3.895319426456239E-4 11.976128165657064 2.0995004132564715E-4 2.3243305256110403 5.136044013864326E-6
7.968302669042315 293.0 5.9829393889318325 0.01771907751312144 3.873987116154917E-4 12.240736771896994 2.0985380470510298E-4 2.318863561763785 4.989059263384428E-6
8.003034964365256 293.0 6.347615837619177 0.020456251445422843 3.852808260498814E-4 12.50556898455625 2.09757059179224E-4 2.313430717709798 4.848583875117274E-6
8.037767259688195 293.0 6.718232661450427 0.023366951975321126 3.8317833444161353E-4 12.7730277340278 2.096589965845045E-4 2.30802879054751 4.713303904028711E-6
8.072499555011134 293.0 7.094866221760874 0.026451539922177254 3.810908206306845E-4 13.043159458139723 2.0955960243822304E-4 2.302657783325468 4.5829606790942114E-6
8.107231850334074 293.0 7.477594194313856 0.029710377106397255 3.790178655907276E-4 13.31601158778211 2.094588621847967E-4 2.2973177150788087 4.457312096616698E-6
8.141964145657013 293.0 7.866495597705009 0.03314382635290621 3.7695904741088306E-4 13.588908647589511 2.093567611954163E-4 2.292008621083651 4.337000510104793E-6
8.176696440979953 293.0 8.261556214249275 0.03675188329266173 3.7491443484491453E-4 13.85847044054044 2.0925418274979156E-4 2.286733253475406 4.222760790244478E-6
8.211428736302894 293.0 8.662644931004246 0.040534036554153836 3.7288472465512283E-4 14.13108570085511 2.0915054503783384E-4 2.281488547793847 4.112283387909348E-6
8.246161031625835 293.0 9.069854344986762 0.044490572806868536 3.7086942834966223E-4 14.407105672388596 2.0904555607571167E-4 2.276273531362958 4.005316456499312E-6
8.280893326948775 293.0 9.483288816231562 0.048621813477961344 3.6886800166535265E-4 9.011449162556154 2.0893919880791945E-4 2.271088271802642 6.358901714266953E-6
8.315625622271714 293.0 9.70594353636651 0.05451638006979818 3.7239006451041866E-4 0.4881987001585404 2.5863564882932664E-4 -1.0442450022613288 -6.652719969180016E-5
8.350357917594653 293.0 9.765232766186834 0.06176064565806195 3.804892591627839E-4 -4.831605701147721 3.451565422008053E-4 -4.769041209883921 4.0799102436494325E-5
8.385090212917593 293.0 9.791125562316335 0.06919960246051213 3.893056567696713E-4 -6.675557160763412 3.816999597149249E-4 -5.868797292669572 4.001989685828577E-5
8.419822508240532 293.0 9.797284864462 0.07670168131575542 3.9846451657251904E-4 -6.727395543238394 3.8185126260842936E-4 -5.7816571869538755 3.897594633073775E-5
8.454554803563472 293.0 9.797289261912661 0.08419362222401724 4.077238888114459E-4 -2.6000821534337635 3.8365978904775086E-4 -5.73214294429228 1.0004271785366994E-4
8.489287098886413 293.0 9.937692050201857 0.09043678249076342 4.1280482792380646E-4 3.967694819794906 3.497191569201527E-4 -4.854163251271153 -5.039927848579215E-5
8.524019394209352 293.0 10.272860580001266 0.09512679828934985 4.1226092613529E-4 8.149513800056406 2.674170115024476E-4 -1.7101075469467015 -6.583189035607725E-6
8.558751689532293 293.0 10.627493907488198 0.09983730568464663 4.1136944200252824E-4 14.228023504630682 2.106097837490221E-4 2.1721833037322145 3.7568167610428407E-6
8.593483984855233 293.0 11.027985064083117 0.10440740606222683 4.095180754486819E-4 14.47203577460407 2.105405039950205E-4 2.1648496648104136 3.6649200213500185E-6
8.628216280178172 293.0 11.434140791740221 0.10912946530304743 4.0768036033502007E-4 14.717802480193106 2.1047054201312536E-4 2.1575843312805216 3.5759802040939033E-6
8.662948575501112 293.0 11.846015958780297 0.11400354289248187 4.05855856234841E-4 14.965349337768524 2.1039989773177648E-4 2.150386113944998 3.489871015516049E-6
8.697680870824051 293.0 12.26366614444223 0.11902969834695529 4.040441217312732E-4 15.213680589660653 2.103285710794447E-4 2.143253831988189 3.4067017798724123E-6
8.73241316614699 293.0 12.687112162072022 0.1242080094764467 4.02244990299176E-4 15.454038159072256 2.1025703599737532E-4 2.1361874523737203 3.3282323806834043E-6
8.76714546146993 293.0 13.116070701350697 0.1295386709398707 4.004606915783299E-4 15.694032005422764 2.101855563184203E-4 2.129188567356952 3.252551995156902E-6
8.801877756792871 293.0 13.550525301077926 0.1350216079171758 3.986913484142003E-4 15.93621320835088 2.1011338893287232E-4 2.1222551362046667 3.1790024071570402E-6
8.83661005211581 293.0 13.990548511186125 0.14065667853812502 3.9693638365454164E-4 16.18062974358592 2.1004053628905227E-4 2.115385975141986 3.1075035140246107E-6
8.871342347438752 293.0 14.436214164164113 0.14644374110866246 3.9519522072161675E-4 16.427330326176747 2.0996700083000794E-4 2.1085799034500656 3.037979077409239E-6
8.906074642761691 293.0 14.887597403524463 0.15238265411063723 3.9346728361125405E-4 16.676364433342908 2.0989278499347882E-4 2.1018357428589503 2.9703564939588252E-6
8.940806938084632 293.0 15.34477471303278 0.15847327620153387 3.9175199689190927E-4 16.927782327813652 2.0981789121198708E-4 2.095152316930729 2.9045665821291376E-6
8.975539233407572 293.0 15.807823946722216 0.1647154662141965 3.900487857037256E-4 17.181635081671562 2.0974232191276417E-4 2.088528450439507 2.8405433838128993E-6
9.010271528730511 293.0 16.27682435971842 0.17110908315655968 3.883570757575969E-4 17.43797460072764 2.0966607951782135E-4 2.0819629687426704 2.778223979596784E-6
9.04500382405345 293.0 16.7518566399002 0.17765398621137574 3.866762933342329E-4 17.69685364943953 2.0958916644394501E-4 2.0754546971439347 2.7175483165664763E-6
9.07973611937639 293.0 17.23300294042269 0.18435003473594408 3.850058652832268E-4 17.956387135683702 2.0951158510268408E-4 2.069002460249768 2.658746079962578E-6
9.114468414699331 293.0 17.720279576215347 0.1911973421943718 3.833456879699718E-4 18.205208619624447 2.094341633926224E-4 2.0626073788374666 2.603377152021967E-6
9.14920071002227 293.0 18.21330809185068 0.19819744257229965 3.816984444358488E-4 18.452941572798473 2.093569663995781E-4 2.056271279811283 2.549876020481348E-6
9.18393300534521 293.0 18.712047307298896 0.20535041191780046 3.8006441817913883E-4 18.701875520810265 2.0927907698442146E-4 2.0499917127780365 2.4978367306066087E-6
9.218665300668151 293.0 19.216536177495566 0.2126560020167808 3.784433202292405E-4 18.952024205351442 2.0920049848381376E-4 2.043767849533482 2.4472065601279885E-6
9.253397595991093 293.0 19.726814012486283 0.22011396519222462 3.7683486263109296E-4 19.203401452262433 2.0912123422240823E-4 2.037598870872841 2.3979351870104056E-6
9.288129891314032 293.0 20.242920481482447 0.22772405430274154 3.7523875844171613E-4 19.45602117261726 2.0904128751288376E-4 2.031483966353084 2.3499745565486033E-6
9.322862186636971 293.0 20.764895616972662 0.23548602274112151 3.736547217267688E-4 19.709897363817145 2.0896066165601915E-4 2.0254223340553925 2.3032787571375975E-6
9.35759448195991 293.0 21.292779818890725 0.24339962443288995 3.7208246755711404E-4 19.965044110691856 2.0887935994070564E-4 2.0194131803550985 2.257803904073685E-6
9.392326777282852 293.0 21.826613858841153 0.2514646138348717 3.7052171200540224E-4 20.221475586607536 2.0879738564403105E-4 2.0134557196923897 2.213508030782787E-6
9.427059072605791 293.0 22.366438884383054 0.25968074593375595 3.6897217214266375E-4 20.479206054585145 2.0871474203127893E-4 2.007549174349002 2.170350986933151E-6
9.46179136792873 293.0 22.91229642337365 0.26804777624466974 3.674335660349144E-4 20.738249868423257 2.0863143235600346E-4 2.0016927742270187 2.128294342929103E-6
9.496523663251672 293.0 23.464228388371918 0.276565460809754 3.65905612739775E-4 20.998621473828262 2.0854745986006778E-4 1.9958857566313737 2.0873013003260344E-6
9.531255958574611 293.0 24.02227708110352 0.28523355619674157 3.643880323031017E-4 21.260335409552297 2.0846282777368434E-4 1.9901273660561052 2.047336607744451E-6
9.565988253897553 293.0 24.586485196988395 0.29405181949754694 3.6288054575563003E-4 21.523406308538675 2.0837753931545608E-4 1.9844168539734641 2.0083664818936456E-6
9.600720549220492 293.0 25.156895829731265 0.3030200083268507 3.613828751096279E-4 21.78784889906946 2.0829159769243056E-4 1.978753478625823 1.9703585333481327E-6
9.635452844543432 293.0 25.733552475976943 0.3121378808206996 3.5989474335556914E-4 22.053678005922674 2.0820500610012826E-4 1.9731365048209522 1.933281696747109E-6
9.670185139866373 293.0 26.31649904003079 0.3214051956351024 3.584158744588093E-4 22.320908551535606 2.0811776772261154E-4 1.9675652037301494 1.8971061651139933E-6
9.704917435189312 293.0 26.905779838645763 0.3308217119446318 3.5694599335627945E-4 22.589555557169362 2.0802988573248926E-4 1.9620388526889234 1.8618033280152776E-6
9.739649730512252 293.0 27.501439605877202 0.34038718944103696 3.554848259531917E-4 22.85963414408171 2.0794136329100503E-4 1.9565567349997872 1.8273457133006537E-6
9.774382025835193 293.0 28.103523498006208 0.35010138833185195 3.540320991197523E-4 23.13115953470759 2.0785220354803578E-4 1.9511181397391706 1.7937069321860974E-6
9.809114321158132 293.0 28.712077098532873 0.3599640693390141 3.525875406878988E-4 23.404147053836333 2.0776240964216528E-4 1.945722361565138 1.7608616274583805E-6
9.843846616481072 293.0 29.32714642324072 0.36997499369748593 3.5115087944803046E-4 23.674844943287354 2.0767198470071993E-4 1.9403687005276522 1.729060512232561E-6
9.878578911804011 293.0 29.948647082298656 0.3801349743279895 3.4972265720072576E-4 23.93380442857167 2.0758229848240588E-4 1.9350608854124989 1.6989427301261329E-6
9.913311207126952 293.0 30.576166835786886 0.39044736207517433 3.4830547142591066E-4 24.192833888473444 2.0749268285784065E-4 1.9297989763246892 1.6695882288327612E-6
9.948043502449893 293.0 31.209706463715097 0.4009120117606695 3.4689929915379203E-4 24.453053414973425 2.0740238453570406E-4 1.9245805007088412 1.6408884356398327E-6
9.982775797772833 293.0 31.84930596093264 0.41152845453137343 3.4550386811271267E-4 24.714477331629805 2.0731140953104973E-4 1.9194048267162138 1.6128242296905133E-6
10.01750809309577 293.0 32.49500567736575 0.42229622345716944 3.4411890797515733E-4 24.977120018666454 2.072197638182285E-4 1.9142713287360322 1.5853771936850771E-6
10.05224038841871 293.0 33.14684632196667 0.4332148535210744 3.4274415034420076E-4 25.240995914691094 2.0712745333118066E-4 1.909179387231294 1.5585295823477735E-6
10.08697268374165 293.0 33.80486896671577 0.44428388160945037 3.413793287400714E-4 25.50611951838937 2.070344839636878E-4 1.904128388578269 1.5322642925658055E-6
10.12170497906459 293.0 34.46911505067734 0.45550284650227796 3.400241785868024E-4 25.772505390212235 2.069408615697234E-4 1.8991177249050697 1.5065648350944835E-6
10.15643727438753 293.0 35.139626384109775 0.46687128886348717 3.3867843719899573E-4 26.040168154055124 2.0684659196365822E-4 1.8941467939366103 1.4814153077378742E-6
10.19116956971047 293.0 35.816445152631175 0.47838875123134766 3.3734184376867674E-4 26.309122498941285 2.0675168092060934E-4 1.8892149988399185 1.4568003699129926E-6
10.22590186503341 293.0 36.49961392144119 0.49005477800891883 3.3601413935225037E-4 26.579383180675894 2.0665613417668148E-4 1.8843217480703247 1.4327052185157447E-6
10.26063416035635 293.0 37.18917563959975 0.5018689154545549 3.346950668575553E-4 26.85096502351295 2.065599574292458E-4 1.8794664552217801 1.4091155650129232E-6
10.29536645567929 293.0 37.885173644364336 0.5138307116724753 3.333843710310145E-4 27.1238829218019 2.0646315633723503E-4 1.8746485388797716 1.3860176136889893E-6
10.33009875100223 293.0 38.5876516655855 0.5259397166033831 3.320817984448832E-4 27.398151841638636 2.0636573652140885E-4 1.8698674224728766 1.3633980409760691E-6
10.36483104632517 293.0 39.29665383016273 0.5381954820151471 3.3078709748458716E-4 27.673786822500343 2.0626770356460243E-4 1.8651225341303 1.3412439758113423E-6
10.39956334164811 293.0 40.01222466656111 0.55059756149354 3.295000183361633E-4 27.950802978878226 2.0616906301203835E-4 1.8604133065380895 1.319542980957652E-6
10.43429563697105 293.0 40.73440910938951 0.5631455104330299 3.282203129737876E-4 28.229215501912527 2.060698203715408E-4 1.8557391767989808 1.2982830352351085E-6
10.46902793229399 293.0 41.46325250404178 0.5758388860276297 3.269477351473985E-4 28.509039661001452 2.059699811138532E-4 1.8510995862930943 1.2774525166131286E-6
10.50376022761693 293.0 42.19880061140167 0.5886772472618028 3.256820403704124E-4 28.790290805428178 2.0586955067284827E-4 1.8464939805407978 1.2570401861124863E-6
10.53849252293987 293.0 42.941099612612454 0.6016601549014201 3.2442298590753063E-4 29.07298436597674 2.0576853444584833E-4 1.841921809066197 1.2370351724742517E-6
10.57322481826281 293.0 43.69019611391271 0.6147871714847778 3.2317033076263593E-4 29.357135856525897 2.056669377938175E-4 1.8373825252636937 1.2174269575541343E-6
10.60795711358575 293.0 44.44613715153873 0.6280578613136651 3.2192383566678246E-4 29.637121697781332 2.0556476604166113E-4 1.8328755862650998 1.1984333498971089E-6
10.64268940890869 293.0 45.20877433510343 0.6414742938405842 3.206843431243448E-4 29.90741778542567 2.0546350963248727E-4 1.8284065932105293 1.1802586045600725E-6
10.67742170423163 293.0 45.97776756738698 0.6550408210084617 3.1945375405890373E-4 30.17843042263102 2.053619367796823E-4 1.8239728251780316 1.1624526483130433E-6
10.71215399955457 293.0 46.7531406550206 0.6687569602917846 3.1823191564354437E-4 29.22673908473694 2.0525971528051652E-4 1.8195726961802898 1.1929327551196588E-6
10.74688629487751 293.0 47.49242532278472 0.6826852380056818 3.1718718337067224E-4 23.523124335432318 2.0713652028983416E-4 1.1991660371216029 9.825583212828915E-7
10.78161859020045 293.0 48.12537950848039 0.6968700371397667 3.1657012796026913E-4 22.28250773269456 2.0757292323616167E-4 0.8978975246919282 7.757994113074757E-7
10.81635088552339 293.0 48.76009854898796 0.7111156910782702 3.1595037821016816E-4 22.645593122588643 2.0696230617566733E-4 0.9333009603940446 7.885849789564053E-7
10.85108318084633 293.0 49.40050210468524 0.7254164756627214 3.153147549432897E-4 26.70543566755786 2.0636893168327406E-4 0.9690301346256981 6.900949332163819E-7
10.88581547616927 293.0 50.17481839176122 0.739717180561107 3.141978768053372E-4 32.05660323129416 2.0490479896735018E-4 1.8734734149605479 1.100072211640066E-6
10.92054777149221 293.0 50.98829750303264 0.7541416578614877 3.1297400454458654E-4 32.34184609795592 2.047965066007228E-4 1.8692702943352828 1.0838905240452015E-6
10.95528006681515 293.0 51.808472127861954 0.7687123357436674 3.1175766962922833E-4 32.62823773177796 2.0468753550450787E-4 1.8650959446239725 1.0680103766263702E-6
10.99001236213809 293.0 52.63537989366251 0.7834286788352172 3.105486793023298E-4 32.91578901393615 2.0457789202820288E-4 1.8609499868709747 1.0524245008964861E-6
11.02474465746103 293.0 53.469058710321306 0.7982901543744968 3.0934684247728233E-4 33.20451086860403 2.0446758247149886E-4 1.856832046157894 1.0371258480148345E-6
11.05947695278397 293.0 54.30954677285456 0.8132962321947603 3.0815196972360117E-4 33.494414264038134 2.043566130847118E-4 1.8527417515211382 1.0221075807266665E-6
11.09420924810691 293.0 55.156882564093536 0.8284463847083763 3.069638732528499E-4 33.785510213676176 2.042449900691963E-4 1.848678735872576 1.0073630656524678E-6
11.12894154342985 293.0 56.011104857400646 0.8437400868911645 3.0578236690470437E-4 34.07780977721557 2.041327195777503E-4 1.8446426359214616 9.928858659094622E-7
11.16367383875279 293.0 56.872252719416345 0.8591768162668443 3.0460726613312783E-4 34.371324061712784 2.040198077150285E-4 1.840633092097023 9.786697340474332E-7
11.19840613407573 293.0 57.74036551283731 0.8747560528915989 3.0343838799269353E-4 34.66606422267645 2.0390626053794108E-4 1.8366497484733266 9.647086052849593E-7
11.23313842939867 293.0 58.6154828992263 0.8904772793387498 3.0227555112501245E-4 34.96204146512918 2.0379208405606737E-4 1.8326922526936842 9.509965910307464E-7
11.26787072472161 293.0 59.49764484185387 0.9063399806835403 3.0111857574529835E-4 35.259267044724595 2.0367728423201537E-4 1.8287602558988887 9.375279726757233E-7
11.30260302004455 293.0 60.3868916085729 0.9223436444880364 2.9996728362904814E-4 35.557752268819016 2.0356186698183848E-4 1.8248534126538014 9.24297195643322E-7
11.33733531536749 293.0 61.28326377472584 0.9384877607861287 2.988214980988497E-4 35.85750849754516 2.03445838175437E-4 1.8209713808767818 9.112988636862022E-7
11.37206761069043 293.0 62.18680222608522 0.9547718220686484 2.9768104401130426E-4 36.15548787562426 2.0332920363690587E-4 1.8171138217699185 8.98603761661137E-7
11.40679990601337 293.0 63.09744190638375 0.9711996414874894 2.96546938534355E-4 36.450582289952116 2.0321369040680927E-4 1.8132888474040956 8.862406358595113E-7
11.4415322013363 293.0 64.01507815377461 0.9877750983829283 2.954202778664386E-4 36.74538942492166 2.030975025851759E-4 1.8094894178044676 8.741250963571237E-7
11.47626449665924 293.0 64.93969849066374 1.0044974654033891 2.943008996628489E-4 37.03990465036832 2.0298062859871752E-4 1.8057151241384246 8.622504300978993E-7
11.51099679198219 293.0 65.87129047840403 1.021366019310535 2.931886431726799E-4 37.33412363818366 2.0286307688866645E-4 1.8019656486003048 8.506102694350102E-7
11.54572908730512 293.0 66.80984170786826 1.038380041605583 2.9208334947353453E-4 37.62804215372254 2.0274485580785116E-4 1.7982406777396363 8.391984568638073E-7
11.58046138262806 293.0 67.75533979936188 1.0555388184905499 2.9098486145055785E-4 37.921656053631715 2.0262597362166745E-4 1.794539902387909 8.280090367037671E-7
11.615193677951 293.0 68.70777240253571 1.0728416408298669 2.8989302377575887E-4 38.214961283458486 2.0250643850894154E-4 1.7908630175872005 8.17036247170126E-7
11.64992597327394 293.0 69.66712719629896 1.0902878041123742 2.8880768288756196E-4 38.507953875513394 2.0238625856300308E-4 1.787209722518959 8.062745128046546E-7
11.68465826859688 293.0 70.63339188873272 1.1078766084136897 2.877286869706154E-4 38.80062994670768 2.0226544179269222E-4 1.7835797204332215 7.957184372519297E-7
11.71939056391982 293.0 71.60655421700365 1.1256073583589377 2.866558859358869E-4 39.09298569646927 2.0214399612321072E-4 1.7799727185830672 7.853627963626787E-7
11.75412285924276 293.0 72.58660194727798 1.1434793630858455 2.8558913140093564E-4 39.385017404724614 2.0202192939697326E-4 1.7763884281581683 7.752025316055E-7
11.7888551545657 293.0 73.57352287463597 1.1614919362082015 2.845282766705102E-4 39.67672142989113 2.0189924937482413E-4 1.7728265642158574 7.652327437729543E-7
11.82358744988864 293.0 74.56730482298619 1.1796443957796516 2.834731767173031E-4 39.96809420697861 2.017759637366068E-4 1.769286845621489 7.554486869663274E-7
11.85831974521158 293.0 75.5679356449809 1.197936064257874 2.824236881630273E-4 40.25913224569023 2.0165208008233882E-4 1.7657689949828366 7.458457628452689E-7
11.89305204053452 293.0 76.57540322193103 1.2163662684690728 2.813796692596499E-4 40.54983212861914 2.0152760593285308E-4 1.7622727385911063 7.364195151282584E-7
11.92778433585746 293.0 77.58969546372171 1.2349343395728332 2.8034097987092075E-4 40.84019050942824 2.0140254873091885E-4 1.7587978063572314 7.271656243324256E-7
11.9625166311804 293.0 78.61080030872816 1.2536396130273044 2.793074814540692E-4 41.130204111154164 2.0127691584196107E-4 1.7553439317556407 7.180799027401336E-7
11.99724892650334 293.0 79.63870572373193 1.2724814285547277 2.7827903704177653E-4 41.419869724487 2.0115071455491752E-4 1.751910851764503 7.091582895812335E-7
12.03198122182628 293.0 80.67339970383699 1.2914591301072798 2.772555112243364E-4 41.70918420614491 2.0102395208309004E-4 1.7484983068105544 7.003968464211038E-7
12.06671351714922 293.0 81.7148702723868 1.3105720658332682 2.762367701320653E-4 41.99814447724656 2.008966355651635E-4 1.7451060407104313 6.917917527434861E-7
12.10144581247216 293.0 82.76310548088124 1.3298195880436248 2.7522268141786814E-4 42.28680396183593 2.0076877206563748E-4 1.7417338006200036 6.833383896683228E-7
12.1361781077951 293.0 83.81809536918655 1.3492012084043161 2.742131378755208E-4 42.57797865862359 2.0064059596671497E-4 1.738382639288634 6.749897903882434E-7
12.17091040311804 293.0 84.8799275917353 1.3687239368037822 2.732092154612439E-4 42.870511871656014 2.0051301090534969E-4 1.7350585917503436 6.667683386499683E-7
12.20564269844098 293.0 85.94864773330323 1.3883910727917188 2.72211457515246E-4 43.16277906394796 2.0038478172203642E-4 1.7317551099019437 6.586901390617399E-7
12.24037499376392 293.0 87.02424629367431 1.4082015573110753 2.7121973154811446E-4 43.45477736040268 2.0025591836117182E-4 1.7284719430315316 6.507518962685102E-7
12.27510728908686 293.0 88.10671379009518 1.4281543416354314 2.702339071912975E-4 43.74650394274283 2.001264306191475E-4 1.7252088441014557 6.429504092739511E-7
12.3098395844098 293.0 89.19604075723542 1.4482483872433487 2.6925385616151506E-4 44.03795604821899 1.9999632814708345E-4 1.7219655696763674 6.352825682052472E-7
12.34457187973273 293.0 90.29221774714752 1.4684826656945364 2.6827945222578623E-4 44.329130968332684 1.9986562045297993E-4 1.718741879861446 6.277453512087658E-7
12.37930417505568 293.0 91.39523532922692 1.488856158507833 2.673105711671588E-4 44.62002604777003 1.997343169042531E-4 1.7155375382344538 6.203358214649544E-7
12.41403647037862 293.0 92.50508409017218 1.509367857040931 2.6634709075101147E-4 44.910638683088926 1.996024267296832E-4 1.7123523117871713 6.13051124326136E-7
12.44876876570155 293.0 93.62175463394551 1.5300167623718701 2.6538889069201605E-4 45.20096632160909 1.994699590221359E-4 1.7091859708589738 6.058884845633209E-7
12.48350106102449 293.0 94.74523758173305 1.5508018851822136 2.6443585262167437E-4 45.491006460398395 1.9933692274033064E-4 1.706038289080208 5.988452037197775E-7
12.51823335634743 293.0 95.87552357190552 1.5717222456419206 2.6348786005648173E-4 45.78075664506573 1.992033267111604E-4 1.7029090433127076 5.919186575705183E-7
12.55296565167037 293.0 97.01260325997877 1.5927768732958651 2.62544798366624E-4 46.07021446875259 1.9906917963195757E-4 1.6997980135902975 5.851062936769626E-7
12.58769794699331 293.0 98.15646731857464 1.613964806951982 2.6160655474530953E-4 46.359377571105405 1.989344900723881E-4 1.6967049830643055 5.784056290363045E-7
12.62243024231625 293.0 99.30710643738176 1.6352850945710056 2.6067301817859253E-4 46.64824363725065 1.9879926647653164E-4 1.6936297379472856 5.718142478204276E-7
12.65716253763919 293.0 100.46451132311681 1.6567367931577917 2.597440794157833E-4 46.93681039679492 1.9866351716497934E-4 1.6905720674586657 5.653297992009464E-7
12.69189483296213 293.0 101.62867269948498 1.6783189686541613 2.58819630940394E-4 47.225075622920016 1.9852725033672825E-4 1.6875317637741818 5.589499952558091E-7
12.72662712828507 293.0 102.79958130714171 1.7000306958332951 2.578995669415801E-4 47.51303713136492 1.983904740711593E-4 1.6845086219682384 5.526726089536691E-7
12.76135942360801 293.0 103.97722790365405 1.7218710581955963 2.569837832861263E-4 47.80069277959343 1.9825319632999153E-4 1.6815024399729497 5.464954722166311E-7
12.79609171893095 293.0 105.16160326346174 1.7438391478660349 2.560721774909289E-4 48.088040465834 1.9811542495892442E-4 1.6785130185186774 5.404164740494809E-7
12.83082401425389 293.0 106.3526981778387 1.7659340654929387 2.5516464869597215E-4 48.37507812820635 1.979771676899038E-4 1.675540161086937 5.344335587426176E-7
12.86555630957683 293.0 107.55050345485499 1.7881549201481992 2.542610976377826E-4 48.66146959949892 1.9783843214242865E-4 1.6725836738699857 5.285483535053919E-7
12.90028860489977 293.0 108.75499831373503 1.8105015491407193 2.5336150767442633E-4 48.943594821324 1.9769956660688025E-4 1.6696461426083247 5.22799140518922E-7
12.93502090022271 293.0 109.9660355654882 1.8329825519519007 2.524668476909513E-4 49.2253316471619 1.975608430092517E-4 1.6667309052994668 5.171429082824551E-7
12.96975319554565 293.0 111.18360234739691 1.8555999530801666 2.5157734439807907E-4 49.50809079777104 1.9742154095246786E-4 1.6638325053793301 5.11559614479394E-7
13.00448549086859 293.0 112.40773640756687 1.878352834642998 2.506928936998741E-4 49.79188464031817 1.9728167020218162E-4 1.6609507429325756 5.060480433975516E-7
13.03921778619153 293.0 113.63847578563505 1.9012402869752159 2.498133930382538E-4 50.07672558691133 1.9714124038421106E-4 1.6580854211504326 5.006070054936562E-7
13.07395008151447 293.0 114.87585881558957 1.92426140853722 2.489387413692281E-4 50.362626096608984 1.9700026098651155E-4 1.655236346289152 4.95235336694502E-7
13.10868237683741 293.0 116.11992412862175 1.947415305824464 2.480688391395205E-4 50.64959867739389 1.9685874136138163E-4 1.652403327617358 4.899318977179156E-7
13.14341467216035 293.0 117.37071065601252 1.97070109327814 2.47203588263624E-4 50.937655888185745 1.967166907276091E-4 1.6495861773764169 4.846955734185059E-7
13.17814696748329 293.0 118.62825763205157 1.9941178931970478 2.463428921011848E-4 51.22681034077297 1.9657411817241294E-4 1.6467847107295266 4.795252721509231E-7
13.21287926280623 293.0 119.89260459699159 2.0176648356506424 2.454866554348317E-4 51.517074701845104 1.9643103265346365E-4 1.6439987457256855 4.74419925156597E-7
13.24761155812917 293.0 121.1637914000361 2.04134105839322 2.446347844483295E-4 51.80846169494721 1.9628744300083113E-4 1.6412281032526141 4.693784859669028E-7
13.28234385345211 293.0 122.441858202363 2.065145706779252 2.4378718670514665E-4 52.10098410248892 1.961433579190769E-4 1.6384726069997713 4.6439992982752203E-7
13.31707614877505 293.0 123.7268454801836 2.0890779336798238 2.4294377112731881E-4 52.39465476769717 1.9599878598895642E-4 1.63573208341388 4.594832531379742E-7
13.35180844409799 293.0 125.01879402783777 2.113136899400191 2.421044479747361E-4 52.689486596656295 1.9585373566940908E-4 1.6330063616637285 4.546274729108285E-7
13.38654073942092 293.0 126.31774496092548 2.1373217715983985 2.4126912882474662E-4 52.98549256020061 1.9570821529938062E-4 1.6302952735990097 4.4983162624661245E-7
13.42127303474386 293.0 127.62373971947574 2.1616317252049804 2.4043772655208098E-4 53.282685696055694 1.955622330995734E-4 1.6275986537160587 4.450947698242438E-7
13.4560053300668 293.0 128.93682007115223 2.1860659423437023 2.3961015530915374E-4 53.58107911073646 1.9541579717434053E-4 1.624916339121928 4.40415979408778E-7
13.49073762538974 293.0 130.2570281144984 2.2106236122533396 2.3878633050663432E-4 53.88068598152773 1.952689155134124E-4 1.6222481694926505 4.357943493712562E-7
13.52546992071268 293.0 131.58440628221976 2.235303931210478 2.3796616879444198E-4 54.18151955862359 1.9512159599340706E-4 1.6195939870481628 4.3122899222562176E-7
13.56020221603562 293.0 132.9189973445069 2.260106102453315 2.3714958804291528E-4 54.48359316699649 1.9497384637991627E-4 1.6169536365116932 4.2671903817869865E-7
13.59493451135856 293.0 134.26084441239632 2.2850293361064415 2.3633650732442712E-4 54.786920208551564 1.948256743288004E-4 1.6143269650809096 4.222636346925864E-7
13.6296668066815 293.0 135.60999094117378 2.310072849106616 2.3552684689522092E-4 55.089445045231955 1.946770873881304E-4 1.6117138223928678 4.178776406472281E-7
13.66439910200444 293.0 136.96640886857008 2.335237519411322 2.3472068102883817E-4 55.38089856413859 1.945284210086604E-4 1.6091183132654545 4.1363806996997806E-7
13.69913139732738 293.0 138.32971215596334 2.360532309344204 2.3391882648783323E-4 55.67133765607807 1.9437957689261634E-4 1.6065408834351225 4.0946588748452734E-7
13.73386369265032 293.0 139.69986545278647 2.385957807416617 2.3312134347817153E-4 55.96273627791231 1.9423020757800393E-4 1.6039773693591333 4.053436156291039E-7
13.76859598797326 293.0 141.076903531409 2.411512975239882 2.3232814662476492E-4 56.25510424977301 1.9408032499518833E-4 1.6014276095019657 4.0127049900785687E-7
13.8033282832962 293.0 142.46086139995006 2.4371967853953342 2.3153915198036458E-4 56.54845143226352 1.9392994086653276E-4 1.5988914457151202 3.972457968650243E-7
13.83806057861914 293.0 143.85177430428007 2.4630082212898503 2.3075427699999467E-4 56.8427877279787 1.9377906671057065E-4 1.5963687231845736 3.9326878273427873E-7
13.87279287394208 293.0 145.2496777300426 2.4889462770136346 2.299734405158016E-4 57.13812308305563 1.9362771384537429E-4 1.5938592903866893 3.8933874409822767E-7
13.90752516926502 293.0 146.6546074046966 2.515009957200251 2.2919656271247441E-4 57.43446748862049 1.9347589339251112E-4 1.5913629990299425 3.8545498205594284E-7
13.94225746458796 293.0 148.0665992995797 2.5411982768888564 2.2842356510311692E-4 57.73183098232299 1.9332361628058046E-4 1.5888797040088034 3.816168110013344E-7
13.9769897599109 293.0 149.48568963199295 2.5675102613885636 2.276543705056004E-4 58.030223649853916 1.9317089324851017E-4 1.5864092633613567 3.7782355831103857E-7
14.01172205523384 293.0 150.9119148673061 2.5939449461449433 2.2688890301938907E-4 58.226432263344876 1.9301773484927328E-4 1.5839515382138425 3.7473772049626704E-7
14.04645435055678 293.0 152.34172653675603 2.620497639751182 2.261122009693153E-4 59.06862145681453 1.9358950044291032E-4 1.8315002889666807 4.2733183047614107E-7
14.08118664587972 293.0 153.70340502721564 2.6470803412594788 2.250140122834898E-4 84.02669369843841 2.041414385549698E-4 4.88485057404521 8.428027110482393E-7
14.11591894120266 293.0 154.7698960560046 2.6733540573562036 2.2252409403595633E-4 83.85087041855061 2.0477498013434835E-4 4.8485005803450125 8.388177529390568E-7
14.1506512365256 293.0 155.83586121862606 2.6996382005296113 2.200599633204037E-4 83.14061429563795 2.0409091785103135E-4 4.5185485690001626 7.838500264094337E-7
14.18538353184854 293.0 156.9952085228292 2.72607555090545 2.1802044850390717E-4 58.56910133182802 1.91180388917985E-4 1.515220913119975 3.4866604370358697E-7
14.22011582717148 293.0 158.44700306815963 2.7530347577956262 2.173063026509386E-4 58.868391495929245 1.9102366148762178E-4 1.51285923897374 3.452235258286539E-7
14.25484812249442 293.0 159.9061562969596 2.780108232285761 2.1659528232587783E-4 59.16880509847329 1.9086661748120753E-4 1.5105098269070334 3.418205264160621E-7
14.28958041781735 293.0 161.3727068730371 2.8072951340198813 2.1588732119791747E-4 59.47035255341658 1.9070926464267074E-4 1.5081725413496962 3.3845647819837756E-7
14.32431271314029 293.0 162.84669373153727 2.83459463086215 2.151823540015777E-4 59.773044328734244 1.9055161058730236E-4 1.505847248938301 3.3513082419329777E-7
14.35904500846323 293.0 164.32815608132702 2.862005898796601 2.1448031651870642E-4 60.07689094756268 1.9039366280394974E-4 1.503533818483522 3.318430174755572E-7
14.39377730378617 293.0 165.81713340740393 2.8895281218283317 2.1378114556083654E-4 60.37761518045768 1.9023542865741444E-4 1.50123212093714 3.2861585645656504E-7
14.42850959910911 293.0 167.31351654787727 2.9171632173970186 2.1308504498149524E-4 60.66609498096719 1.900769575546797E-4 1.498947546656936 3.25498052211733E-7
14.46324189443205 293.0 168.81687773803444 2.9449190126657725 2.1239275794841545E-4 60.955002547803495 1.899181030036212E-4 1.4966779574251772 3.224183289413219E-7
14.49797418975499 293.0 170.32723170721286 2.9727953108418173 2.1170424558193237E-4 61.245332377001155 1.89758833724267E-4 1.4944206693384698 3.1937031745523915E-7
14.53270648507793 293.0 171.84462872114 3.000791282014466 2.1101941170401805E-4 61.53710221485966 1.8959916528826217E-4 1.4921755069382647 3.163536024947792E-7
14.56743878040087 293.0 173.36911952846168 3.0289061038764173 2.103381616432194E-4 61.83032996327022 1.8943911300832239E-4 1.4899422984839923 3.133677760510467E-7
14.60217107572381 293.0 174.90075536655792 3.057138961636918 2.0966040221051218E-4 62.12503368344444 1.8927869194247792E-4 1.4877208759125296 3.1041243720747425E-7
14.63690337104675 293.0 176.43958796743868 3.0854890479360515 2.0898604167556435E-4 62.42123159966624 1.891179168982816E-4 1.4855110747866744 3.0748719198407894E-7
14.67163566636969 293.0 177.98566956372736 3.113955562760216 2.0831498974336436E-4 62.71894210305516 1.88956802436753E-4 1.483312734245586 3.0459165318581993E-7
14.70636796169263 293.0 179.53905289473198 3.1425377133587715 2.076471575313454E-4 63.018183755482596 1.887953628767065E-4 1.4811256969728164 3.0172544025847615E-7
14.74110025701557 293.0 181.09979121260258 3.171234714161794 2.0698245754687168E-4 63.31897529339535 1.8863361229856342E-4 1.4789498091424083 2.9888817914350237E-7
14.77583255233851 293.0 182.66793828858164 3.2000457866989627 2.063208036650415E-4 63.62133563175063 1.8847156454835636E-4 1.4767849203859824 2.960795021407653E-7
14.81056484766145 293.0 184.24354841934323 3.228970159519535 2.0566211110701333E-4 63.925283867944295 1.8830923324157753E-4 1.4746308837461424 2.93299047771943E-7
14.84529714298439 293.0 185.82667643342765 3.2580070681134035 2.0500629641861072E-4 64.2308392859223 1.881466317668951E-4 1.4724875556507757 2.905464606506398E-7
14.88002943830733 293.0 187.41737769776864 3.2871557548332113 2.0435327744930162E-4 64.53802136011966 1.8798377328992975E-4 1.4703547958618026 2.878213913517583E-7
14.91476173363027 293.0 189.0157081243194 3.316415468817528 2.0370297333158064E-4 64.8468497596494 1.8782067075679118E-4 1.468232467452201 2.8512349628835805E-7
14.94949402895321 293.0 190.62172417677465 3.3457854659150423 2.0305530446070328E-4 65.15734435241103 1.876573368978546E-4 1.4661204367648613 2.824524375889277E-7
14.98422632427615 293.0 192.23548287739382 3.375265008609772 2.0241019247470648E-4 65.46952520935352 1.8749378423120136E-4 1.4640185733868922 2.7980788297967016E-7
15.01895861959909 293.0 193.85704181392427 3.4048533659472686 2.0176756023486858E-4 65.78341260868717 1.8733002506582004E-4 1.4619267501136533 2.771895056677647E-7
15.05369091492203 293.0 195.48645914662913 3.4345498134618118 2.0112733180639524E-4 66.09902704021133 1.8716607150558648E-4 1.4598448429183648 2.7459698422939924E-7
15.08842321024497 293.0 197.1237936154201 3.4643536331045697 2.0048943243957082E-4 66.4163892097424 1.8700193545193738E-4 1.457772730929044 2.720300024997569E-7
15.12315550556791 293.0 198.76910454709642 3.4942641131727132 1.9985378855106245E-4 66.73552004345886 1.8683762860762271E-4 1.4557102963971449 2.6948824946623135E-7
15.15788780089085 293.0 200.4224518626921 3.524280548239445 1.9922032770571405E-4 67.04737565029721 1.8667316247979868E-4 1.4536574246717313 2.670075146430784E-7
15.19262009621379 293.0 202.08358123521373 3.554407202432257 1.9858944330423695E-4 67.3445254533578 1.865079436101137E-4 1.4516255953025352 2.6461653345260186E-7
15.22735239153672 293.0 203.7519758132226 3.5846522586513743 1.97961850260925E-4 67.64206413674296 1.8634227305171924E-4 1.4496062241933323 2.622528301862318E-7
15.26208468685967 293.0 205.42764862728487 3.6150153814641874 1.9733751821929485E-4 67.94026869621976 1.8617625286250023E-4 1.44759715979202 2.599147273231242E-7
15.29681698218261 293.0 207.11062325308714 3.6454960722367176 1.967164060705434E-4 68.23914348668382 1.8600989094220063E-4 1.445598297579669 2.576018801787204E-7
15.33154927750554 293.0 208.80092336824833 3.676093835138903 1.9609847308803735E-4 68.53869286632415 1.8584319511007321E-4 1.4436095344816051 2.553139498526941E-7
15.36628157282848 293.0 210.4985727528707 3.706808177124912 1.9548367892358316E-4 68.83892119718448 1.8567617310561056E-4 1.4416307688490844 2.5305060310990874E-7
15.40101386815142 293.0 212.20359529009534 3.737638607913637 1.9487198360376685E-4 69.13983284539458 1.855088325894805E-4 1.4396619004412576 2.50811512265775E-7
15.43574616347436 293.0 213.9160149666603 3.7685846399693226 1.9426334752627072E-4 69.44143218183558 1.8534118114406524E-4 1.4377028304157995 2.4859635507370807E-7
15.4704784587973 293.0 215.63585587346324 3.799645788482396 1.9365773145630424E-4 69.7437235824576 1.8517322627463657E-4 1.4357534613040854 2.4640481461470343E-7
15.50521075412024 293.0 217.36314220612758 3.8308215713504357 1.9305509652303132E-4 70.04671142871501 1.8500497541001505E-4 1.4338136969992017 2.442365791906131E-7
15.53994304944318 293.0 219.09789826557142 3.8621115091592855 1.924554042160224E-4 70.35040010814305 1.8483643590297766E-4 1.4318834427442328 2.420913422191509E-7
15.57467534476612 293.0 220.84014845858215 3.8935151251643645 1.918586163817638E-4 70.65479401468491 1.8466761503146866E-4 1.4299626051131944 2.3996880213204195E-7
15.60940764008906 293.0 222.58991729839263 3.925031945272105 1.9126469522023524E-4 70.95989754907737 1.8449851999943878E-4 1.4280510919924019 2.3786866227492515E-7
15.644139935412 293.0 224.3472294052623 3.9566614980215364 1.9067360328146795E-4 71.26571511946854 1.8432915793700105E-4 1.426148812575604 2.3579063081021947E-7
15.67887223073494 293.0 226.11210950706257 3.988403314566063 1.9008530346215858E-4 71.57225114167889 1.841595359017856E-4 1.4242556773412272 2.337344206220086E-7
15.71360452605788 293.0 227.88458243986432 4.020256928655344 1.8949975900233923E-4 71.87951003971651 1.8398966087933516E-4 1.422371598041785 2.3169974922305404E-7
15.74833682138082 293.0 229.6646731485313 4.0522218766173586 1.8891693348205684E-4 72.18749624623658 1.838195397839683E-4 1.4204964876930295 2.2968633866467974E-7
15.78306911670376 293.0 231.45240668731626 4.084297697340613 1.8833679081810818E-4 72.49621420289608 1.8364917945930696E-4 1.418630260554742 2.276939154472813E-7
15.8178014120267 293.0 233.2478082204609 4.11648393225648 1.8775929526079201E-4 72.80566836082374 1.8347858667933138E-4 1.4167728321222235 2.257222104348862E-7
15.85253370734964 293.0 235.05090302280024 4.148780125321692 1.8718441139070334E-4 73.11586318104091 1.8330776814870384E-4 1.4149241191106254 2.2377095876976094E-7
15.88726600267258 293.0 236.86171648037075 4.181185823000995 1.8661210411557633E-4 73.42680313488273 1.8313673050379963E-4 1.4130840394416786 2.2183989979020353E-7
15.92199829799552 293.0 238.6802740910232 4.213700574249917 1.8604233866711505E-4 73.73849270445807 1.8296548031306677E-4 1.4112525122368167 2.1992877695025555E-7
15.95673059331846 293.0 240.50660146503827 4.246323930497703 1.854750805979227E-4 74.05093638299208 1.8279402407798503E-4 1.4094294577968765 2.1803733774019783E-7
15.9914628886414 293.0 242.34072432574712 4.27905544563037 1.8491029577838853E-4 74.36413867539834 1.826223682334736E-4 1.4076147976001814 2.1616533361033554E-7
16.02619518396434 293.0 244.1826685101558 4.311894675973927 1.843479503937231E-4 74.58401877553423 1.8245051914906593E-4 1.4058084542761846 2.145828681942179E-7
16.032038 293.0 244.49329865860147 4.3174295854046525 1.8425358755505767E-4 74.71194293689825 1.8242159141784422E-4 1.4055053952378205 2.1405727522357494E-7
16.06092747928728 293.0 246.03245996957415 4.344841180277688 1.8378801094083003E-4 74.99283718152691 1.822784831287659E-4 1.4040103516107398 2.1247865573869672E-7
16.09565977461022 293.0 247.89012477024835 4.377894519697778 1.8323044422544738E-4 75.30834246675732 1.8210626641234254E-4 1.402220414523605 2.106635040259661E-7
16.13039206993315 293.0 249.75568909399806 4.411054257780728 1.8267521735912555E-4 75.62462450956026 1.819338751757377E-4 1.4004385690618701 2.0886683130920052E-7
16.16512436525609 293.0 251.62917923885743 4.444319960447235 1.8212229775635045E-4 75.94168787912078 1.8176131553178533E-4 1.3986647423882381 2.070884077406851E-7
16.19985666057903 293.0 253.51062161972104 4.477691195976023 1.8157165313163943E-4 76.25953715864266 1.815885935307869E-4 1.3968988627674312 2.0532800700516184E-7
16.23458895590197 293.0 255.40004276899327 4.511167534987868 1.8102325149669198E-4 76.57817694595293 1.8141571516103901E-4 1.3951408595632875 2.0358540625460923E-7
16.26932125122492 293.0 257.29746933724323 4.544748550429734 1.8047706115757056E-4 76.89761185381424 1.8124268634964847E-4 1.3933906632204602 2.0186038604330308E-7
16.30405354654786 293.0 259.202928093862 4.578433817559031 1.7993305071188745E-4 77.21784651038313 1.8106951296291605E-4 1.3916482052626242 2.001527302658081E-7
16.33878584187079 293.0 261.116445927727 4.612222913928029 1.7939118904607357E-4 77.53888555954036 1.8089620080724754E-4 1.3899134182734563 1.9846222609473883E-7
16.37351813719373 293.0 263.0380498478684 4.6461154193683685 1.7885144533260486E-4 77.86073366142966 1.807227556294175E-4 1.3881862358903003 1.9678866392043619E-7
16.40825043251667 293.0 264.9677669841418 4.680110915975709 1.783137890273013E-4 78.18339549287339 1.8054918311728868E-4 1.3864665928029958 1.951318372934772E-7
16.44298272783961 293.0 266.90562458790396 4.714208988094502 1.7777818986666248E-4 78.50687574769758 1.8037548890060311E-4 1.3847544247335846 1.9349154286601186E-7
16.47771502316255 293.0 268.85165003269384 4.748409222302887 1.7724461786519075E-4 78.83117913724799 1.8020167855117402E-4 1.3830496684342455 1.9186758033579096E-7
16.51244731848549 293.0 270.8058708149184 4.7827112073977025 1.767130433127966E-4 79.15631039070622 1.80027757583749E-4 1.3813522616719047 1.9025975239073652E-7
16.54717961380843 293.0 272.76831455454305 4.817114534379626 1.7618343677215526E-4 79.48227425565995 1.7985373145644156E-4 1.3796621432297087 1.8866786465593378E-7
16.58191190913137 293.0 274.73900899578524 4.851618796438429 1.7565576907618158E-4 79.80907549831302 1.796796055714025E-4 1.3779792528850796 1.8709172563964559E-7
16.61664420445431 293.0 276.7179820078152 4.886223588938347 1.7513001132544743E-4 80.13671890416998 1.7950538527522762E-4 1.376303531416219 1.8553114668293542E-7
16.65137649977725 293.0 278.70526158546005 4.920928509403574 1.7460613488568376E-4 80.46520927827031 1.793310758595809E-4 1.3746349205859123 1.839859419085494E-7
16.68610879510019 293.0 280.70087584991165 4.955733157503871 1.7408411138527987E-4 80.79455144560487 1.7915668256172226E-4 1.3729733631282672 1.8245592817074414E-7
16.72084109042313 293.0 282.70485304944214 4.990637135040282 1.7356391271282798E-4 81.12475025167396 1.789822105651787E-4 1.3713188027544951 1.8094092500851398E-7
16.75557338574607 293.0 284.717221560121 5.025640045930973 1.7304551101464058E-4 81.35259121799632 1.7880766500000825E-4 1.3696711841351783 1.796684272110859E-7
16.760767 293.0 285.0188594340145 5.03088260473772 1.7296814574423365E-4 81.4872171696883 1.7878155871895655E-4 1.369425404514326 1.7925766054397905E-7
16.79030568106901 293.0 286.7380098865395 5.06074149619718 1.7252887869238906E-4 81.78773726670057 1.7863305094354307E-4 1.3680304528949074 1.7795524170032026E-7
16.82503797639195 293.0 288.76724666253926 5.095941093949277 1.720139884006695E-4 82.12053527260512 1.7845837342079715E-4 1.3663965556080218 1.7648421362896848E-7
16.85977027171489 293.0 290.8049606519446 5.131238449372924 1.7150081304466555E-4 82.4542095120708 1.782836374050658E-4 1.364769439789396 1.7502750019239203E-7
16.89450256703783 293.0 292.8511807493021 5.166633174715375 1.7098932577775975E-4 82.78876493911066 1.7810884781833315E-4 1.3631490538832163 1.7358493365636803E-7
16.92923486236077 293.0 294.90593598062384 5.202124884271851 1.704794999992722E-4 83.12420653081735 1.7793400953182372E-4 1.361535347265558 1.7215634870097724E-7
16.96396715768371 293.0 296.9692555041354 5.237713194372043 1.6997130935209902E-4 83.46053928777505 1.7775912736657775E-4 1.3599282702345887 1.707415823785121E-7
16.99869945300665 293.0 299.0411686110298 5.273397723366714 1.6946472772050872E-4 83.7977682342807 1.7758420609388298E-4 1.3583277739933337 1.693404740715632E-7
17.03343174832959 293.0 301.1217047262267 5.309178091614405 1.6895972922782924E-4 84.13479815432814 1.7740925043553817E-4 1.356733810661298 1.6795506184183048E-7
17.06816404365253 293.0 303.2108551944151 5.3450545084078325 1.684563418780867E-4 84.45215768920853 1.7723371576288882E-4 1.3551510681387695 1.666235934118984E-7
17.10289633897547 293.0 305.30793221826593 5.381037527263803 1.6795534239703798E-4 84.76271350922767 1.770565445104416E-4 1.3535879044633368 1.6531944333150772E-7
17.13762863429841 293.0 307.412691566246 5.417130804638184 1.6745696067803584E-4 85.07403213246177 1.7687912344942395E-4 1.3520319316553957 1.640271660527638E-7
17.17236092962134 293.0 309.52516007046717 5.453333849543489 1.669611597548307E-4 85.38611848250439 1.7670146113795681E-4 1.350483071861208 1.627466305390155E-7
17.20709322494428 293.0 311.6453646881422 5.489646173903108 1.6646790302787552E-4 85.69897749752367 1.765235660393555E-4 1.3489412484993841 1.6147770756968165E-7
17.24182552026722 293.0 313.77333250231567 5.526067292529767 1.6597715426053963E-4 86.01261413049822 1.7634544652323249E-4 1.3474063862421952 1.602202697091201E-7
17.27655781559016 293.0 315.909090722598 5.562596723104174 1.6548887757537105E-4 86.32703334995578 1.7616711086609698E-4 1.3458784110084814 1.589741912760926E-7
17.3112901109131 293.0 318.0526666859063 5.59923398615386 1.6500303745034992E-4 86.64224014035587 1.7598856725300926E-4 1.3443572499461325 1.577393483142218E-7
17.34602240623604 293.0 320.2040878572094 5.635978605032213 1.6451959871530226E-4 86.95823950278485 1.758098237779404E-4 1.3428428314271317 1.5651561856277056E-7
17.38075470155898 293.0 322.3633818302789 5.67283010589768 1.6403852654821405E-4 87.27503645536487 1.7563088844513888E-4 1.3413350850330352 1.553028814283011E-7
17.41548699688192 293.0 324.53057632844485 5.7097880176931755 1.6355978647169652E-4 87.59263603378254 1.7545176917004178E-4 1.3398339415410614 1.5410101795634058E-7
17.45021929220486 293.0 326.7056992053567 5.746851872125634 1.6308334434941547E-4 87.91104329191661 1.752724737798263E-4 1.3383393329186104 1.529099108040875E-7
17.4849515875278 293.0 328.8887784457505 5.784021203645801 1.626091663826414E-4 88.13022648432535 1.7509301001525585E-4 1.3368511923030073 1.5190167264621177E-7
17.489496 293.0 329.17500507164436 5.78889225953865 1.625472901462504E-4 88.25701143217151 1.7506951672185638E-4 1.3366569573558644 1.5160166966604302E-7
17.51968388285074 293.0 331.0798421662212 5.821295549428141 1.621372191067303E-4 88.55030115635687 1.7491338553053633E-4 1.335369454008107 1.5055950398591264E-7
17.55441617817368 293.0 333.2789186159992 5.858674449350958 1.6166746938775576E-4 88.87116196578694 1.747336078951623E-4 1.3338940534952766 1.4939997745461687E-7
17.58914847349662 293.0 335.4860361777344 5.896157445976675 1.6119988441910487E-4 89.19285086217839 1.745536845943007E-4 1.3324249273772293 1.4825075346112452E-7
17.62388076881956 293.0 337.7012233682838 5.93374408453229 1.6073443171811942E-4 89.51537299790154 1.7437362302972578E-4 1.3309620133982447 1.4711172232926405E-7
17.6586130641425 293.0 339.9245088395068 5.971433912890012 1.6027107912283423E-4 89.83873354673656 1.7419343052094626E-4 1.3295052504340512 1.459827758418919E-7
17.69334535946544 293.0 342.15592137906407 6.009226481548043 1.5980979478866998E-4 90.1629377041978 1.7401311430604433E-4 1.3280545784720343 1.448638072162494E-7
17.72807765478838 293.0 344.39548991122365 6.047121343611551 1.5935054718522004E-4 90.4879906883578 1.7383268154225125E-4 1.3266099386180286 1.4375471108166657E-7
17.76280995011132 293.0 346.6432434976719 6.08511805477379 1.5889330509303722E-4 90.81389774001018 1.7365213930709813E-4 1.325171273067914 1.4265538345540606E-7
17.79754224543426 293.0 348.899211338331 6.123216173297401 1.5843803760049328E-4 91.14066412349945 1.734714945994231E-4 1.3237385251128186 1.4156572172141627E-7
17.8322745407572 293.0 351.1634227721813 6.161415259995855 1.579847141006416E-4 91.46829512713468 1.7329075433970682E-4 1.3223116391286167 1.404856246079025E-7
17.86700683608014 293.0 353.4359072780903 6.199714878215075 1.5753330428812826E-4 91.79679606369767 1.7310992537134345E-4 1.3208905605604044 1.3941499216540476E-7
17.90173913140308 293.0 355.7166944756478 6.23811459381521 1.570837781561393E-4 92.12617227109573 1.7292901446126394E-4 1.319475235925427 1.3835372574649424E-7
17.93647142672602 293.0 358.0058141260057 6.276613975152552 1.566361059933636E-4 92.45642911279897 1.7274802830079928E-4 1.3180656127958985 1.3730172798425454E-7
17.97120372204895 293.0 360.30329613272585 6.315212593061642 1.5619025838102811E-4 92.78757197840636 1.7256697350651965E-4 1.3166616397994628 1.36258902772795E-7
18.0059360173719 293.0 362.60917054263194 6.353910020837497 1.5574620618992409E-4 93.11960628424788 1.7238585662097765E-4 1.3152632666021464 1.3522515524618317E-7
18.04066831269484 293.0 364.9234675466684 6.392705834217993 1.5530392057748197E-4 93.45253747381767 1.7220468411349976E-4 1.3138704439103523 1.3420039176002026E-7
18.07540060801778 293.0 367.2462174807668 6.431599611366432 1.5486337298489152E-4 93.78637101843182 1.7202346238107325E-4 1.3124831234598189 1.3318451987176174E-7
18.11013290334072 293.0 369.5774508267157 6.47059093285422 1.544245351342403E-4 94.12111241772439 1.7184219774889784E-4 1.3111012580087267 1.3217744832180443E-7
18.14486519866366 293.0 371.91719821303917 6.509679381643709 1.539873790256763E-4 94.45676720015737 1.7166089647141654E-4 1.3097248013282194 1.3117908701500885E-7
18.17959749398659 293.0 374.26549041588106 6.548864543071185 1.535518769346163E-4 94.79334092371388 1.7147956473272346E-4 1.3083537082076127 1.3018934700329733E-7
18.21432978930953 293.0 376.6223583598943 6.588146004830003 1.5311800140899604E-4 95.02068494284612 1.7129820864766665E-4 1.3069879344317024 1.2935792704927216E-7
18.218225 293.0 376.8872161748369 6.59255739001551 1.5306944271378637E-4 95.15481443864351 1.7127786839537154E-4 1.3068350933661035 1.2911753006000984E-7
18.24906208463247 293.0 378.98783311913877 6.627523356953859 1.5268572526649395E-4 95.46926757633994 1.7111683426251938E-4 1.3056274367826486 1.2823538069673077E-7
18.28379437995541 293.0 381.3619459179847 6.666996191800212 1.522550215918846E-4 95.80863177340608 1.7093544755536401E-4 1.3042721730391724 1.2727098207919408E-7
18.31852667527835 293.0 383.74472813202175 6.706564104033837 1.5182586373428927E-4 96.14893744871573 1.707540544372666E-4 1.302922101961441 1.2631486007712243E-7
18.35325897060129 293.0 386.13621128897626 6.7462266906105315 1.5139822530460846E-4 96.4901903157238 1.7057266075258884E-4 1.301577183291457 1.2536693121443124E-7
18.38799126592423 293.0 388.5364270696346 6.785983550760943 1.5097208017281498E-4 96.8323961206485 1.7039127228006686E-4 1.300237377742751 1.2442711305961976E-7
18.42272356124717 293.0 390.9454073087725 6.8258342859745555 1.505474024654712E-4 97.17556064312015 1.7020989473326688E-4 1.2989026470017566 1.2349532421024707E-7
18.45745585657011 293.0 393.3631839960924 6.865778499983778 1.5012416656306753E-4 97.51968969672413 1.700285337613045E-4 1.2975729537184122 1.2257148427698698E-7
18.49218815189305 293.0 395.7897892771668 6.905815798748203 1.497023470975429E-4 97.864789129469 1.6984719494951605E-4 1.2962482614976956 1.2165551386812046E-7
18.52692044721599 293.0 398.2252554543886 6.945945790438978 1.4928191894977177E-4 98.21086482456185 1.6966588382029787E-4 1.294928534902653 1.2074733457511945E-7
18.56165274253893 293.0 400.6696149879292 6.986168085423314 1.488628572470904E-4 98.55792270084187 1.6948460583346582E-4 1.2936137394454883 1.1984686895745044E-7
18.59638503786187 293.0 403.1229004967019 7.0264822962491 1.484451373608145E-4 98.90596871340874 1.6930336638721453E-4 1.2923038415800163 1.1895404052796479E-7
18.63111733318481 293.0 405.5851447593346 7.0668880376297025 1.480287349038472E-4 99.25500885430755 1.6912217081852486E-4 1.2909988087076367 1.1806877373933575E-7
18.66584962850775 293.0 408.0563807151477 7.107384926428838 1.4761362572826933E-4 99.60504915284807 1.689410244040032E-4 1.2896986091556915 1.1719099396894348E-7
18.70058192383069 293.0 410.53664146514086 7.147972581645594 1.471997859229568E-4 99.956095676603 1.6875993236031308E-4 1.2884032121945617 1.1632062750646829E-7
18.73531421915363 293.0 413.0259602729853 7.1886506243995765 1.467871918112555E-4 100.30815453166035 1.685788998451581E-4 1.2871125880164973 1.1545760153948988E-7
18.77004651447657 293.0 415.5243705660248 7.229418677916174 1.4637581994862898E-4 100.6612318633113 1.683979319574019E-4 1.2858267077362038 1.1460184414020293E-7
18.80477880979951 293.0 418.0319059362837 7.270276367511952 1.4596564712039716E-4 101.01533385689903 1.6821703373795546E-4 1.2845455433967727 1.1375328425317912E-7
18.83951110512245 293.0 420.5486001414821 7.311223320580165 1.455566503394295E-4 101.37046673805754 1.6803621017056803E-4 1.2832690679525849 1.1291185168192219E-7
18.87424340044539 293.0 423.0744871060585 7.352259166576384 1.4514880684391983E-4 101.7266367736118 1.678554661821151E-4 1.2819972552740753 1.120774770765057E-7
18.90897569576833 293.0 425.60960092220114 7.393383537004251 1.4474209409514043E-4 102.08385027201261 1.676748066432218E-4 1.2807300801402735 1.1125009192109726E-7
18.94370799109127 293.0 428.153975850885 7.434596065401353 1.443364897752834E-4 102.43459061455249 1.6749423636917382E-4 1.2794675182417805 1.1043773866108299E-7
18.97844028641421 293.0 430.7073850329163 7.475899857778075 1.439322210096556E-4 102.76472650614892 1.6731156410930732E-4 1.2782200418422944 1.0965463496865872E-7
19.01317258173714 293.0 433.2691030837753 7.517304515867317 1.435298576751687E-4 103.09431118038407 1.6712788343852314E-4 1.2769819536064033 1.0887906468598664E-7
19.04790487706008 293.0 435.8391072192671 7.558810257640244 1.4312939797867533E-4 103.42461245465988 1.6694410752205398E-4 1.2757487905159979 1.0810981999037855E-7
19.08263717238302 293.0 438.4174222338626 7.60041667745612 1.4273081719029334E-4 103.755634131492 1.6676024254298682E-4 1.2745205058623506 1.073468397254824E-7
19.11736946770596 293.0 441.0040730210546 7.642123371841722 1.4233409080239437E-4 104.08738002696529 1.665762946205815E-4 1.2732970537361548 1.0659006346906838E-7
19.15210176302891 293.0 443.5990845738532 7.683929939476876 1.4193919452746667E-4 104.41985397147353 1.6639226981048647E-4 1.2720783890364997 1.0583943152284431E-7
19.18683405835185 293.0 446.20248198528276 7.725835981180102 1.4154610429607215E-4 104.75305980957054 1.6620817410588955E-4 1.2708644674486569 1.0509488490134714E-7
19.22156635367478 293.0 448.81429044888387 7.767841099894409 1.4115479625482732E-4 105.08700140077615 1.6602401343749422E-4 1.2696552454550016 1.0435636532205857E-7
19.25629864899772 293.0 451.4345352592159 7.809944900673166 1.407652467643786E-4 105.421682619718 1.6583979367476622E-4 1.2684506803146192 1.036238151945782E-7
19.29103094432066 293.0 454.06324181236516 7.852146990666101 1.4037743239741653E-4 105.75710735658365 1.6565552062600548E-4 1.267250730070726 1.0289717761121461E-7
19.3257632396436 293.0 456.7004356064533 7.894446979105412 1.3999132993670264E-4 106.09327951735986 1.6547120003942528E-4 1.2660553535336165 1.0217639633657666E-7
19.36049553496654 293.0 459.3461422421517 7.9368444772919915 1.3960691637313524E-4 106.43020302437769 1.6528683760339179E-4 1.2648645102869076 1.0146141579841124E-7
19.39522783028948 293.0 462.00038742319646 7.9793390985817405 1.3922416890377624E-4 106.76788181658083 1.651024389468319E-4 1.2636781606762308 1.0075218107755284E-7
19.42996012561242 293.0 464.6631969569081 8.021930458372024 1.3884306492999577E-4 107.10631984979146 1.6491800964076755E-4 1.262496265799923 1.0004863789889454E-7
19.46469242093536 293.0 467.334596754714 8.064618174088205 1.3846358205553226E-4 107.44552109718403 1.6473355519778837E-4 1.2613187875121912 9.935073262204917E-8
19.4994247162583 293.0 470.0146128326732 8.10740186517029 1.380856980846585E-4 107.78548954975523 1.645490810731067E-4 1.2601456884175712 9.865841223244135E-8
19.53415701158124 293.0 472.7032713120063 8.150281153059694 1.3770939102025967E-4 108.12622921648725 1.64364592664989E-4 1.2589769318630295 9.797162433227125E-8
19.56888930690418 293.0 475.40059841962545 8.193255661186114 1.3733463906213895E-4 108.4677441247103 1.6418009531593095E-4 1.2578124819282632 9.729031713174939E-8
19.60362160222712 293.0 478.10662048867187 8.23632501495445 1.3696142060501377E-4 108.81003832083904 1.6399559431203386E-4 1.2566523034412787 9.661443944102987E-8
19.63835389755006 293.0 480.8213639590521 8.27948884173192 1.365897142368788E-4 109.15311587017166 1.6381109488463529E-4 1.2554963619461854 9.594394066076606E-8
19.673086192873 293.0 483.5448553779808 8.322746770835195 1.362194987371388E-4 109.4969808577497 1.636266022102609E-4 1.2543446237230644 9.52787707748859E-8
19.70781848819594 293.0 486.2771214005255 8.366098433517681 1.358507530748504E-4 109.84163738844316 1.6344212141129603E-4 1.2531970557698917 9.461888034169372E-8
19.74255078351888 293.0 489.0181887901542 8.409543462956881 1.3548345640704276E-4 110.18708958752464 1.6325765755656092E-4 1.2520536258062518 9.396422048628982E-8
19.77728307884182 293.0 491.76808441928824 8.453081494241864 1.3511758807689862E-4 110.53334160083948 1.6307321566188634E-4 1.250914302263257 9.331474289242195E-8
19.81201537416476 293.0 494.52683526985606 8.496712164360837 1.3475312761211767E-4 110.88039759524139 1.6288880069073697E-4 1.2497790542802985 9.26703997947826E-8
19.8467476694877 293.0 497.29446843385267 8.54043511218879 1.3439005472319447E-4 111.2282617592929 1.6270441755392357E-4 1.2486478517150035 9.203114397167127E-8
19.88147996481064 293.0 500.07101111390045 8.584249978475269 1.3402834930173932E-4 111.57693830296479 1.625200711113774E-4 1.2475206651136401 9.139692873685783E-8
19.91621226013358 293.0 502.856490623815 8.628156405832215 1.336679914188594E-4 111.9264314588059 1.6233576617162264E-4 1.2463974657372476 9.076770793315666E-8
19.95094455545652 293.0 505.6509343891737 8.672154038721922 1.3330896132343097E-4 112.27674548163948 1.6215150749302333E-4 1.2452782255314232 9.014343592419158E-8
19.98567685077946 293.0 508.4543699478884 8.716242523445073 1.3295123944054725E-4 112.62788464946215 1.619672997833516E-4 1.2441629171446604 8.952406758791005E-8
20.02040914610239 293.0 511.2668249507798 8.760421508128877 1.325948063699423E-4 112.92316188526614 1.6178314770156211E-4 1.2430515139079399 8.89541940183505E-8
20.0400475 293.0 512.8610469879466 8.785441133574478 1.3239383487698863E-4 113.10535397395171 1.6167905069327932E-4 1.2424248220726182 8.862208433800036E-8
20.05514144142533 293.0 514.0883271621584 8.80469064271528 1.3223964288425688E-4 113.33265564848378 1.6159905585692887E-4 1.2419439898455236 8.829986397384389E-8
20.08987373674827 293.0 516.9189044604063 8.849049578949296 1.3188572992762606E-4 113.68629615388407 1.6141502881038787E-4 1.2408403196659956 8.769494096009582E-8
20.12460603207121 293.0 519.7585848385638 8.893497970367418 1.3153304861400584E-4 114.04077915316252 1.6123107107472902E-4 1.2397404787560193 8.709474613353452E-8
20.15933832739415 293.0 522.60739640492 8.938035472286087 1.3118158022566343E-4 114.39610904488116 1.610471871151715E-4 1.238644443184435 8.649923683997305E-8
20.19407062271709 293.0 525.4653673836054 8.982661741790306 1.308313062116679E-4 114.75229025280422 1.6086338134979535E-4 1.2375521896918793 8.590837089877224E-8
20.22880291804003 293.0 528.332526115191 9.027376437722284 1.304822081863258E-4 115.10932722650408 1.606796581495416E-4 1.236463695696058 8.532210659663794E-8
20.26353521336297 293.0 531.2089010572873 9.072179220670224 1.3013426792772627E-4 115.46722444160343 1.6049602183979456E-4 1.2353789392848573 8.474040268178507E-8
20.29826750868591 293.0 534.0945207851512 9.117069752957145 1.297874673762313E-4 115.825986400301 1.6031247669932706E-4 1.2342978992175002 8.416321835714136E-8
20.33299980400885 293.0 536.9894139922924 9.162047698629813 1.294417886330208E-4 116.18561763148594 1.6012902696212246E-4 1.2332205549092756 8.359051327435609E-8
20.36773209933179 293.0 539.8936094910878 9.207112723447773 1.2909721395861333E-4 116.5461226916076 1.5994567681699125E-4 1.2321468864502305 8.302224752850338E-8
20.40246439465473 293.0 542.8071362133967 9.252264494872437 1.2875372577144734E-4 116.90750616475282 1.597624304081943E-4 1.2310768745887888 8.245838165159185E-8
20.43719668997767 293.0 545.7300232111807 9.297502682056253 1.2841130664641406E-4 117.26977266307296 1.5957929183611425E-4 1.2300105007291788 8.189887660688242E-8
20.47192898530061 293.0 548.6622996571275 9.342826955832 1.2806993931352979E-4 117.63292682728485 1.5939626515720762E-4 1.228947746935362 8.134369378330584E-8
20.50666128062355 293.0 551.6039948452794 9.388236988702108 1.2772960665642023E-4 117.99697332711588 1.5921335438491587E-4 1.2278885959275905 8.079279499000574E-8
20.54139357594649 293.0 554.5551381916644 9.433732454828089 1.2739029171102912E-4 118.36191686161725 1.5903056348980934E-4 1.2268330310783113 8.02461424506245E-8
20.57612587126943 293.0 557.5157592349311 9.479313030020059 1.270519776642057E-4 118.72776215973767 1.5884789639987484E-4 1.225781036414517 7.970369879799592E-8
20.61085816659237 293.0 560.4858876369904 9.52497839172631 1.2671464785236474E-4 119.09451398051914 1.5866535700142696E-4 1.22473259660966 7.916542706880829E-8
20.64559046191531 293.0 563.4655531836565 9.570728219022975 1.2637828576008016E-4 119.46217711366998 1.584829491391079E-4 1.223687696984504 7.863129069822002E-8
20.68032275723825 293.0 566.4547857852968 9.616562192603782 1.2604287501883602E-4 119.83075637996615 1.5830067661627128E-4 1.2226463235078497 7.810125351485637E-8
20.71505505256119 293.0 569.4536154774823 9.662479994769871 1.257083994056624E-4 120.20025663181374 1.5811854319531764E-4 1.2216084627976418 7.757527973577564E-8
20.74978734788413 293.0 572.4620724216438 9.70848130941969 1.2537484284183808E-4 120.57068275342546 1.5793655259870162E-4 1.2205741021103476 7.70533339613473E-8
20.78451964320707 293.0 575.4801869057318 9.754565822038968 1.250421893915871E-4 120.94203966131246 1.577547085086441E-4 1.2195432293422361 7.653538117012627E-8
20.81925193853001 293.0 578.5079893448806 9.80073321969077 1.2471042326083574E-4 121.3141023244584 1.575730145674681E-4 1.2185158330399055 7.60215308316725E-8
20.85398423385295 293.0 581.5455022943227 9.846983291369654 1.2437954055435481E-4 121.67010305583989 1.573910225364902E-4 1.2174934740508763 7.552203470277454E-8
20.88871652917589 293.0 584.592164378434 9.893322953971781 1.2404993510894665E-4 122.01657377674712 1.5720605434542889E-4 1.2164852390453713 7.503182829386142E-8
20.92344882449883 293.0 587.6476333839687 9.93975633189449 1.237217742810699E-4 122.36371367509955 1.5702110282132546E-4 1.2154805307873742 7.454527305033268E-8
20.95818111982177 293.0 590.7119322542197 9.9862830908851 1.2339504075273676E-4 122.71152581115857 1.5683617225446166E-4 1.2144793209315146 7.406233725611072E-8
20.99291341514471 293.0 593.785084012244 10.032902898278602 1.2306971734531562E-4 123.06001325701479 1.566512668953652E-4 1.2134815816415134 7.358298953482783E-8
21.02764571046765 293.0 596.8671117612081 10.079615422988251 1.227457870183668E-4 123.40917909745245 1.5646639095226805E-4 1.2124872856060258 7.310719884480621E-8
21.06237800579058 293.0 599.9580386847382 10.126420335496226 1.2242323286853338E-4 123.75902642945738 1.5628154859427136E-4 1.2114964060149993 7.26349344752117E-8
21.09711030111352 293.0 603.0578880472693 10.17331730784429 1.2210203812814657E-4 124.10955836309212 1.5609674395009884E-4 1.210508916570218 7.21661660414532E-8
21.13184259643646 293.0 606.1666831943995 10.220306013624679 1.2178218616471649E-4 124.46077802147693 1.5591198110867207E-4 1.2095247914817735 7.170086348118312E-8
21.1665748917594 293.0 609.2844475532419 10.267386127970855 1.2146366047894977E-4 124.81268854094216 1.5572726412040532E-4 1.2085440054561714 7.123899705008897E-8
21.20130718708234 293.0 612.4112046327828 10.314557327548469 1.2114644470450087E-4 125.16529307146578 1.5554259699643823E-4 1.20756653370326 7.078053731775306E-8
21.23603948240528 293.0 615.5469780242382 10.36181929054634 1.2083052260625037E-4 125.518594777047 1.5535798370877975E-4 1.2065923519361235 7.032545516361471E-8
21.27077177772822 293.0 618.691791401415 10.409171696667435 1.2051587807948042E-4 125.87259683576517 1.5517342819179464E-4 1.2056214363615028 6.987372177322492E-8
21.30550407305116 293.0 621.8456685210712 10.456614227120058 1.202024951486561E-4 126.2273024400918 1.5498893434148428E-4 1.2046537636817813 6.942530863409121E-8
21.3402363683741 293.0 625.0086332232809 10.504146564609002 1.198903579667465E-4 126.58271479690535 1.5480450601750056E-4 1.203689311081346 6.898018753207312E-8
21.37496866369704 293.0 628.1807094317988 10.551768393326704 1.1957945081354531E-4 126.93883712825942 1.5462014704189925E-4 1.2027280562438754 6.853833054773638E-8
21.40970095901998 293.0 631.3619211544287 10.599479398944599 1.1926975809505845E-4 127.29567267157958 1.5443586119784518E-4 1.2017699773458976 6.809971005170271E-8
21.44443325434292 293.0 634.5522924833922 10.647279268604526 1.1896126434247955E-4 127.65322467925799 1.542516522348871E-4 1.2008150530354884 6.766429870244711E-8
21.47916554966586 293.0 637.7518475956997 10.695167690909981 1.1865395421083192E-4 128.01149641959833 1.5406752386545723E-4 1.1998632624476575 6.723206944161532E-8
21.5138978449888 293.0 640.9606107535251 10.74314435591776 1.1834781247828343E-4 128.3704911771892 1.5388347976467924E-4 1.198914585212624 6.680299549077151E-8
21.54863014031174 293.0 644.1786063045798 10.791208955129369 1.1804282404492184E-4 128.73021225259404 1.5369952357338946E-4 1.197969001429794 6.637705034802846E-8
21.58336243563468 293.0 647.4058586824909 10.839361181482689 1.1773897393187576E-4 129.09066296293878 1.5351565889674628E-4 1.1970264916779698 6.595420778436359E-8
21.61809473095762 293.0 650.64239240718 10.887600729343616 1.1743624728021732E-4 129.45184664200053 1.533318893058604E-4 1.196087037008529 6.553444184060571E-8
21.65282702628056 293.0 653.8882320852441 10.935927294497718 1.1713462935015576E-4 129.81376664089686 1.5314821833573302E-4 1.1951506189562926 6.511772682355072E-8
21.6875593216035 293.0 657.1434024103402 10.984340574142056 1.1683410551972195E-4 130.17642632792942 1.5296464948818088E-4 1.1942172195235623 6.470403730322217E-8
21.72229161692644 293.0 660.4079281635694 11.032840266876976 1.1653466128414382E-4 130.53982908917723 1.5278118623011E-4 1.1932868211911953 6.429334810928956E-8
21.75702391224938 293.0 663.681834213865 11.08142607269803 1.1623628225477334E-4 130.9039783283951 1.5259783199519404E-4 1.1923594069022132 6.388563432783902E-8
21.79175620757232 293.0 666.9651455183816 11.130097692987869 1.159389541580983E-4 131.26887746753792 1.52414590184162E-4 1.1914349600692176 6.348087129857567E-8
21.82648850289526 293.0 670.2578871228872 11.178854830508241 1.1564266283477833E-4 131.6345299472636 1.5223146416302406E-4 1.1905134645803792 6.307903461114229E-8
21.86122079821819 293.0 673.5600841621558 11.227697189392055 1.1534739423874764E-4 131.8668871792567 1.5204845726638017E-4 1.1895949047832786 6.274381887200622E-8
21.86187 293.0 673.6218976530581 11.228610940139342 1.1534188484698497E-4 132.00523954031416 1.520450377320044E-4 1.189577763293008 6.267388423277607E-8
21.89595309354113 293.0 676.8717618603647 11.276624475135485 1.1505313443636625E-4 132.36810878403634 1.5186557279583783E-4 1.188679265489427 6.228404385469778E-8
21.93068538886407 293.0 680.1929455314907 11.325636394590115 1.1475986960535901E-4 132.73604211675377 1.5168281402077913E-4 1.1877665319743036 6.18908421893973E-8
21.96541768418701 293.0 683.5236605797115 11.374732655955157 1.1446758603405174E-4 133.10474274195775 1.515001841786007E-4 1.1868566899778268 6.150047166779574E-8
22.00014997950995 293.0 686.8639324998065 11.42391296876973 1.141762701204436E-4 133.47421419661006 1.513176864746177E-4 1.185949725701015 6.11129090861004E-8
22.0348822748329 293.0 690.2137868775625 11.473177043905102 1.1388590837090367E-4 133.84446003790575 1.5113532408287905E-4 1.1850456258047528 6.072813147314094E-8
22.06961457015584 293.0 693.5732493901783 11.522524593557195 1.135964874002012E-4 134.21548384317612 1.5095310014683882E-4 1.1841443774023093 6.034611608757471E-8
22.10434686547877 293.0 696.9423458066751 11.571955331238902 1.1330799392968686E-4 134.58728921076994 1.5077101777801353E-4 1.183245968074118 5.99668404150197E-8
22.13907916080171 293.0 700.3211019883065 11.621468971772572 1.1302041478687444E-4 134.95987975991986 1.5058908005852366E-4 1.1823503858493398 5.959028216554501E-8
22.17381145612465 293.0 703.7095438889716 11.671065231282611 1.1273373690468295E-4 135.3332591312289 1.504072900389837E-4 1.1814576192174857 5.9216419270595386E-8
22.20854375144759 293.0 707.1076975556304 11.720743827187976 1.1244794732022413E-4 135.7074309869237 1.502256507406601E-4 1.1805676571231318 5.884522988089584E-8
22.24327604677053 293.0 710.5155891287206 11.770504478194823 1.1216303317425683E-4 136.0823990110711 1.5004416515456014E-4 1.179680488962643 5.847669236329637E-8
22.27800834209347 293.0 713.9332448425785 11.820346904289226 1.1187898171024119E-4 136.4581669099684 1.4986283624253486E-4 1.1787961045853386 5.81107852985954E-8
22.31274063741641 293.0 717.3606910258596 11.87027082672987 1.1159578027341109E-4 136.83473841235377 1.4968166693665567E-4 1.1779144942925965 5.774748747869705E-8
22.34747293273935 293.0 720.7979541019644 11.920275968040858 1.1131341631020424E-4 137.2121172695906 1.4950066014146816E-4 1.1770356488308813 5.7386777904631116E-8
22.38220522806229 293.0 724.2450605894636 11.970362052004456 1.1103187736706179E-4 137.59030725673466 1.4931981872982016E-4 1.1761595594160523 5.702863578328897E-8
22.41693752338523 293.0 727.7020371025276 12.02052880365412 1.1075115109012519E-4 137.96931217163817 1.4913914554866417E-4 1.1752862176947982 5.667304052578675E-8
22.45166981870817 293.0 731.1689103513577 12.07077594926726 1.1047122522396909E-4 138.34913583615622 1.4895864341536478E-4 1.1744156157725496 5.631997174457422E-8
22.48640211403111 293.0 734.6457071426195 12.121103216358321 1.1019208761090417E-4 138.72978209607192 1.48778315119665E-4 1.1735477461996064 5.5969409251249604E-8
22.52113440935405 293.0 738.1324543798787 12.171510333671767 1.0991372619055268E-4 139.11125482159645 1.4859816342315858E-4 1.172682601978754 5.5621333054255765E-8
22.55586670467699 293.0 741.6291790640397 12.221997031175137 1.0963612899855718E-4 139.49355790722436 1.4841819106116034E-4 1.1718201765484604 5.527572335660547E-8
22.59059899999993 293.0 745.1359082937862 12.27256304005216 1.0935928416604697E-4 144.09561757272905 1.482384007397329E-4 1.1709604638116502 5.3324210427279334E-8
23.6836925 293.0 860.4269546872354 13.906659061303511 1.0112522805623334E-4 159.08101416879862 1.425547464050465E-4 1.1454551127193753 4.334030788077943E-8
25.505515 293.0 1074.4304445175364 16.805964097294396 8.916451558378133E-5 179.65637454793603 1.3334115658557823E-4 1.1080496715033927 3.224383711977233E-8
27.3273375 293.0 1316.6951627159006 19.913965599171387 7.902365554635688E-5 200.8703223733679 1.244984570334023E-4 1.0759246248661087 2.4402409983623608E-8
29.14916 293.0 1588.200918997414 23.220837450075283 7.037164502446393E-5 231.19100134435914 1.1608903577634008E-4 1.0480224434142706 1.8053641619009837E-8
32.792805 293.0 2222.5200791207244 30.39457904977494 5.654217941202919E-5 241.9928242684529 1.0066865878952316E-4 1.0019036846703335 1.2709814194449502E-8
