#rho T p e s c^2 cv gamma alpha
0.0 0.0 0.0 2.335052134346631 0.0 NaN 1.0663387292575602E-4 NaN NaN
7.287289999999999E-6 0.0 -8.366492636088313E-11 2.335052134346631 0.0 -3.8908306065545616E-5 1.0663387292575602E-4 0.659942532421936 -248194.94142371675
1.457458E-5 0.0 -3.119869926917771E-10 2.335041574646764 0.0 -8.125445555693963E-5 1.0651142625740025E-4 0.6607233978001151 -59425.47387622565
3.643645E-5 0.0 -1.779155678177243E-9 2.335011130911788 0.0 -1.656967943528978E-4 1.0636170313812163E-4 0.6617870637534482 -11658.78766940624
7.28729E-5 0.0 -6.639136428555694E-9 2.334964177517626 0.0 -3.093366760995908E-4 1.0627097947185415E-4 0.6625581612389541 -3123.497940257563
1.457458E-4 0.0 -2.478258306797515E-8 2.334876584591219 0.0 -6.458677222536953E-4 1.0620122088633666E-4 0.6633349517106074 -748.3810143729496
3.643645E-4 0.0 -1.4132261456505E-7 2.334634779921213 0.0 -0.0013171952984980763 1.061465026203693E-4 0.6644333861565302 -146.9504454587531
7.28729E-4 0.0 -5.273623575687019E-7 2.334261817903437 0.0 -0.002459156885637575 1.0614415887119837E-4 0.6653543447367274 -39.40912643627189
0.001457458 0.0 -1.968538459823547E-6 2.333566046686821 0.0 -0.005134464440356622 1.0618444423733283E-4 0.6664372069247964 -9.456467515968995
0.003643645 0.0 -1.12255769619602E-5 2.331645336517543 0.0 -0.010472239921280163 1.063257166330992E-4 0.668293117528966 -1.862214339655558
0.00728729 0.0 -4.188072576596334E-5 2.328682103870083 0.0 -0.017190235525951964 1.0652822007681011E-4 0.6702003614924876 -0.5699299089700681
0.010930935 0.0 -9.048160271496239E-5 2.325870522730404 0.0 -0.025916613082279806 1.0669906787231048E-4 0.6716302363078978 -0.2529620127115895
0.018218225 0.0 -2.388300245880176E-4 2.320504212330879 0.0 -0.04034849533242676 1.0698372844453847E-4 0.6739546280143675 -0.09808779776483059
0.02914916 0.0 -5.833004441866502E-4 2.312836598676368 0.0 -0.05999374399574995 1.0733604885637452E-4 0.6768090802511926 -0.04154127017545472
0.04372374 0.0 -0.001260292546982188 2.303047446742983 0.0 -0.0904851192687644 1.0773082807960428E-4 0.6801225024491685 -0.018519645783288328
0.0728729 0.0 -0.003326422218918778 2.284360214997627 0.0 -0.13726907769621097 1.0838974871981337E-4 0.6861372970575972 -0.00743464897719753
0.10930935 0.0 -0.007186828929862251 2.262030201957328 0.0 -0.20725082524950997 1.0909173898192939E-4 0.6933216633229068 -0.003338666616336959
0.18218225 0.0 -0.01896794146807441 2.219408425275796 0.0 -0.3238797684874328 1.1031307174175731E-4 0.7081018925205861 -0.0013238319291131921
0.2914916 0.0 -0.04631228728912826 2.15852050285016 0.0 -0.4846549275707805 1.1197025563573904E-4 0.7326756634668116 -5.807052592039455E-4
0.4372373999999999 0.0 -0.09998276452375986 2.080811550497765 0.0 -0.6739034214600715 1.141016644373372E-4 0.7712007216443403 -2.986375695721941E-4
0.5829832 0.0 -0.1724990977562886 2.005768908166077 0.0 -0.8636081761518087 1.1624751000187772E-4 0.8165706535116645 -1.8854049457080034E-4
0.728729 0.0 -0.2631519370298186 1.932705256794874 0.0 -1.0698488301235969 1.183576538375944E-4 0.8674815235334401 -1.3169464392061544E-4
0.91091125 0.0 -0.4009895432477525 1.84358562298703 0.0 -1.3105229581398414 1.2064489318169854E-4 0.9331615085466515 -9.430724555631403E-5
1.0930935 0.0 -0.5649059630206236 1.756521445832471 0.0 -1.5549052567227934 1.228608876223666E-4 1.0043536357895224 -7.260040795121169E-5
1.27527575 0.0 -0.7536212082540523 1.67125937848024 0.0 -1.8088743032253067 1.2557513946871867E-4 1.0902373976218864 -5.93488425745052E-5
1.457458 0.0 -0.9657908523714551 1.587645617671338 0.0 -2.1281251379294654 1.286942862032998E-4 1.1885121154099105 -4.9313936142380927E-5
1.8218225 0.0 -1.454240571941671 1.425036090165234 0.0 -2.6671229546432103 1.355287469243284E-4 1.411639097059142 -3.937367956072003E-5
2.186187 0.0 -2.015472924172265 1.268411541127033 0.0 -3.225138582530573 1.4302835929064068E-4 1.6620990661072448 -3.3716568971711976E-5
2.5505515 0.0 -2.632279653721533 1.117877147403408 0.0 -3.7802662619729674 1.51021985631769E-4 1.9299157495533652 -3.0228878771827888E-5
2.914916 0.0 -3.283949057139887 0.9737583599852551 0.0 -4.292663253373594 1.5913076727272138E-4 2.2111834878135963 -2.812069659045646E-5
3.2792805 0.0 -3.940366415877637 0.8365379344115296 0.0 -4.707449587829697 1.667791849883938E-4 2.453303665806779 -2.650506725796271E-5
3.643645 0.0 -4.581492223145241 0.7068155866955006 0.0 -5.012697634712215 1.731187990607846E-4 2.710346325750076 -2.568984316876435E-5
4.0080095 0.0 -5.166198229122915 0.5852854248488009 0.0 -5.1004794910246725 1.7698159314575088E-4 2.91353919666616 -2.522372468589436E-5
4.372374 0.0 -5.656275430603381 0.4727212951562417 0.0 -4.919964212507312 1.7686283833044547E-4 3.0589055206438833 -2.5149155534968456E-5
4.7367385 0.0 -6.007101385831915 0.3699653146024419 0.0 -4.403219996757723 1.7073451082779927E-4 3.122045720790447 -2.5557053345347182E-5
5.101102999999999 0.0 -6.168828809418168 0.2779165168803255 0.0 -3.525176407878315 1.5884319808903488E-4 3.101053605845186 -2.7392580609000373E-5
5.4654675 0.0 -6.086858747023126 0.1975174939947338 0.0 -2.3348202414235892 1.4525527518247574E-4 3.0442902714085087 -3.4652710265654295E-5
5.829832 0.0 -5.702240032412626 0.1297450458573294 0.0 -7.7440698332043 1.3263125971967903E-4 2.989703288859424 -8.783117309845298E-6
6.012014249999999 0.0 -6.580321918196348 0.07850836859716333 0.0 -0.6151520214648872 1.0647355856061659E-4 2.5697168772736587 -7.398174817157895E-5
6.194196499999999 0.0 -6.179980658435143 0.04724774173500833 0.0 0.30665156862574 1.0006855276462904E-4 2.5637383258299873 1.3506447835682885E-4
6.37637875 0.0 -5.658118501375752 0.01988302900461339 0.0 1.331672827549183 9.365870667582883E-5 2.5544199064546076 2.817531644251123E-5
6.558561 0.0 -5.00256247701774 -0.003400858721431686 0.0 2.46379867113925 8.727961802324071E-5 2.541929076862043 1.3729745500418573E-5
6.74074325 0.0 -4.200475452141736 -0.02243023889405523 0.0 3.6523342304521806 8.096671006423627E-5 2.5262461248449455 8.308140916413631E-6
6.922925499999999 0.0 -3.248289448245963 -0.03703449684361128 0.0 4.6120620827819225 7.475591346758541E-5 2.507387259490626 5.87059559979761E-6
6.995798399999999 0.0 -2.826461219002343 -0.04160993209287137 0.0 5.0030076636745635 7.230104383074234E-5 2.4988971325887044 5.162077163378313E-6
7.030530695322939 0.0 -2.617629167854611 -0.04353104661402134 0.0 5.228151268656512 7.114310911324682E-5 2.494718873402462 4.8285663122902E-6
7.06526299064588 0.0 -2.403782675666208 -0.04528662723104421 0.0 5.456734401278068 6.999461492025856E-5 2.490443102400829 4.521474697279103E-6
7.099995285968819 0.0 -2.184828665138889 -0.0468762057020151 0.0 5.688740768625685 6.884887213614052E-5 2.4860136872767105 4.237660316051787E-6
7.134727581291759 0.0 -1.960675348864635 -0.04829868061230636 0.0 5.92422936461975 6.770636046440684E-5 2.4814363671367063 3.974873866670879E-6
7.169459876614698 0.0 -1.731228726827768 -0.04955294078192972 0.0 6.163251152312424 6.656756808681136E-5 2.4767182665634873 3.7311524508600654E-6
7.204192171937639 0.0 -1.496392877715835 -0.0506378691681011 0.0 6.4008037962162785 6.543364175731646E-5 2.4718760622574703 3.507583186811659E-6
7.238924467260579 0.0 -1.25624542966431 -0.05155431681587266 0.0 6.637698123106013 6.4316728690869E-5 2.467042871010816 3.302243554815229E-6
7.273656762583518 0.0 -1.010832949735994 -0.0523028391842666 0.0 6.878217048356755 6.32033993975869E-5 2.462037755827619 3.1103299808838658E-6
7.308389057906457 0.0 -0.760052899067224 -0.05288235036993566 0.0 7.122433549733953 6.209415641931719E-5 2.45686969444248 2.9307771026813094E-6
7.343121353229398 0.0 -0.5038000587419122 -0.0532917550865234 0.0 7.368587216241411 6.098951092427305E-5 2.4515497630376935 2.763318408850117E-6
7.377853648552339 0.0 -0.2420302438779796 -0.05353058475789656 0.0 7.612396301982123 5.98985903126131E-5 2.446226132174913 2.6089260979890645E-6
7.412585943875278 0.0 0.02515296257996512 -0.05359987965472746 0.0 7.858594927743211 5.8816152649387184E-5 2.4407895103415442 2.464406215044676E-6
7.447318239198218 0.0 0.2978123399563598 -0.0534990528681762 0.0 8.107594441658682 5.773832610399393E-5 2.4351727007749924 2.3286382494779605E-6
7.482050534521157 0.0 0.57602545195066 -0.05322738099958212 0.0 8.35913005308166 5.666547538614368E-5 2.429381452596446 2.2010632810195166E-6
7.516782829844098 0.0 0.8598611625271613 -0.05278422467171653 0.0 8.609707672509973 5.5601137041010435E-5 2.423480784470674 2.082106042404286E-6
7.551515125167037 0.0 1.149267333464072 -0.05217003809020362 0.0 8.863001012068167 5.454883593548857E-5 2.417500014736663 1.9703214128719935E-6
7.586247420489976 0.0 1.444320994354358 -0.05138425090204324 0.0 9.117209764846935 5.350281547772388E-5 2.411432531007565 1.8653606115503526E-6
7.620979715812916 0.0 1.745036852810163 -0.05042673280497732 0.0 9.373572746258136 5.24682708470493E-5 2.405342136951628 1.7666790181537283E-6
7.655712011135856 0.0 2.051473026622781 -0.0492970877083798 0.0 9.631349279994804 5.143928964162761E-5 2.399243223607135 1.673772848518104E-6
7.690444306458797 0.0 2.363661932119409 -0.04799508516190454 0.0 9.88883939631427 5.042595799037509E-5 2.3931884348329415 1.58684423393004E-6
7.725176601781737 0.0 2.681576763494477 -0.04652090964032827 0.0 10.148879589940451 4.941874058293014E-5 2.387170570353636 1.5046954536831527E-6
7.759908897104676 0.0 3.005290118808934 -0.04487406522937864 0.0 10.411522520309417 4.841726319359413E-5 2.381195631421321 1.4270015630255212E-6
7.794641192427616 0.0 3.334876090168395 -0.04305405235116778 0.0 10.675640538196106 4.7421681550064316E-5 2.3752685578651014 1.3536288416525505E-6
7.829373487750556 0.0 3.670369241608635 -0.04106062452660583 0.0 10.937465014897976 4.6440344253762896E-5 2.3693625120777937 1.2849412030086385E-6
7.864105783073495 0.0 4.011673792839936 -0.03889437910558141 0.0 11.2017131673339 4.54706819319598E-5 2.3634688638254246 1.2199655251205817E-6
7.898838078396435 0.0 4.358859538422317 -0.03655491668620393 0.0 11.469062424940958 4.450693082823335E-5 2.3576104825946977 1.1582667057248906E-6
7.933570373719376 0.0 4.712019225486871 -0.03404170568635823 0.0 11.739396630332358 4.354926008266268E-5 2.351794362827423 1.0996783403738363E-6
7.968302669042315 0.0 5.07124095575114 -0.03135424613392927 0.0 12.007452515981397 4.2601323394481923E-5 2.346019066362178 1.0445709120511405E-6
8.003034964365256 0.0 5.43642961925256 -0.02849300091574352 0.0 12.275676814328932 4.167198770262575E-5 2.3402450691625836 9.926711376278185E-7
8.037767259688195 0.0 5.807577458093514 -0.02545803976741858 0.0 12.546473279533734 4.0748720567567857E-5 2.3344973368267983 9.433009404100628E-7
8.072499555011134 0.0 6.184760270888744 -0.02224901803735763 0.0 12.819890671378175 3.983163441016813E-5 2.328780909350616 8.963227263287702E-7
8.107231850334074 0.0 6.568055147235566 -0.01886559016164435 0.0 13.095980275102093 3.892084222037055E-5 2.323101695049053 8.516082221133337E-7
8.141964145657013 0.0 6.957540495316004 -0.01530740966102215 0.0 13.372095944518879 3.8016457560009125E-5 2.317466572919428 8.092010826471546E-7
8.176696440979953 0.0 7.353202283297003 -0.0115744729959996 0.0 13.64485142002723 3.713196634350257E-5 2.3118469316530876 7.694144496846619E-7
8.211428736302894 0.0 7.754910314265214 -0.007667267309238073 0.0 13.920581022505623 3.6257952980206096E-5 2.3062337808655715 7.315272693799881E-7
8.246161031625835 0.0 8.16275649564202 -0.003585527288390894 0.0 14.199645164557756 3.5390275368246134E-5 2.300641049668538 6.953500704136532E-7
8.280893326948775 0.0 8.576844423144879 6.710464559006981E-4 0.0 14.482136176575917 3.45290357932238E-5 2.2950783600038966 6.608032223195451E-7
8.315625622271714 0.0 8.997280036908831 0.005102753998135275 0.0 14.767596811430236 3.3674336988767765E-5 2.289557022927691 6.27835346969948E-7
8.350357917594653 0.0 9.424152400792691 0.009709860738914354 0.0 15.047676176967405 3.283418536168569E-5 2.2840876422776795 5.968490159718758E-7
8.385090212917593 0.0 9.857259667260784 0.01449205285381678 0.0 15.326956459645652 3.201867861918354E-5 2.2786340228301403 5.676940201540299E-7
8.419822508240532 0.0 10.29656286921444 0.01944921807900326 0.0 15.608204789790605 3.1209648368744096E-5 2.273181963119715 5.398426413071508E-7
8.454554803563472 0.0 10.74212059201135 0.02458140960275338 0.0 15.891446376223069 3.04071168320062E-5 2.2677341170827034 5.132313848703065E-7
8.489287098886413 0.0 11.19399216194572 0.02988868063490673 0.0 16.176708015151263 2.9611106248052858E-5 2.262293664648479 4.878005032309515E-7
8.524019394209352 0.0 11.65223765799878 0.03537108440687274 0.0 16.464018324670217 2.8821638873425866E-5 2.2568643786085247 4.634937307327729E-7
8.558751689532293 0.0 12.11691792381379 0.04102867417164354 0.0 16.75340801532586 2.803873698213735E-5 2.251450700922432 4.402580406703386E-7
8.593483984855233 0.0 12.58809457990012 0.04686150320380263 0.0 17.044910202798054 2.7262422865677906E-5 2.2460578299969773 4.1804342217674113E-7
8.628216280178172 0.0 13.0658300360721 0.05286962479953783 0.0 17.338560769872068 2.6492718833043023E-5 2.2406918207272044 3.968026751293304E-7
8.662948575501112 0.0 13.55018750412745 0.05905309227665113 0.0 15.383121544436898 2.572964721073344E-5 2.2353596994851 4.3158966914493997E-7
8.697680870824051 0.0 13.96303898475227 0.06540935799635543 0.0 -15.58297973032811 2.6405006087833666E-5 -9.710053046211907 1.8917071262418246E-6
8.73241316614699 0.0 13.96322293337541 0.07179606395253703 0.0 -13.747287162046565 2.9788799014477398E-5 -8.592755109759914 2.13223048685475E-6
8.76714546146993 0.0 13.96296664485633 0.07813216737888995 0.0 -12.176620525302289 3.3144969943049414E-5 -7.649796143881557 2.3751033237545E-6
8.801877756792871 0.0 13.96320293710743 0.08441826495496235 0.0 -9.778920865858769 3.640315441543821E-5 -6.278454112275787 2.655372651287445E-6
8.83661005211581 0.0 13.96949470302287 0.09065495571017053 0.0 -10.049902605372012 3.970764727776156E-5 -6.359116346271643 2.843304567757381E-6
8.871342347438752 0.0 13.96959914320512 0.09684280649622015 0.0 -9.207919079892326 4.298396361692577E-5 -5.848322026285401 3.0774209431086864E-6
8.906074642761691 0.0 13.96964656265448 0.1029823937787264 0.0 14.669217365109263 4.542797122369724E-5 1.1483839107472305 3.9931641799031146E-7
8.940806938084632 0.0 14.41657884889171 0.1091710912547825 0.0 16.781626168010956 4.466175310156027E-5 2.117754568067994 6.303773991626896E-7
8.975539233407572 0.0 14.88084053651693 0.115511295429093 0.0 17.0378606353283 4.390065349253123E-5 2.1108921932592883 6.059843769794775E-7
9.010271528730511 0.0 15.3510513282453 0.1220028613246605 0.0 17.29656869117357 4.314444823141019E-5 2.104101026503894 5.824969727662461E-7
9.04500382405345 0.0 15.827291982452 0.1286456378255053 0.0 17.557805724559948 4.2393131704950825E-5 2.0973801480573475 5.598783310086369E-7
9.07973611937639 0.0 16.30964472587015 0.1354394740167417 0.0 17.81969055260286 4.16466983083319E-5 2.0907285463447782 5.381518540749827E-7
9.114468414699331 0.0 16.79812599823926 0.142384485822899 0.0 18.07069729597993 4.092140427108279E-5 2.08406600422931 5.17792484636074E-7
9.14920071002227 0.0 17.29235707540254 0.1494822552956258 0.0 18.320411247717363 4.0219135826175715E-5 2.077377963826283 4.984595051570666E-7
9.18393300534521 0.0 17.79229663095838 0.1567328587106871 0.0 18.571285029400713 3.952196622688596E-5 2.0707497815232503 4.79838956971719E-7
9.218665300668151 0.0 18.29798364256502 0.1641360427642174 0.0 18.82333460015899 3.882985969237722E-5 2.0641814527497004 4.6190119203543076E-7
9.253397595991093 0.0 18.80945744354429 0.1716915547118013 0.0 19.07657614033652 3.814278058166005E-5 2.0576729729534518 4.446180088801992E-7
9.288129891314032 0.0 19.32675772694758 0.179399142366932 0.0 19.331026050119057 3.746069339301113E-5 2.051224336066524 4.279625690900056E-7
9.322862186636971 0.0 19.84992454967785 0.1872585540994729 0.0 19.58670094742154 3.678356276342417E-5 2.044835532813311 4.1190931939861376E-7
9.35759448195991 0.0 20.37899833666819 0.1952695388341232 0.0 19.84361766502309 3.6111353468068393E-5 2.038506548875942 3.96433918980253E-7
9.392326777282852 0.0 20.91401988511832 0.2034318460488903 0.0 20.10179324681264 3.5444030419704964E-5 2.0322373628875314 3.8151317153428445E-7
9.427059072605791 0.0 21.45503036878952 0.2117452257735645 0.0 20.361244943048302 3.4781558668222053E-5 2.0260279442363016 3.671249618034284E-7
9.46179136792873 0.0 22.00207134235947 0.2202094285882037 0.0 20.62199020451164 3.4123903399992866E-5 2.0198782506667805 3.532481961921152E-7
9.496523663251672 0.0 22.55518474583743 0.2288242056216182 0.0 20.884046675396085 3.3471029937406895E-5 2.0137882256431454 3.3986274718348135E-7
9.531255958574611 0.0 23.11441290904089 0.2375893085498619 0.0 21.147432184790368 3.2822903738295894E-5 2.0077577954568264 3.2694940127509766E-7
9.565988253897553 0.0 23.67979855613522 0.2465044895947313 0.0 21.412164736540003 3.2179490395404824E-5 2.0017868660376394 3.1448981017861453E-7
9.600720549220492 0.0 24.25138481023628 0.2555695015222634 0.0 21.678262497367648 3.154075563589057E-5 1.9958753194632661 3.0246644505207675E-7
9.635452844543432 0.0 24.82921519807824 0.2647840976412465 0.0 21.945743782892446 3.090666532073354E-5 1.9900230100828549 2.9086255354289745E-7
9.670185139866373 0.0 25.4133336547467 0.2741480318017289 0.0 22.214627041418304 3.0277185444254592E-5 1.984229760261145 2.796621194512242E-7
9.704917435189312 0.0 26.00378452847866 0.2836610583935351 0.0 22.484930835072934 2.9652282133556264E-5 1.9784953556514868 2.688498248245957E-7
9.739649730512252 0.0 26.60061258553051 0.2933229323447887 0.0 22.75667381805763 2.90319216480263E-5 1.9728195399773658 2.584110143210785E-7
9.774382025835193 0.0 27.20386301511483 0.3031334091204383 0.0 23.029874711522684 2.8416070378796138E-5 1.9672020092270952 2.4833166168156045E-7
9.809114321158132 0.0 27.81358143440731 0.3130922447207856 0.0 23.30455227467805 2.780469484823963E-5 1.9616424052098982 2.3859833817126047E-7
9.843846616481072 0.0 28.4298138936252 0.3231991956800255 0.0 23.576960810473214 2.7197761709423872E-5 1.9561403083871391 2.2923477822926785E-7
9.878578911804011 0.0 29.05247613280176 0.3334550912022383 0.0 23.83776965319784 2.673938580334288E-5 1.9507434597039321 2.2150906029199948E-7
9.913311207126952 0.0 29.68115557962593 0.3438633226309946 0.0 24.098656435085637 2.6364854321159437E-5 1.945403101129525 2.1469573124355758E-7
9.948043502449893 0.0 30.31585291302893 0.3544237405494557 0.0 24.360657523196156 2.599535805149842E-5 1.9400875045236206 2.0810879768664576E-7
9.982775797772833 0.0 30.9566081468167 0.3651358716503598 0.0 24.62378763801 2.5630825011045747E-5 1.9347970649014554 2.017399138319087E-7
10.01750809309577 0.0 31.60346165032674 0.3759992445870916 0.0 24.888061545241836 2.527118374973802E-5 1.9295321195443251 1.9558107275746465E-7
10.05224038841871 0.0 32.25645415238558 0.3870133899635381 0.0 25.153494024989627 2.4916363346842024E-5 1.924292942376579 1.896245905742944E-7
10.08697268374165 0.0 32.91562674531912 0.3981778403240102 0.0 25.420099837980224 2.4566293406894553E-5 1.9190797380659423 1.838630914410639E-7
10.12170497906459 0.0 33.58102088901723 0.4094921301432272 0.0 25.687893688574178 2.422090405589285E-5 1.9138926357884039 1.7828949337610267E-7
10.15643727438753 0.0 34.25267841505246 0.4209557958163617 0.0 25.956890184651815 2.3880125937341584E-5 1.908731682739004 1.7289699482200484E-7
10.19116956971047 0.0 34.93064153085461 0.4325683756491471 0.0 26.227103793836445 2.3543890208408875E-5 1.9035968372670973 1.6767906191175845E-7
10.22590186503341 0.0 35.61495282394161 0.4443294098480451 0.0 26.498548796099264 2.3212128536099537E-5 1.89848796170679 1.6262941639998245E-7
10.26063416035635 0.0 36.30565526620748 0.4562384405104733 0.0 26.771239232320983 2.288477309350867E-5 1.8934048148216696 1.5774202421581284E-7
10.29536645567929 0.0 37.00279221826899 0.468295011615098 0.0 27.04518884872663 2.2561756555966237E-5 1.888347043901166 1.530110846033224E-7
10.33009875100223 0.0 37.70640743387069 0.4804986690121785 0.0 27.320411036880998 2.2243012097403524E-5 1.883314176459841 1.4843101981517654E-7
10.36483104632517 0.0 38.41654506435066 0.4928489604139777 0.0 27.596918768854742 2.1928473386562755E-5 1.8783056115088241 1.4399646532475614E-7
10.39956334164811 0.0 39.13324966316694 0.5053454353852295 0.0 27.874724527523735 2.1618074583396126E-5 1.873320610428986 1.397022605317963E-7
10.43429563697105 0.0 39.85656619048595 0.517987645333663 0.0 28.153840231450356 2.1311750335382534E-5 1.8683582873673097 1.3554343992851115E-7
10.46902793229399 0.0 40.58654001783394 0.5307751435005873 0.0 28.434277154113012 2.100943577391704E-5 1.8634175991616801 1.315152247028579E-7
10.50376022761693 0.0 41.32321693281246 0.5437074849515325 0.0 28.71604583718707 2.071106651072712E-5 1.8584973347742924 1.2761301475414333E-7
10.53849252293987 0.0 42.06664314387864 0.5567842265669463 0.0 28.99915599739924 2.041657863435013E-5 1.853596104183672 1.2383238109701815E-7
10.57322481826281 0.0 42.81686528519189 0.5700049270329527 0.0 29.28361642669392 2.012590870655911E-5 1.848712326747692 1.2016905863381513E-7
10.60795711358575 0.0 43.57393042152744 0.5833691468321631 0.0 29.5637988674273 1.9838993758868973E-5 1.8438442189403996 1.1664117140829604E-7
10.64268940890869 0.0 44.33769030142902 0.5968789759643388 0.0 29.83613378375546 1.961637996149143E-5 1.8394707341322518 1.1363649076773771E-7
10.67742170423163 0.0 45.10780448932447 0.6105387890625029 0.0 30.10947286270558 1.94118885641205E-5 1.8352002006390558 1.1081069782811237E-7
10.71215399955457 0.0 45.88429675326893 0.6243480997207147 0.0 30.383653395927283 1.921200575172634E-5 1.8309244512776446 1.0807527065804463E-7
10.74688629487751 0.0 46.6672007620214 0.6383062980036449 0.0 30.658684234876326 1.901664416366095E-5 1.8266443604196667 1.0542696735295796E-7
10.78161859020045 0.0 47.45655042173399 0.6524127772894258 0.0 30.934574172987205 1.8825717288815993E-5 1.8223607305292424 1.0286266559531147E-7
10.81635088552339 0.0 48.25237987804787 0.6666669342471823 0.0 28.232555483885044 1.8639139457295798E-5 1.818074286045514 1.1097023975793592E-7
10.85108318084633 0.0 48.95126377604551 0.6810903907583493 0.0 22.221421690632162 1.854932091158426E-5 0.9658246492205732 7.429872586459519E-8
10.88581547616927 0.0 49.57173560905292 0.695602389843066 0.0 26.83050389650897 1.841487542498081E-5 1.8292266710183356 1.1533112083970729E-7
10.92054777149221 0.0 50.21430345196936 0.7101663375117134 0.0 24.711010237588454 1.8280196563178658E-5 1.0300008368668776 6.977237643726469E-8
10.95528006681515 0.0 50.90807803428198 0.7248069124619564 0.0 32.566260431923354 1.8195719536982772E-5 1.8777297008436629 9.57659086467716E-8
10.99001236213809 0.0 51.7361182007303 0.7396186871469047 0.0 32.85485113606301 1.8021417425931236E-5 1.8734255807427829 9.350346554867135E-8
11.02474465746103 0.0 52.57092947921296 0.7545754765923075 0.0 33.14438564748011 1.7851132691809142E-5 1.8691075951837994 9.13106779662894E-8
11.05947695278397 0.0 53.41255002322297 0.7696767469702347 0.0 33.434871787580775 1.7684790440331758E-5 1.864776310064583 8.918512208542789E-8
11.09420924810691 0.0 54.2610182734397 0.7849219670697124 0.0 33.72631721167253 1.752231644107985E-5 1.8604322176020376 8.7124459637061E-8
11.12894154342985 0.0 55.11637296043607 0.8003106082807074 0.0 34.018729360454536 1.7363637121552927E-5 1.8560757307205524 8.512643456409634E-8
11.16367383875279 0.0 55.9786531074165 0.8158421445782271 0.0 34.31211540899993 1.720867956136785E-5 1.8517071773996174 8.318886983218498E-8
11.19840613407573 0.0 56.84789803298585 0.8315160525065372 0.0 34.60648221338415 1.7057371486480452E-5 1.8473267950244334 8.130966437812366E-8
11.23313842939867 0.0 57.7241473539499 0.8473318111634957 0.0 34.90183625518313 1.6909641263456876E-5 1.8429347247917325 7.948679019060333E-8
11.26787072472161 0.0 58.60744098814767 0.8632889021849968 0.0 35.19818358340352 1.6765417893779378E-5 1.8385310060787066 7.771828951342065E-8
11.30260302004455 0.0 59.49781915731636 0.8793868097295363 0.0 35.495529754324934 1.6624631008308985E-5 1.8341155708869514 7.600227216921135E-8
11.33733531536749 0.0 60.39532238998866 0.8956250204628826 0.0 35.79387976921716 1.6487210861633408E-5 1.82968823834805 7.433691299580309E-8
11.37206761069043 0.0 61.2999915244236 0.9120030235428624 0.0 36.09019513962236 1.6353088326613893E-5 1.825248709247433 7.272658066379817E-8
11.40679990601337 0.0 62.21176202570879 0.9285246598813515 0.0 36.38838749493102 1.6174193443530533E-5 1.8217297650645752 7.098718475851179E-8
11.4415322013363 0.0 63.13052921784434 0.9451938197261152 0.0 36.686095052038574 1.5999033728207595E-5 1.8181948635492695 6.930243693436525E-8
11.47626449665924 0.0 64.05628058330257 0.9620097727982302 0.0 36.98325116405709 1.5828070096935944E-5 1.8146338435430909 6.767236203613424E-8
11.51099679198219 0.0 64.98900364681252 0.9789717930735989 0.0 37.279846746939086 1.566121348619592E-5 1.8110472482538509 6.609492881709408E-8
11.54572908730512 0.0 65.92868596279683 0.9960791593080282 0.0 37.575873139000734 1.5498375870850256E-5 1.8074356564503562 6.456818686014552E-8
11.58046138262806 0.0 66.87531511528374 1.013331154997961 0.0 37.871322105926346 1.5339470251906107E-5 1.8037996812865627 6.309026301119991E-8
11.615193677951 0.0 67.82887871781897 1.03072706834159 0.0 38.16618584445335 1.5184410644380429E-5 1.800139969009273 6.16593579889497E-8
11.64992597327394 0.0 68.78936441337801 1.048266192200352 0.0 38.46045698548489 1.50331120654217E-5 1.796457197605151 6.02737431623495E-8
11.68465826859688 0.0 69.75675987427884 1.065947824060804 0.0 38.75412859576141 1.4885490522389606E-5 1.7927520752936184 5.8931757483449514E-8
11.71939056391982 0.0 70.73105280209488 1.08377126599687 0.0 39.04719417870359 1.4741463001458941E-5 1.7890253389687003 5.7631804571632645E-8
11.75412285924276 0.0 71.71223092756823 1.101735824632461 0.0 39.33964767430059 1.4600947455664841E-5 1.7852777525689667 5.637234993607872E-8
11.7888551545657 0.0 72.7002820105233 1.119840811104452 0.0 39.63148345746992 1.4463862794126634E-5 1.781510105297302 5.5151918333888076E-8
11.82358744988864 0.0 73.6951938397805 1.138085541026027 0.0 39.9226963358025 1.4330128870353274E-5 1.7777232098454459 5.3969091251932345E-8
11.85831974521158 0.0 74.69695423307076 1.156469334450382 0.0 40.21328154587958 1.4199666471451892E-5 1.7739179004963983 5.282250450974452E-8
11.89305204053452 0.0 75.70555103694974 1.174991515834773 0.0 40.503234748637524 1.4072397307091435E-5 1.7700950311881394 5.1710845974440016E-8
11.92778433585746 0.0 76.72097212671278 1.193651414004916 0.0 40.79255202352379 1.3948243998780103E-5 1.7662554735082803 5.063285338308292E-8
11.9625166311804 0.0 77.74320540630985 1.212448362119737 0.0 41.0812298617876 1.3827130069165728E-5 1.7624001146688246 4.9587312266613863E-8
11.99724892650334 0.0 78.77223880826129 1.231381697636458 0.0 41.36926515826485 1.3708979931596398E-5 1.7585298553793538 4.8573053969209073E-8
12.03198122182628 0.0 79.80806029357292 1.250450762276013 0.0 41.656655202669604 1.3593718879642795E-5 1.754645607766687 4.758895375982429E-8
12.06671351714922 0.0 80.85065785165261 1.269654901988816 0.0 41.943397669592365 1.3481273076827188E-5 1.7507482932294527 4.6633929029731266E-8
12.10144581247216 0.0 81.90001950022638 1.288993466920839 0.0 42.22954839989157 1.3371569546803973E-5 1.746838840201286 4.570687502005558E-8
12.1361781077951 0.0 82.9561352925338 1.308465968162459 0.0 42.51892445757309 1.3257925996901808E-5 1.7430639616175636 4.478418783725903E-8
12.17091040311804 0.0 84.01909332096454 1.328079437233714 0.0 42.81452691837723 1.3112847811325793E-5 1.7400308823890658 4.378645262557956E-8
12.20564269844098 0.0 85.0889390891089 1.347837175890104 0.0 43.10952971425334 1.2971439947366401E-5 1.7369657478370752 4.28198859482725E-8
12.24037499376392 0.0 86.16566306640662 1.367738123126559 0.0 43.40392972638123 1.2833612594766259E-5 1.7338697705358612 4.188337067916978E-8
12.27510728908686 0.0 87.24925573987237 1.387781228316529 0.0 43.69772411076 1.2699277437179673E-5 1.7307441493435538 4.097583084390486E-8
12.3098395844098 0.0 88.33970761405551 1.407965451085396 0.0 43.99091027033812 1.2568347626755329E-5 1.7275900659349617 4.009622998281113E-8
12.34457187973273 0.0 89.43700921099969 1.428289761185729 0.0 44.28348582633048 1.2440737758711332E-5 1.7244086814406057 3.9243569585577384E-8
12.37930417505568 0.0 90.54115107020255 1.448753138374363 0.0 44.575448587840874 1.2316363846560782E-5 1.7212011330255481 3.841688759306083E-8
12.41403647037862 0.0 91.65212374857539 1.469354572291254 0.0 44.86679652030383 1.2195143297704741E-5 1.7179685305567591 3.761525696493318E-8
12.44876876570155 0.0 92.76991782040355 1.4900930623401 0.0 45.15752771223774 1.2076994889752261E-5 1.7147119532128268 3.6837784308156124E-8
12.48350106102449 0.0 93.89452387730603 1.510967617570682 0.0 45.44764034172126 1.1961838747070037E-5 1.7114324462555004 3.608360856537588E-8
12.51823335634743 0.0 95.02593252819591 1.531977256562904 0.0 45.73713264121632 1.184959631760757E-5 1.7081310178023088 3.535189975808212E-8
12.55296565167037 0.0 96.16413439924057 1.553121007312501 0.0 46.02600286144115 1.1740190350617799E-5 1.7048086356418535 3.46418577840507E-8
12.58769794699331 0.0 97.30912013382206 1.574397907118391 0.0 46.31424923477856 1.1633544874362428E-5 1.701466224187548 3.3952711265344794E-8
12.62243024231625 0.0 98.46088039249756 1.595807002471637 0.0 46.60186993763549 1.1529585174330034E-5 1.6981046614752136 3.3283716444515735E-8
12.65716253763919 0.0 99.61940585296037 1.617347348946 0.0 46.88886305198338 1.1428237772280751E-5 1.6947247762368163 3.2634156128099343E-8
12.69189483296213 0.0 100.7846872099997 1.639018011090037 0.0 47.17522652716528 1.1329430404739909E-5 1.6913273451686812 3.200333867276894E-8
12.72662712828507 0.0 101.9567151754626 1.660818062320763 0.0 47.46095813992657 1.1233092003052987E-5 1.6879130901548762 3.139059701497895E-8
12.76135942360801 0.0 103.1354804782142 1.682746584818789 0.0 47.74605545520136 1.1139152672858894E-5 1.684482675732374 3.0795287739778526E-8
12.79609171893095 0.0 104.3209738640991 1.704802669424969 0.0 48.03051578558076 1.1047543674343914E-5 1.6810367065516219 3.021679018760825E-8
12.83082401425389 0.0 105.5131860959021 1.726985415538491 0.0 48.31433615265075 1.0958197402985472E-5 1.6775757252089727 2.965450560132068E-8
12.86555630957683 0.0 106.7121079533099 1.749293931016407 0.0 48.597181820900865 1.0871047370433664E-5 1.6741002097669473 2.9108054812124776E-8
12.90028860489977 0.0 107.9177187217641 1.77172805471044 0.0 48.87779282503653 1.077480755370805E-5 1.6708948343475016 2.855272915859793E-8
12.93502090022271 0.0 109.1298715281689 1.794296399047324 0.0 49.16236107265796 1.0658674223143212E-5 1.668232275975784 2.796145978591047E-8
12.96975319554565 0.0 110.3485534213264 1.817000987584644 0.0 49.447518030929025 1.0545578086779736E-5 1.665531988810097 2.7387170202414924E-8
13.00448549086859 0.0 111.5738021286692 1.839840901340773 0.0 49.73328881876571 1.0435440116710103E-5 1.66279660672604 2.6829312600262063E-8
13.03921778619153 0.0 112.8056556688614 1.86281522958039 0.0 50.019698349527815 1.0328182520693729E-5 1.6600286485574645 2.6287354376341476E-8
13.07395008151447 0.0 114.0441523546143 1.885923069722181 0.0 50.306771177870495 1.0223728722250181E-5 1.657230504831439 2.5760777684653588E-8
13.10868237683741 0.0 115.2893307955341 1.909163527247789 0.0 50.594531346496304 1.0122003341777968E-5 1.6544044251464818 2.5249079009999676E-8
13.14341467216035 0.0 116.5412299010038 1.932535715611978 0.0 50.88300222306712 1.0022932176946243E-5 1.6515525050788673 2.4751768745150955E-8
13.17814696748329 0.0 117.7998888830982 1.956038756153999 0.0 51.1722063373742 9.92644218429577E-6 1.6486766737716865 2.4268370788616127E-8
13.21287926280623 0.0 119.0653472595333 1.979671778010136 0.0 51.46216520993766 9.83246146067916E-6 1.6457786811930248 2.3798422147703274E-8
13.24761155812917 0.0 120.3376448566497 2.003433918027405 0.0 51.75289917821444 9.740919225389913E-6 1.642860085767217 2.3341472556172582E-8
13.28234385345211 0.0 121.6168218124315 2.027324320678405 0.0 52.044427220385 9.65174580214607E-6 1.6399222423647362 2.2897084103495713E-8
13.31707614877505 0.0 122.9029185795604 2.051342137977295 0.0 52.33676677358813 9.564872601716736E-6 1.6369662902881865 2.2464830873372828E-8
13.35180844409799 0.0 124.1959759285065 2.075486529396877 0.0 52.629933549277276 9.480232104847097E-6 1.6339931415582758 2.2044298593419882E-8
13.38654073942092 0.0 125.4960349506542 2.099756661786768 0.0 52.92394134752043 9.397757845145172E-6 1.631003469678446 2.1635084296405546E-8
13.42127303474386 0.0 126.803137061467 2.124151709292653 0.0 53.218801864639744 9.317384392978826E-6 1.6279976982513422 2.1236795988972946E-8
13.4560053300668 0.0 128.1173240036876 2.148670853276589 0.0 53.51452450264593 9.239047338653358E-6 1.6249759903803784 2.084905233257242E-8
13.49073762538974 0.0 129.4386378505777 2.173313282238361 0.0 53.811116174502644 9.162683276629957E-6 1.6219382381604548 2.0471482333427803E-8
13.52546992071268 0.0 130.767121009196 2.198078191737849 0.0 54.10858110348158 9.088229789958463E-6 1.6188840521069345 2.0103725038300548E-8
13.56020221603562 0.0 132.1028162237147 2.22296478431843 0.0 54.40692062805823 9.015625434296835E-6 1.6158127516939882 1.9745429244898805E-8
13.59493451135856 0.0 133.445766578776 2.247972269431344 0.0 54.70613299723669 8.944809723277648E-6 1.6127233554068405 1.9396253216164676E-8
13.6296668066815 0.0 134.7960155028893 2.273099863361077 0.0 55.00414800243744 8.875723113109217E-6 1.6096145714813672 1.9056579868537858E-8
13.66439910200444 0.0 136.1535350439464 2.298348446302551 0.0 55.294643233734874 8.794604501042116E-6 1.6068870511141524 1.8703723186398822E-8
13.69913139732738 0.0 137.5179393849474 2.323726986432217 0.0 55.58755769796619 8.702218477173951E-6 1.6045222739977472 1.8336021447350382E-8
13.73386369265032 0.0 138.8891931023457 2.349236071006209 0.0 55.88093599063177 8.612296246794819E-6 1.6021197363958504 1.7978668562456494E-8
13.76859598797326 0.0 140.2673309499106 2.374874661102301 0.0 56.17480658623467 8.524769376483987E-6 1.599682232029861 1.7631331757237327E-8
13.8033282832962 0.0 141.6523879169307 2.400641728793278 0.0 56.46919739098104 8.439570674189528E-6 1.5972124163772101 1.7293687226778667E-8
13.83806057861914 0.0 143.0443992302126 2.426536257001868 0.0 56.764135562626755 8.35663416623716E-6 1.5947127938858894 1.6965419883104886E-8
13.87279287394208 0.0 144.4434003560994 2.452557239357977 0.0 52.70254436634543 8.275895073941132E-6 1.592185705664493 1.802242437110239E-8
13.90752516926502 0.0 145.698094815647 2.478724021781618 0.0 83.23250432931755 8.072655797127042E-6 4.915297967918783 3.427863099091102E-8
13.94225746458796 0.0 146.8004572883926 2.504962179531919 0.0 83.57367080345273 7.89735298107115E-6 4.937412712004844 3.346404257628692E-8
13.9769897599109 0.0 147.8975390891812 2.531224138743998 0.0 86.66832113520037 7.723650403999625E-6 4.961214072955976 3.16327205092072E-8
14.01172205523384 0.0 149.0843842241395 2.557532802082082 0.0 57.00036764052561 7.491567126263781E-6 1.5238034618664376 1.4293298400462111E-8
14.04645435055678 0.0 150.5010150636165 2.583988001339176 0.0 57.29241753549673 7.4264672321928335E-6 1.5211982977840461 1.4037967721963916E-8
14.08118664587972 0.0 151.9248136918349 2.610561618628566 0.0 57.58524084521754 7.363068424292211E-6 1.5185812703006571 1.378943375498702E-8
14.11591894120266 0.0 153.3558174543308 2.637252771112557 0.0 57.87885046952867 7.301315572779372E-6 1.5159530012023255 1.3547457709360982E-8
14.1506512365256 0.0 154.7940639565275 2.664060584707408 0.0 58.17325661421763 7.241154515811256E-6 1.513313845090068 1.3311807111968774E-8
14.18538353184854 0.0 156.2395910660007 2.690984193975104 0.0 58.468466591220796 7.182532042355725E-6 1.5106638802108963 1.3082255630400654E-8
14.22011582717148 0.0 157.6924369147674 2.718022742016742 0.0 58.76448461599435 7.1253958753079235E-6 1.5080028994589971 1.2858582900016863E-8
14.25484812249442 0.0 159.1526399015972 2.745175380367447 0.0 59.061311603117765 7.069694654973995E-6 1.5053304016294236 1.2640574355189377E-8
14.28958041781735 0.0 160.6202386943498 2.772441268892872 0.0 59.35894496151227 7.015377922922181E-6 1.502645583062948 1.2428021065611606E-8
14.32431271314029 0.0 162.0952722323357 2.799819575687215 0.0 59.65737839361201 6.962396105895139E-6 1.4999473300074957 1.2220719578856323E-8
14.35904500846323 0.0 163.5777797287032 2.827309476972718 0.0 59.95660168684029 6.910700500441695E-6 1.4972342107073 1.201847176457752E-8
14.39377730378617 0.0 165.0678006728489 2.854910157000636 0.0 60.25231459146057 6.8602432574414444E-6 1.4945044682663309 1.1821925532374017E-8
14.42850959910911 0.0 166.5652259730684 2.882623532187512 0.0 60.54024522939763 6.797512617191838E-6 1.492184636331416 1.1611997615586913E-8
14.46324189443205 0.0 168.0696277705045 2.910457424674408 0.0 60.83038708358171 6.7301168996973205E-6 1.4900341712757863 1.1398103765230304E-8
14.49797418975499 0.0 169.5810207556638 2.938411637906159 0.0 61.12138069940094 6.664647572600544E-6 1.487845994703109 1.119011862848194E-8
14.53270648507793 0.0 171.099455200239 2.966485342808837 0.0 61.41328773140768 6.601031837102043E-6 1.4856246302157756 1.09878334610015E-8
14.56743878040087 0.0 172.6249818590667 2.994677717908056 0.0 61.70616867728791 6.539198109244084E-6 1.4833743758220397 1.0791044507389338E-8
14.60217107572381 0.0 174.1576519759467 3.022987949242127 0.0 62.00008253106675 6.479075999108422E-6 1.4810992815001514 1.0599552874962803E-8
14.63690337104675 0.0 175.6975172895437 3.051415230276358 0.0 62.2950864244457 6.420596291544758E-6 1.4788031266455335 1.0413164408369294E-8
14.67163566636969 0.0 177.2446300393755 3.079958761818524 0.0 62.59123526879566 6.363690926439997E-6 1.4764893984550682 1.0231689567214515E-8
14.70636796169263 0.0 178.7990429718885 3.10861775193553 0.0 62.88858139616108 6.308292979462006E-6 1.4741612710760699 1.0054943307139834E-8
14.74110025701557 0.0 180.3608093466212 3.137391415871144 0.0 63.1871741917186 6.254336643905495E-6 1.4718215848743132 9.882744962113753E-9
14.77583255233851 0.0 181.929982942459 3.166278975964918 0.0 63.48705973038835 6.201757211757224E-6 1.4694728268582533 9.714918130110476E-9
14.81056484766145 0.0 183.5066180639797 3.195279661572139 0.0 63.78828040483172 6.150491055587806E-6 1.4671171111845107 9.551290559552649E-9
14.84529714298439 0.0 185.0907695478924 3.224392708984908 0.0 64.09087455757172 6.100475611178232E-6 1.4647561607638317 9.391694041366087E-9
14.88002943830733 0.0 186.6824927695714 3.253617361354254 0.0 64.39487610758317 6.0516493596718824E-6 1.4623912891632675 9.23596430103198E-9
14.91476173363027 0.0 188.2818436496872 3.28295286861331 0.0 64.70031417579743 6.003951810798039E-6 1.4600233831546268 9.083940894927217E-9
14.94949402895321 0.0 189.8888786609347 3.312398487401521 0.0 65.00721270468453 5.957323485513718E-6 1.4576528854962294 8.935467106727184E-9
14.98422632427615 0.0 191.5036548348622 3.341953480989849 0.0 65.31559007798623 5.9117059002068254E-6 1.4552797784339586 8.790389849618311E-9
15.01895861959909 0.0 193.1262297688006 3.371617119206996 0.0 65.62545873498092 5.867041549628829E-6 1.4529035674488302 8.648559568129845E-9
15.05369091492203 0.0 194.756661632898 3.401388678366594 0.0 65.93682477828725 5.823273891587737E-6 1.4505232651825104 8.509830144232158E-9
15.08842321024497 0.0 196.3950091772577 3.431267441195381 0.0 66.24968757436574 5.780347330707345E-6 1.4481373754666684 8.374058803702E-9
15.12315550556791 0.0 198.0413317391846 3.461252696762316 0.0 66.56403935035682 5.738207203579435E-6 1.4457438777487812 8.241106027788689E-9
15.15788780089085 0.0 199.695689250539 3.491343740408622 0.0 66.87080138097349 5.696799763165911E-6 1.4433402110281146 8.11193477313913E-9
15.19262009621379 0.0 201.3578274526931 3.52154482773331 0.0 67.17237950124769 5.63528887190937E-6 1.441680909278847 7.960895442386896E-9
15.22735239153672 0.0 203.0272293338035 3.551864132971395 0.0 67.47565754976306 5.571424793601286E-6 1.440128283888357 7.809009096535895E-9
15.26208468685967 0.0 204.7039079064152 3.582301321713414 0.0 67.77909383866005 5.5090642594884555E-6 1.438542849362058 7.66109809793462E-9
15.29681698218261 0.0 206.3878867488025 3.612855896068159 0.0 68.08270064439316 5.44817864179833E-6 1.4369258382974766 7.517057084037358E-9
15.33154927750554 0.0 208.0791895412159 3.643527360944335 0.0 68.38649089543726 5.388739599428252E-6 1.43527850325398 7.376783121081106E-9
15.36628157282848 0.0 209.777840066434 3.674315224030897 0.0 68.69047813922985 5.3307190749758955E-6 1.4336021136406918 7.240175647594858E-9
15.40101386815142 0.0 211.4838622103187 3.705218995777573 0.0 68.99467650222738 5.274089291555399E-6 1.4318979522259316 7.107136418077035E-9
15.43574616347436 0.0 213.1972799623746 3.736238189375519 0.0 69.29910064664992 5.218822750455399E-6 1.4301673115082119 6.977569449097402E-9
15.4704784587973 0.0 214.9181174163113 3.767372320738172 0.0 69.60376572607812 5.1648922280317015E-6 1.4284114901311777 6.851380966222139E-9
15.50521075412024 0.0 216.6463987706104 3.798620908482245 0.0 69.90868733611245 5.112270772615261E-6 1.4266317890717566 6.728479351799864E-9
15.53994304944318 0.0 218.3821483290951 3.829983473908873 0.0 70.21388145945888 5.0609317025528865E-6 1.4248295075523856 6.60877509486656E-9
15.57467534476612 0.0 220.1253905015045 3.861459540984947 0.0 70.51936441182535 5.010848602946843E-6 1.4230059391548175 6.49218074151178E-9
15.60940764008906 0.0 221.8761498040709 3.893048636324565 0.0 70.82515278507336 4.961995323098581E-6 1.4211623678700696 6.3786108473345615E-9
15.644139935412 0.0 223.6344508601012 3.924750289170658 0.0 71.13126337899706 4.91434597386062E-6 1.4193000634845347 6.267981928962843E-9
15.67887223073494 0.0 225.4003184005624 3.956564031376787 0.0 71.43771314583397 4.867874925049661E-6 1.4174202780106395 6.16021242029837E-9
15.71360452605788 0.0 227.1737772646701 3.98848939738904 0.0 71.7445191132385 4.822556802890319E-6 1.4155242407457576 6.055222625595612E-9
15.74833682138082 0.0 228.9548524004819 4.020525924228137 0.0 72.05169831931754 4.778366487259853E-6 1.4136131543285333 5.9529346766199454E-9
15.78306911670376 0.0 230.7435688654943 4.052673151471646 0.0 72.35926774083097 4.735279109330888E-6 1.4116881904612513 5.853272490276296E-9
15.8178014120267 0.0 232.5399518272428 4.084930621236356 0.0 72.66724421550835 4.693270049076373E-6 1.4097504853759317 5.756161726298554E-9
15.85253370734964 0.0 234.3440265639072 4.117297878160794 0.0 72.97564436564203 4.652314932759223E-6 1.4078011355398226 5.661529746603291E-9
15.88726600267258 0.0 236.1558184649199 4.149774469387895 0.0 73.28448452269755 4.612389630268902E-6 1.4058411935726924 5.5693055759307026E-9
15.92199829799552 0.0 237.975353031579 4.182359944547806 0.0 73.59378064171986 4.5734702530702825E-6 1.403871663623864 5.4794198624980055E-9
15.95673059331846 0.0 239.8026558776651 4.215053855740836 0.0 73.9035482218006 4.53553315144838E-6 1.4018934973051527 5.391804840180053E-9
15.9914628886414 0.0 241.6377527300615 4.247855757520537 0.0 74.21380222479384 4.498554912273526E-6 1.3999075896436437 5.306394292056628E-9
16.02619518396434 0.0 243.4806694293801 4.280765206876938 0.0 74.43048928573775 4.46251235685839E-6 1.3979147746897207 5.2297246691113325E-9
16.032038 0.0 243.791463033613 4.286311912426796 0.0 74.55783415060081 4.456539432254357E-6 1.3975789116818251 5.2106520727723E-9
16.06092747928728 0.0 245.3314319305898 4.313781763219907 0.0 74.83582613487897 4.427382538233327E-6 1.3959158216884837 5.1419292785019676E-9
16.09565977461022 0.0 247.1900663036501 4.346904988362649 0.0 75.14762250132578 4.3931427391564636E-6 1.3939114310258063 5.062749802443459E-9
16.13039206993315 0.0 249.0565987341486 4.380134446505343 0.0 75.45995803606954 4.3597704696339615E-6 1.3919022304602735 4.985524711447518E-9
16.16512436525609 0.0 250.931055523943 4.413469704218912 0.0 75.7728437137585 4.32724346480765E-6 1.3898887709337828 4.910195007195998E-9
16.19985666057903 0.0 252.8134630918066 4.446910330428921 0.0 76.08628945862849 4.2955396827201995E-6 1.3878715237532142 4.836703037358281E-9
16.23458895590197 0.0 254.7038479740793 4.48045589639961 0.0 76.4003040429658 4.264637302080298E-6 1.3858508761704333 4.7649924620691955E-9
16.26932125122492 0.0 256.6022368253218 4.51410597571806 0.0 76.7148950070114 4.234514719966593E-6 1.3838271284659514 4.695008224592501E-9
16.30405354654786 0.0 258.5086564189745 4.54786014427847 0.0 77.03006857153883 4.205150549960242E-6 1.3818004906858616 4.6266965219509985E-9
16.33878584187079 0.0 260.4231336480221 4.581717980266595 0.0 77.34582954413962 4.176523619450873E-6 1.3797710790873194 4.5600047743215E-9
16.37351813719373 0.0 262.3456955256604 4.61567906414427 0.0 77.66218123646149 4.14861296847325E-6 1.377738913388606 4.494881598434169E-9
16.40825043251667 0.0 264.2763691859692 4.64974297863409 0.0 77.97912537729195 4.121397846615257E-6 1.3757039138697142 4.431276778816639E-9
16.44298272783961 0.0 266.2151818845893 4.683909308704202 0.0 78.29666202208624 4.0948577115484225E-6 1.3736658983474916 4.36914124086606E-9
16.47771502316255 0.0 268.1621609994037 4.718177641553213 0.0 78.61478947422843 4.068972226793094E-6 1.3716245799795046 4.3084270253201285E-9
16.51244731848549 0.0 270.1173340312243 4.752547566595233 0.0 78.9335041889952 4.043721259759143E-6 1.3695795640964084 4.249087261120946E-9
16.54717961380843 0.0 272.0807286044817 4.787018675445031 0.0 79.25280069705707 4.019084879541748E-6 1.3675303463249235 4.191076141270635E-9
16.58191190913137 0.0 274.0523724679216 4.821590561903305 0.0 79.57267151419553 3.995043355421312E-6 1.3654763099613239 4.1343488980419745E-9
16.61664420445431 0.0 276.032293495304 4.856262821942085 0.0 79.893107063594 3.971577154291878E-6 1.3634167241831388 4.078861779219935E-9
16.65137649977725 0.0 278.0205196861087 4.891035053690235 0.0 80.214095581421 3.948666939222275E-6 1.3613507413403454 4.02457202384371E-9
16.68610879510019 0.0 280.0170791662446 4.925906857419086 0.0 80.5356230424243 3.9262935672519E-6 1.3592773955319826 3.9714378402541425E-9
16.72084109042313 0.0 282.0220001887639 4.960877835528178 0.0 80.85767307617034 3.904438087553881E-6 1.3571956006868633 3.919418383738848E-9
16.75557338574607 0.0 284.0353111345817 4.995947592531109 0.0 81.07702443665697 3.883081739628846E-6 1.3551041481200135 3.873397889448895E-9
16.760767 0.0 284.3370898143768 5.001200133779398 0.0 81.2103321207436 3.879930019451212E-6 1.3547904971351008 3.861809609145019E-9
16.79030568106901 0.0 286.0570405132001 5.031115735041507 0.0 81.50326311692272 3.862205951345625E-6 1.3530017057195909 3.8185648730108655E-9
16.82503797639195 0.0 288.0872169634371 5.066381871759115 0.0 81.82675788869525 3.841792337288093E-6 1.3508868155365354 3.769653668156763E-9
16.85977027171489 0.0 290.1258692541606 5.101745613455964 0.0 82.15068458283024 3.821822696704022E-6 1.3487578921333425 3.721702846324043E-9
16.89450256703783 0.0 292.1730262850277 5.137206572962692 0.0 82.47501383137305 3.8022790117907084E-6 1.3466132214970585 3.674675977758306E-9
16.92923486236077 0.0 294.2287170872286 5.172764365154947 0.0 82.79971341369698 3.7831434459193448E-6 1.3444509591559755 3.628537455443508E-9
16.96396715768371 0.0 296.2929708242359 5.208418606939894 0.0 83.12474816220185 3.7643983418900264E-6 1.3422691281410348 3.583252475170557E-9
16.99869945300665 0.0 298.3658167925587 5.244168917242845 0.0 83.45007988830464 3.746026220401049E-6 1.340065618185441 3.538787018616817E-9
17.03343174832959 0.0 300.4472844225024 5.280014916993987 0.0 83.77456710240953 3.7280097777528534E-6 1.3378381833143516 3.495153732808502E-9
17.06816404365253 0.0 302.5373650672627 5.315956812160274 0.0 84.0846430627306 3.7042692719580047E-6 1.3359252602903176 3.448110838151092E-9
17.10289633897547 0.0 304.6353708397583 5.352005131532915 0.0 84.40297879380375 3.665144897469069E-6 1.3348811600996515 3.3892711483187614E-9
17.13762863429841 0.0 306.7410574467571 5.3881635321974 0.0 84.7212359884772 3.627025493572928E-6 1.3337923982407236 3.3319297438593193E-9
17.17236092962134 0.0 308.854451723595 5.424431524294593 0.0 85.03943690362094 3.5898892481624805E-6 1.3326606036057491 3.2760477698287065E-9
17.20709322494428 0.0 310.9755806307637 5.460808620867533 0.0 85.35760496572676 3.5537145810932243E-6 1.331487439019776 3.221587159005521E-9
17.24182552026722 0.0 313.1044712546405 5.497294337839975 0.0 85.67576472010568 3.5184801420708857E-6 1.3302745975555927 3.168510618214717E-9
17.27655781559016 0.0 315.2411508082248 5.533888193995122 0.0 85.99394173697483 3.4841648075900156E-6 1.329023796583264 3.116781610373068E-9
17.3112901109131 0.0 317.3856466318786 5.57058971095454 0.0 86.31216254681225 3.4507476791583754E-6 1.3277367735824388 3.066364341323701E-9
17.34602240623604 0.0 319.5379861940721 5.607398413157261 0.0 86.63045456086807 3.418208080419217E-6 1.3264152812610221 3.017223744898041E-9
17.38075470155898 0.0 321.6981970921355 5.644313827839073 0.0 86.94884597677063 3.3865255551919836E-6 1.3250610820109063 2.9693254681518324E-9
17.41548699688192 0.0 323.8663070530152 5.681335485011998 0.0 87.26736569164397 3.3556798646864327E-6 1.3236759429134481 2.9226358571890524E-9
17.45021929220486 0.0 326.0423439340352 5.718462917443916 0.0 87.58604320611158 3.3256509856045644E-6 1.3222616303978036 2.8771219435539005E-9
17.4849515875278 0.0 328.2263357236653 5.755695660638435 0.0 87.8048898445106 3.2964191076914993E-6 1.3208199048256715 2.835978221686049E-9
17.489496 0.0 328.5126816410915 5.760575001136091 0.0 87.93156806538893 3.292652306035615E-6 1.3206293318365214 2.8275135806551193E-9
17.51968388285074 0.0 330.4183105422935 5.793033252814868 0.0 88.22399204867233 3.2679646311945122E-6 1.319352515008464 2.7894926784857603E-9
17.55441617817368 0.0 332.6182966430032 5.830475234888427 0.0 88.54332448103547 3.240268165240487E-6 1.317861193056777 2.7473146944543776E-9
17.58914847349662 0.0 334.8263224123584 5.868021150450573 0.0 88.8629366916645 3.2133105252031115E-6 1.3163476478893825 2.706187115474065E-9
17.62388076881956 0.0 337.0424163711913 5.905670545749548 0.0 89.18285963879319 3.187072730406822E-6 1.314813561412226 2.666080199119201E-9
17.6586130641425 0.0 339.2666071753982 5.943422969671068 0.0 89.50312422273657 3.161536002443031E-6 1.3132605814569185 2.6269648087860776E-9
17.69334535946544 0.0 341.4989236167397 5.981277973719186 0.0 89.8237611859268 3.1366817626597786E-6 1.311690317285063 2.5888124024331247E-9
17.72807765478838 0.0 343.7393946236466 6.019235111997329 0.0 90.1448009882863 3.1124916301105875E-6 1.3101043339424745 2.5515950201127814E-9
17.76280995011132 0.0 345.9880492620321 6.057293941189488 0.0 90.46627368673502 3.088947419656396E-6 1.308504146985004 2.5152852722717334E-9
17.79754224543426 0.0 348.2449167361093 6.095454020541577 0.0 90.78820881796005 3.066031139761344E-6 1.3068912175118665 2.4798563282889034E-9
17.8322745407572 0.0 350.510026389215 6.13371491184296 0.0 91.11063526785274 3.043724990227336E-6 1.3052669466662994 2.44528190429026E-9
17.86700683608014 0.0 352.7834077046388 6.17207617940812 0.0 91.433581156368 3.0220113607551813E-6 1.303632671060198 2.41153625293627E-9
17.90173913140308 0.0 355.0650903064587 6.210537390058504 0.0 91.75707371099952 3.0008728285260816E-6 1.3019896577582941 2.3785941518241233E-9
17.93647142672602 0.0 357.3551039603825 6.249098113104515 0.0 92.08113914342887 2.98029215611988E-6 1.300339099558364 2.3464308925808814E-9
17.97120372204895 0.0 359.653478574595 6.287757920327664 0.0 92.40580252912584 2.960252290168042E-6 1.2986821105543953 2.3150222709014967E-9
18.0059360173719 0.0 361.9602442006121 6.326516385962871 0.0 92.7310876811929 2.9407363587820723E-6 1.297019721525371 2.2843445753702868E-9
18.04066831269484 0.0 364.2754310341388 6.365373086680911 0.0 93.05701704097723 2.9217276699309775E-6 1.2953528763024542 2.254374578272766E-9
18.07540060801778 0.0 366.5990694159375 6.404327601571039 0.0 93.3836115391002 2.9032097095738034E-6 1.293682426763069 2.2250895244295594E-9
18.11013290334072 0.0 368.9311898326981 6.443379512123721 0.0 93.71089049304058 2.885166139914637E-6 1.2920091297673815 2.196467122559579E-9
18.14486519866366 0.0 371.2718229179174 6.482528402213558 0.0 94.03887148091158 2.8675807971677824E-6 1.2903336430175645 2.168485534868041E-9
18.17959749398659 0.0 373.6209994527833 6.521773858082312 0.0 94.3675702286404 2.8504376901801266E-6 1.2886565216891335 2.141123368223458E-9
18.21432978930953 0.0 375.9787503670663 6.561115468322109 0.0 94.5868635712614 2.8337209985330702E-6 1.2869782148424527 2.1168216244766526E-9
18.218225 0.0 376.2437071220155 6.565533590068287 0.0 94.72006136469815 2.8318721332224744E-6 1.2867899355398835 2.111705072692096E-9
18.24906208463247 0.0 378.3451067400168 6.600552823858774 0.0 95.027173944495 2.817415070399545E-6 1.2852990625807823 2.0881738923873318E-9
18.28379437995541 0.0 380.7200998012696 6.640085517935305 0.0 95.35810007095833 2.8015044211969958E-6 1.2836192926864747 2.06254593721022E-9
18.31852667527835 0.0 383.1037609317543 6.679713146095483 0.0 95.68978604334278 2.785973731964834E-6 1.2819390176631262 2.0374560935905485E-9
18.35325897060129 0.0 385.4961216646125 6.71943530616764 0.0 96.02223663041094 2.7708078470377734E-6 1.2802582326131369 2.0128850566056048E-9
18.38799126592423 0.0 387.8972136861221 6.759251598248542 0.0 96.35545406828729 2.7559917730355666E-6 1.2785768116696308 1.9888139130266834E-9
18.42272356124717 0.0 390.307068836628 6.799161624687419 0.0 96.68943797705727 2.741510676597563E-6 1.2768945066507027 1.965224134055092E-9
18.45745585657011 0.0 392.7257191114795 6.839164990070133 0.0 97.02418522851646 2.727349883035694E-6 1.2752109434583547 1.9420975661960225E-9
18.49218815189305 0.0 395.1531966619747 6.879261301203471 0.0 97.35968987135436 2.7134948748956113E-6 1.2735256212730202 1.919416425214907E-9
18.52692044721599 0.0 397.5895337963117 6.919450167099574 0.0 97.69594299534054 2.699931289874933E-6 1.271837908936977 1.8971632865620894E-9
18.56165274253893 0.0 400.0347629805476 6.9597311989605 0.0 98.03293264990636 2.686644919384383E-6 1.270147043969631 1.875321079215547E-9
18.59638503786187 0.0 402.4889168395621 7.000104010162906 0.0 98.37064373792207 2.673621707017089E-6 1.2684521304649896 1.8538730782724937E-9
18.63111733318481 0.0 404.9520281580319 7.040568216242871 0.0 98.70905789039284 2.6608477473240215E-6 1.266752136192886 1.8328028970163519E-9
18.66584962850775 0.0 407.424129881409 7.081123434880848 0.0 99.04815339397621 2.6483092833342545E-6 1.2650458921915653 1.812094480837986E-9
18.70058192383069 0.0 409.9052551169081 7.121769285886721 0.0 99.38790505268383 2.635992705820231E-6 1.2633320893933229 1.7917320993557636E-9
18.73531421915363 0.0 412.3954371344998 7.162505391185007 0.0 99.72828410661329 2.6238845516752173E-6 1.2616092779315913 1.771700340841599E-9
18.77004651447657 0.0 414.8947093679131 7.203331374800167 0.0 100.06925810088433 2.6119715022601445E-6 1.259875864234668 1.7519841044783218E-9
18.80477880979951 0.0 417.4031054156433 7.244246862842068 0.0 100.41079078620766 2.600240381689222E-6 1.258130109624942 1.7325685942852245E-9
18.83951110512245 0.0 419.9206590419685 7.285251483491511 0.0 100.75284200090134 2.5886781558809053E-6 1.2563701281426265 1.7134393129311088E-9
18.87424340044539 0.0 422.4474041779736 7.326344866985942 0.0 101.09536754726852 2.5772719308435037E-6 1.2545938841818813 1.694582055037282E-9
18.90897569576833 0.0 424.9833749225814 7.367526645605238 0.0 101.43831908258181 2.566008950838344E-6 1.2527991908541938 1.6759829013239521E-9
18.94370799109127 0.0 427.5286055435918 7.408796453657623 0.0 101.7741168906456 2.5548765977980986E-6 1.2509837067364233 1.6577508082496824E-9
18.97844028641421 0.0 430.0828690459047 7.45015737837888 0.0 102.10389340695268 2.535321422302019E-6 1.2498316888533385 1.635240885857902E-9
19.01317258173714 0.0 432.6454399776271 7.491619004301178 0.0 102.43885908704637 2.512608625343071E-6 1.2489406683229294 1.6111921252341957E-9
19.04790487706008 0.0 435.216295591862 7.533181553726666 0.0 102.77375097581525 2.4904379538138808E-6 1.2480172972147938 1.5876943886410221E-9
19.08263717238302 0.0 437.795460686601 7.574844622168032 0.0 103.10858982353328 2.468798124143836E-6 1.247062719874103 1.5647344166470288E-9
19.11736946770596 0.0 440.3829601589025 7.616607807296597 0.0 103.44339714351756 2.4476779616258594E-6 1.2460780954957296 1.5422991923728026E-9
19.15210176302891 0.0 442.9788190053876 7.658470708927918 0.0 103.77819514728796 2.4270663995286E-6 1.2450645949763686 1.5203759369733312E-9
19.18683405835185 0.0 445.5830623227372 7.700432929007523 0.0 104.11300668284692 2.4069524775657315E-6 1.2440233979826016 1.4989521050500505E-9
19.22156635367478 0.0 448.1957153081944 7.742494071596765 0.0 104.4478551831313 2.387325341528584E-6 1.2429556905146848 1.4780153813289835E-9
19.25629864899772 0.0 450.8168032600682 7.784653742858779 0.0 104.78276458703606 2.3681742418778985E-6 1.2418626613583468 1.457553675808052E-9
19.29103094432066 0.0 453.4463515782401 7.826911551044559 0.0 105.11775928882597 2.34948853264172E-6 1.2407454998339646 1.4375551203179942E-9
19.3257632396436 0.0 456.0843857646757 7.869267106479132 0.0 105.45286405123444 2.331257670588819E-6 1.2396053920552643 1.4180080640521913E-9
19.36049553496654 0.0 458.7309314239368 7.911720021547859 0.0 105.78810394085981 2.3134712142796584E-6 1.2384435182180813 1.3989010699789586E-9
19.39522783028948 0.0 461.3860142636985 7.954269910682832 0.0 106.12350426399871 2.296118823056126E-6 1.2372610499724022 1.380222911327392E-9
19.42996012561242 0.0 464.0496600952687 7.996916390349379 0.0 106.45909047265559 2.279190255970045E-6 1.236059146606223 1.3619625671228572E-9
19.46469242093536 0.0 466.7218948341107 8.039659079032688 0.0 106.79488809315527 2.2626753709872107E-6 1.2348389522660168 1.3441092188001767E-9
19.4994247162583 0.0 469.4027445003694 8.082497597224524 0.0 107.13092266207813 2.246564123824054E-6 1.2336015935422948 1.3266522469050453E-9
19.53415701158124 0.0 472.0922352193998 8.125431567410047 0.0 107.46721962185286 2.2308465674272044E-6 1.2323481754447558 1.3095812269425953E-9
19.56888930690418 0.0 474.7903932223003 8.168460614054746 0.0 107.80380425425255 2.215512850504015E-6 1.2310797790372976 1.2928859260102442E-9
19.60362160222712 0.0 477.497244846447 8.211584363591482 0.0 108.14070160113857 2.200553217093967E-6 1.2297974586014428 1.2765562996805247E-9
19.63835389755006 0.0 480.2128165360335 8.254802444407607 0.0 108.47793637569247 2.1859580050991947E-6 1.2285022384787458 1.260582488049036E-9
19.673086192873 0.0 482.9371348426125 8.298114486832196 0.0 108.8155328660717 2.1717176462844855E-6 1.2271951096840805 1.2449548124968315E-9
19.70781848819594 0.0 485.6702264256414 8.3415201231234 0.0 109.15351488375173 2.157822664256754E-6 1.2258770284044087 1.229663772683886E-9
19.74255078351888 0.0 488.4121180530304 8.385018987455856 0.0 109.49190565205173 2.1442636745262693E-6 1.2245489121211768 1.2147000429832638E-9
19.77728307884182 0.0 491.1628366016955 8.428610715908231 0.0 109.8307277408782 2.131031383343322E-6 1.223211637684463 1.2000544696488164E-9
19.81201537416476 0.0 493.9224090581133 8.472294946450859 0.0 110.17000296618158 2.118116586412434E-6 1.2218660380166335 1.185718066921457E-9
19.8467476694877 0.0 496.6908625188802 8.516071318933449 0.0 110.509752322109 2.105510168647445E-6 1.2205129002003614 1.1716820147131038E-9
19.88147996481064 0.0 499.4682241912743 8.559939475072913 0.0 110.84999589001336 2.093203103008182E-6 1.2191529626954902 1.1579376551391895E-9
19.91621226013358 0.0 502.2545213938213 8.60389905844128 0.0 111.19075276462321 2.0811864498269476E-6 1.2177869132955692 1.1444764898356812E-9
19.95094455545652 0.0 505.0497815568636 8.64794971445371 0.0 111.53204096273127 2.0694513557676436E-6 1.2164153864494318 1.1312901766238897E-9
19.98567685077946 0.0 507.8540322231333 8.692091090356586 0.0 111.87387734689209 2.057989053274718E-6 1.2150389612342936 1.1183705268862285E-9
20.02040914610239 0.0 510.6673010483278 8.736322835215713 0.0 112.15959416949984 2.046790859532287E-6 1.2136581595724474 1.1062683079491036E-9
20.0400475 0.0 512.2619826704201 8.7613722347247 0.0 112.33626475247627 2.040572797087442E-6 1.2128756664155673 1.0993846020714567E-9
20.05514144142533 0.0 513.48961580169 8.780644599904608 0.0 112.5592559045981 2.035848175668172E-6 1.2122734437311875 1.0932992143130048E-9
20.08987373674827 0.0 516.3210043665919 8.825056037092862 0.0 112.90282532753959 2.025152486264073E-6 1.2108852144923705 1.0811319164805817E-9
20.12460603207121 0.0 519.1614947411202 8.869556801234623 0.0 113.2469972950891 2.014695358131007E-6 1.2094938097599757 1.0692000070008528E-9
20.15933832739415 0.0 522.0111150386689 8.914146548557126 0.0 113.59178172478003 2.0044684399419396E-6 1.2080995019270786 1.0574960231531078E-9
20.19407062271709 0.0 524.8698934885317 8.958824937049362 0.0 113.9371869329481 1.9944634610072244E-6 1.206702497290095 1.0460126396883078E-9
20.22880291804003 0.0 527.7378584365008 9.003591626450785 0.0 114.28321953879198 1.9846722311521457E-6 1.2053029335836782 1.03474266607139E-9
20.26353521336297 0.0 530.6150383454681 9.048446278240135 0.0 114.62988439249247 1.9750866392474453E-6 1.2039008784977498 1.0236790436476829E-9
20.29826750868591 0.0 533.5014617960312 9.093388555624351 0.0 114.97718452097266 1.9656986529644087E-6 1.2024963289004367 1.0128148438805673E-9
20.33299980400885 0.0 536.3971574871008 9.138418123527526 0.0 115.3251210369247 1.9565003178564456E-6 1.2010892086872675 1.0021432653807163E-9
20.36773209933179 0.0 539.302154236516 9.183534648580006 0.0 115.6736930740446 1.9474837567468077E-6 1.199679367681652 9.916576317564788E-10
20.40246439465473 0.0 542.216480981659 9.228737799107535 0.0 116.02289772223475 1.938641168871397E-6 1.19826658055499 9.813513893462902E-10
20.43719668997767 0.0 545.1401667800762 9.27402724512049 0.0 116.37272996129917 1.9299648288378863E-6 1.1968505457219343 9.712181048501585E-10
20.47192898530061 0.0 548.0732408101035 9.319402658303193 0.0 116.72318256569889 1.9214470868706337E-6 1.195430883189202 9.612514630094002E-10
20.50666128062355 0.0 551.0157323714926 9.364863712003324 0.0 117.07424607658233 1.9130803670962945E-6 1.1940071349512185 9.514452648121845E-10
20.54139357594649 0.0 553.9676708860454 9.41041008122138 0.0 117.42590869174657 1.9048571674213662E-6 1.1925787623486492 9.417934247359306E-10
20.57612587126943 0.0 556.9290858982488 9.45604144260026 0.0 117.77815621756845 1.8967700585525382E-6 1.1911451457754012 9.322899689614594E-10
20.61085816659237 0.0 559.9000070759146 9.501757474414877 0.0 118.13097200896046 1.8888116837517807E-6 1.189705583956314 9.229290337108753E-10
20.64559046191531 0.0 562.8804642108254 9.547557856561891 0.0 118.48433685441111 1.8809747576117815E-6 1.1882592912364986 9.137048620115831E-10
20.68032275723825 0.0 565.8704872193805 9.593442270549504 0.0 118.83822897232069 1.873252065627351E-6 1.1868053989993945 9.046118032211553E-10
20.71505505256119 0.0 568.8701061432502 9.639410399487323 0.0 119.19262387065064 1.8656364637055958E-6 1.185342952084523 8.956443097383729E-10
20.74978734788413 0.0 571.8793511500309 9.685461928076313 0.0 119.54749431442438 1.858120877063815E-6 1.1838709092027049 8.86796935708012E-10
20.78451964320707 0.0 574.8982525339057 9.73159654259881 0.0 119.90281023285526 1.8506983004744108E-6 1.1823881411645278 8.7806433519303E-10
20.81925193853001 0.0 577.9268407163102 9.777813930908643 0.0 120.25830769275139 1.8433617963055914E-6 1.1808934299654872 8.694429295804666E-10
20.85398423385295 0.0 580.9651382249618 9.82411388018401 0.0 120.59987502416223 1.835198982277893E-6 1.1794841216462173 8.606753401218789E-10
20.88871652917589 0.0 584.0125833929183 9.870503274210419 0.0 120.94951305574335 1.821128386348184E-6 1.1787212491140737 8.496416546767873E-10
20.92344882449883 0.0 587.0688341610712 9.916986241347484 0.0 121.29909865745519 1.8073643563146536E-6 1.1779345845028057 8.38834031100036E-10
20.95818111982177 0.0 590.1339134765636 9.963562448416074 0.0 121.64864931250156 1.793900910132224E-6 1.1771249002990827 8.282474670878947E-10
20.99291341514471 0.0 593.2078443663407 10.01023156381697 0.0 121.99818298510453 1.7807321163302145E-6 1.1762929752933031 8.17877042660044E-10
21.02764571046765 0.0 596.2906499374969 10.05699325752149 0.0 122.34771809343623 1.7678520949307635E-6 1.1754395934902908 8.077179197095501E-10
21.06237800579058 0.0 599.3823533776252 10.10384720106216 0.0 122.69727340627313 1.7552550186733904E-6 1.174565540367136 7.977653403744519E-10
21.09711030111352 0.0 602.4829779551676 10.15079306752363 0.0 123.04686811779179 1.7429351069534145E-6 1.173671605435832 7.880146252695808E-10
21.13184259643646 0.0 605.5925470197681 10.19783053153333 0.0 123.39652166121508 1.730886632373361E-6 1.1727585756535737 7.784611729362575E-10
21.1665748917594 0.0 608.7110840026268 10.24495926925255 0.0 123.74625381518271 1.7191039139466426E-6 1.1718272391377251 7.691004583277249E-10
21.20130718708234 0.0 611.8386124168569 10.29217895836728 0.0 124.09608448951063 1.7075813223019477E-6 1.1708783776989489 7.599280312911395E-10
21.23603948240528 0.0 614.9751558578428 10.33948927807937 0.0 124.44603383754547 1.696313274172712E-6 1.169912770805948 7.509395157699473E-10
21.27077177772822 0.0 618.1207380035997 10.38688990909748 0.0 124.79612206434406 1.685294237172909E-6 1.1689311889987428 7.421306085720473E-10
21.30550407305116 0.0 621.2753826151363 10.43438053362841 0.0 125.14636951240573 1.6745187234905586E-6 1.167934396960565 7.33497077791753E-10
21.3402363683741 0.0 624.4391135368186 10.48196083536819 0.0 125.49679647625214 1.663981295398253E-6 1.1669231472554165 7.250347621117269E-10
21.37496866369704 0.0 627.6119546967351 10.52963049949345 0.0 125.84742327761863 1.653676559681402E-6 1.1658981830718922 7.1673956939605E-10
21.40970095901998 0.0 630.7939301070658 10.5773892126527 0.0 126.19827008467111 1.6435991721078828E-6 1.1648602322243042 7.08607475695796E-10
21.44443325434292 0.0 633.985063864451 10.6252366629578 0.0 126.54935697842936 1.6337438326522502E-6 1.1638100096386113 7.006345240719895E-10
21.47916554966586 0.0 637.1853801503624 10.67317253997537 0.0 126.90070381919718 1.6241052880673147E-6 1.1627482130397402 6.928168235555884E-10
21.5138978449888 0.0 640.3949032314791 10.72119653471841 0.0 127.25233024703549 1.6146783287615118E-6 1.1616755232446425 6.851505477102323E-10
21.54863014031174 0.0 643.6136574600606 10.76930833963775 0.0 127.60425553045742 1.605457793635919E-6 1.160592599352271 6.776319343737212E-10
21.58336243563468 0.0 646.8416672743259 10.81750764861382 0.0 127.95649867807475 1.5964385618184658E-6 1.159500082817018 6.702572836564559E-10
21.61809473095762 0.0 650.0789571988324 10.86579415694829 0.0 128.30907821819295 1.5876155600725316E-6 1.1583985903923728 6.630229578111784E-10
21.65282702628056 0.0 653.3255518448584 10.91416756135584 0.0 128.66201223993482 1.5789837569190492E-6 1.157288715889744 6.559253792594758E-10
21.6875593216035 0.0 656.5814759107857 10.962627559956 0.0 129.01531833312785 1.5705381646570312E-6 1.1561710285536024 6.489610304918199E-10
21.72229161692644 0.0 659.8467541824859 11.01117385226498 0.0 129.3690134516922 1.5622738407105893E-6 1.1550460689591298 6.421264526616765E-10
21.75702391224938 0.0 663.121411533708 11.05980613918767 0.0 129.72311403461492 1.554185880893844E-6 1.1539143534365603 6.354182443355056E-10
21.79175620757232 0.0 666.4054729264684 11.10852412300955 0.0 130.07763572776886 1.5462694280440838E-6 1.1527763653619025 6.288330612217721E-10
21.82648850289526 0.0 669.6989634114424 11.15732750738881 0.0 130.43259352727287 1.5385196637559759E-6 1.1516325603579964 6.223676145911869E-10
21.86122079821819 0.0 673.0019081283582 11.20621599734838 0.0 130.65396645630767 1.5309318127899861E-6 1.1504833611180356 6.166506312723572E-10
21.86187 0.0 673.0637355831242 11.20713060926212 0.0 130.79209374010168 1.5307914956541288E-6 1.1504618313771982 6.15913120871408E-10
21.89595309354113 0.0 676.3143323063935 11.2551892992681 0.0 131.1438732904149 1.5235011420315029E-6 1.149329157112184 6.097830499622972E-10
21.93068538886407 0.0 679.6362612645732 11.30424712087698 0.0 131.50022108114814 1.5162229564497826E-6 1.1481703059241544 6.036576254926179E-10
21.96541768418701 0.0 682.9677204121699 11.3533891712454 0.0 131.85705650473344 1.5090926035063729E-6 1.1470071288577826 5.976393228746242E-10
22.00014997950995 0.0 686.308735249106 11.40261516077743 0.0 132.21439010231066 1.502105471073357E-6 1.145839911225759 5.917251190940087E-10
22.0348822748329 0.0 689.6593313663594 11.45192480120322 0.0 132.5722313767558 1.4952569862087916E-6 1.1446689012233793 5.859120412904231E-10
22.06961457015584 0.0 693.0195344463681 11.5013178055714 0.0 132.9305887510825 1.4885426162588137E-6 1.143494309204916 5.801971665745041E-10
22.10434686547877 0.0 696.3893702634418 11.55079388824156 0.0 133.28946951790206 1.4819578672657093E-6 1.1423163066864677 5.745776206749887E-10
22.13907916080171 0.0 699.7688646841714 11.60035276487678 0.0 133.64887981289212 1.4754982839066858E-6 1.1411350261266375 5.690505774748175E-10
22.17381145612465 0.0 703.1580436678429 11.64999415243616 0.0 134.00882447458955 1.4691594511470301E-6 1.1399505571407431 5.636132579026618E-10
22.20854375144759 0.0 706.5569332668528 11.6997177691675 0.0 134.36930715607664 1.462936989648002E-6 1.1387629506967423 5.582629293264549E-10
22.24327604677053 0.0 709.965559627126 11.74952333459995 0.0 134.73033010616624 1.4568265606650822E-6 1.1375722128834016 5.529969048093265E-10
22.27800834209347 0.0 713.3839489885362 11.79941056953675 0.0 135.09189429176575 1.4508238600476182E-6 1.1363783094523126 5.478125420791696E-10
22.31274063741641 0.0 716.8121276853276 11.84937919604797 0.0 135.45399920506736 1.444924623443213E-6 1.135181160468728 5.427072432293583E-10
22.34747293273935 0.0 720.2501221465402 11.89942893746331 0.0 135.81664289283572 1.4391246228689508E-6 1.1339806419531335 5.376784536319179E-10
22.38220522806229 0.0 723.6979588964364 11.9495595183651 0.0 136.1798219128846 1.433419666405259E-6 1.1327765852461278 5.327236612294288E-10
22.41693752338523 0.0 727.15566455493 11.99977066458105 0.0 136.54353123745003 1.4278056002776607E-6 1.1315687747488268 5.278403961588382E-10
22.45166981870817 0.0 730.6232658380184 12.05006210317737 0.0 136.90776433115073 1.4222783033462477E-6 1.1303569510753122 5.2302622941775E-10
22.48640211403111 0.0 734.1007895582159 12.10043356245165 0.0 137.2725129230041 1.416833693840771E-6 1.129140804773498 5.182787728489917E-10
22.52113440935405 0.0 737.5882626249904 12.15088477192604 0.0 137.6377671026046 1.4114677239113396E-6 1.127919980071809 5.135956780469087E-10
22.55586670467699 0.0 741.0857120452016 12.20141546234028 0.0 138.00351525059463 1.4061763803631587E-6 1.1266940735052966 5.089746358066906E-10
22.59059899999993 0.0 744.593164923543 12.2520253656449 0.0 142.5881450591713 1.4009556862484595E-6 1.125462631103304 4.894905502699911E-10
23.6836925 0.0 859.9063822472203 13.88744558259896 0.0 157.3170272849975 1.1886566726827834E-6 1.0970426051532605 3.499893119908786E-10
25.505515 0.0 1073.944394667496 16.78873674536358 0.0 177.24161163970274 9.502775484660731E-7 1.0507888882353058 2.2088496349506803E-10
27.3273375 0.0 1316.24080522474 19.89848029756505 0.0 197.70737557040715 7.786485663988305E-7 1.010296586284269 1.4560295271295074E-10
29.14916 0.0 1587.775644305084 23.20688189191197 0.0 227.16899567257266 6.519293082489151E-7 0.974207556869245 9.591287244954839E-11
32.792805 0.0 2222.145940630607 30.38315398965239 0.0 236.2833602444774 4.714269479271565E-7 0.9176091691500446 5.582907648006921E-11
