# initial state: 6.1224942204124115 g/cc, 293 K, 0.0014217600995446189 MJ/kg
#rho v/v0 up us e p T s csqv cv gamma alphavol uc phi
#g/cc - km/s km/s MJ/kg GPa K MJ/kg.K (km/s)^2 - 1/K km/s deg
6.1224942204124115 1.0 0.0 - 0.0014217602187203868 1.0131099344221225E-4 293.0 -0.16777273535094409 20.97652486594524 4.642223463105533E-4 1.2891130877197032 4.659669721111782E-6 - -
6.123 0.9999173967683181 3.872557771113221E-4 4.688143178255045 0.0014218365691025879 0.011216763718654672 293.13808463907895 -0.16790423678774025 29.076383182992178 4.642156484184968E-4 1.289114312189023 3.361294487618832E-6 35.883301196407004 29.614740943075148
6.6605534445662915 0.9192170397502282 0.4561022816506522 5.646020896491479 0.09752053960799613 15.766521975544686 325.394608394383 -0.08959970668418168 32.13882210649063 4.6597226402810406E-4 1.288222016826179 2.8042098546703365E-6 66.79552152326887 21.999932756231967
6.66084629080916 0.9191766260783434 0.45738841825996424 5.659110676365948 0.10602518020974365 15.847636868093087 343.5512845427462 -0.10054231241567016 41.93326669556772 4.6596886610867044E-4 1.2882229760646182 2.1491158781424202E-6 28.767569652221027 34.275632282859654
6.816335488886698 0.898209049480396 0.6047786130298642 5.941378972715161 0.21439677430214324 21.999563470779663 370.154972224872 -0.015850519088477302 43.03281638109581 4.721335922815147E-4 1.286434734221114 2.070627279265944E-6 31.859576217883532 32.70415980913202
7.042215110615595 0.8693989212546526 0.8131665870572523 6.226338977205585 0.37773677997922467 30.99860066933723 421.072445357584 0.09830933670041192 44.56265301362601 4.770196540766011E-4 1.2849042030033446 1.9531099728314308E-6 32.92585859458568 32.10434353460049
7.224210063509775 0.8474967043577204 0.9771766612430169 6.407577338755605 0.5175114307525782 38.33508884755027 478.99398236829 0.17773361587788924 45.74870385119548 4.8187867003490813E-4 1.2835126613328554 1.8714089417720328E-6 32.50348468635615 32.18228855374674
7.372503813941705 0.8304497867921785 1.108972717513226 6.540674273018656 0.6405711660823018 44.40918041873091 544.883042513485 0.2272726996652571 46.69658493837873 4.8651129606452377E-4 1.281950960605326 1.8116079345327817E-6 31.884720981598353 32.37270575528555
7.494512886568009 0.8169302412416172 1.2167720308028576 6.646493877827001 0.7521080421023887 49.51435200262114 619.835615785405 0.24975552217248537 47.4751507424464 4.908626595459698E-4 1.2801008995865937 1.7660151943280863E-6 31.356267528271665 32.54635738501252
7.595739866578764 0.8060431673484989 1.3063633778934647 6.735330537391893 0.8562027602876476 53.87063704108544 705.098453465936 0.24647527430273414 48.12451362990919 4.953162356235148E-4 1.2769244082818392 1.7302597928932604E-6 30.97979040396747 32.667791597873595
7.62698585902344 0.8027409954050101 1.3341639863838184 6.763513732227888 0.8914217956123159 55.247263280062874 737.4224105954252 0.23872777729245281 60.495947401333986 4.951906476801135E-4 1.2770057836335178 1.3705221992670038E-6 22.39922831059287 39.469622098298444
7.705636142843732 0.794547537272235 1.414101386991083 6.882864134195559 1.0147460207058236 59.59075216523183 802.089806424062 0.2768840799315492 61.05895379419007 4.988311308005727E-4 1.2671221364930865 1.3434273028195606E-6 22.932576579182633 39.03882811167818
7.830493336123515 0.7818784791206209 1.539566000738186 7.058294819013133 1.2146715700585313 66.5314749291227 912.423016114969 0.32519900364163634 61.939334656598284 5.018830100217728E-4 1.2539402868480842 1.2975487674365354E-6 23.623909619694206 38.482829534227
7.959377234866938 0.7692177465332519 1.6674694683090276 7.225293293833281 1.4271709253120715 73.76364208700947 1037.93335069039 0.3583031378026578 62.783958048751316 5.059976686647653E-4 1.2375624545186081 1.2531061495559241E-6 24.199151393203685 38.012349757667835
8.091587983079302 0.7566492798713239 1.797220984246893 7.385311961668244 1.6527236461277905 81.26419750463658 1180.70853260857 0.3716685254310348 63.62562980906266 5.097448406917234E-4 1.2223656459149574 1.2102863062596772E-6 24.66402245385674 37.62212515154214
8.225849712730021 0.7442993045371916 1.927765626247411 7.539148936447864 1.8911383182938148 88.98267007812287 1343.12346553601 0.35937144568650325 64.44701350910621 5.135443632636986E-4 1.2071056478609463 1.1693369713789385E-6 25.04584959204078 37.289104084571576
8.360960840764182 0.732271605742005 2.0581971078561625 7.6876310171000855 2.1425566839549717 96.87424525740231 1527.87973818388 0.31477138872054555 65.25234343699387 5.173976563171086E-4 1.1925251885133479 1.1309403921906468E-6 25.362839025592294 37.001001594020316
8.495664880110642 0.7206609849625656 2.187645922244474 7.831508684711679 2.4072828094619174 104.89415011139963 1738.05056218061 0.23019353568390177 66.01828541330678 5.219962039618768E-4 1.1768264769793966 1.0952623572975992E-6 25.644728872695655 36.73603301701331
8.62893902997523 0.7095303604700504 2.315519501373794 7.97164035842392 2.6863147333786257 113.01209174246897 1977.13189147142 0.09712535834918312 66.76244757582808 5.269294213674131E-4 1.161577245410707 1.0624558541762681E-6 25.90157799116066 36.490564846825926
8.73326162382843 0.701054712904441 2.415775455594602 8.080995285342599 2.9194122328946777 119.52263796849414 2190.5204516470503 -0.05130939358157152 83.3911883676485 5.265957018174799E-4 1.154302019273321 8.346418019281298E-7 21.286975761457953 41.55044993498516
8.759418075800477 0.698961297135359 2.445215549950555 8.122595289848897 2.994181565602766 121.60199766971284 2249.10057355808 -0.08197007724936323 83.53030430117653 5.320539260921511E-4 1.1469374368542995 8.340192259893262E-7 21.442517219052267 41.40479299122825
8.89339918936043 0.6884312837027518 2.594970531594573 8.328726203432032 3.383644914685238 132.32433866497638 2558.48049985916 -0.269458253294624 84.51170170904221 5.381745947079337E-4 1.1308540783718373 8.097391322046149E-7 22.133631745570018 40.786744716465314
9.036754000249482 0.677510333936653 2.7535435173633838 8.538393031243682 3.8134696378201705 143.9450636128789 2910.41785552706 -0.5174996882467725 85.53839491426409 5.444515348280084E-4 1.1151744217768198 7.854679508868896E-7 22.798062362391825 40.20283412486966
9.188920120083194 0.6662909395665723 2.9203557557248296 8.751203074713692 4.286424961420112 156.47039793469793 3310.76672041744 -0.8403764468639393 86.5758547315305 5.516900816585036E-4 1.0980581147435602 7.614812917213509E-7 23.440421832528223 39.64420686505417
9.34939438230869 0.6548546322955044 3.0949612679453002 8.96712387748204 4.806289414470676 169.91707780771225 3766.18644508649 -1.2545300722097268 87.63910373346906 5.597621812261144E-4 1.080840994123545 7.383868507355667E-7 24.057457077146125 39.11341877267949
9.517313132433225 0.6433007021223348 3.276691519319892 9.186145133494705 5.376978643821319 184.28818054157787 4284.25242155532 -1.7798078944111226 88.6180921460123 5.633408451959672E-4 1.0579717777390143 7.066568438907998E-7 24.67729762822422 38.57935733642791
9.690540184906338 0.6318011280680312 3.463566110055175 9.406780884149827 5.9992105996383955 199.47713127223858 4873.58209138824 -2.4419672539655983 89.48650398116028 5.578434122410056E-4 1.0251159744591736 6.594468248219664E-7 25.305050959225337 38.03887776200385
9.86760807662938 0.6204638624544723 3.6546053800741647 9.629136776562605 6.677245340771477 215.45492848382742 5543.97828708643 -3.2682622601029365 90.75457802919689 5.468632792421169E-4 0.9846815268674253 6.013040363906399E-7 25.825580769986374 37.61784522216075
10.0 0.6122494220412412 3.7968596440199325 9.792015434271686 7.209499754652949 227.62775210718655 6096.57749270395 -4.008205535877959 120.13584583309958 5.517792144421823E-4 0.9852290689537361 4.5251183603280184E-7 21.61453640514831 43.13903258837321
10.039696280867705 0.6098286291867049 3.8504991763568306 9.868738365735634 7.419107259551241 232.65224257907897 6306.59229111922 -4.2855843295277785 119.06663656271995 5.164000413032398E-4 0.9171881553675806 3.962178576474754E-7 22.00567572336044 42.68571955055696
10.193256387738233 0.6006416386992227 4.053542375880401 10.15013774264631 8.233442859168724 251.9040859295559 7174.1093248954 -5.508899764495793 120.77628759617431 5.300577610210014E-4 0.9011455749849112 3.8799267632754863E-7 22.79644044494958 42.014043145166575
10.364143145471289 0.5907380990861454 4.277223151217146 10.451066032939764 9.169333698084317 273.68503134534916 8160.95955307383 -6.963162742420137 122.42109674389253 5.366650943174092E-4 0.8740158266812019 3.696859770627337E-7 23.644481222503984 41.30085568582593
10.551921447269962 0.5802255305830057 4.519256520329888 10.765915627518938 10.226013568326815 297.8835334568673 9283.5581130314 -8.696621000637801 123.57664471476548 5.560186905729066E-4 0.8420709488617738 3.5906256290309125E-7 24.57559881260817 40.50143804668502
10.94981827476234 0.5591411717328522 5.022766726707018 11.393140852933913 12.58313740574304 350.3603766830262 11795.952961057 -12.835441196788452 126.4022447597325 5.897740055809469E-4 0.8035725005877784 3.424120146854947E-7 26.288687777239492 39.11509555754905
11.413591638268937 0.5364213487263849 5.5998355035417315 12.079580213965839 15.577694667562529 414.1480318721807 14988.2733069933 -18.538277514959905 129.67989176368462 6.33518911041879E-4 0.7677961478241617 3.2863252439940954E-7 28.027661442067252 37.783888100158265
11.939308196909746 0.5128014219447906 6.250476519912105 12.829422747625097 19.390376633456285 490.96294742606057 19044.5263275276 -26.397637038099315 133.53828921210194 6.887525621460955E-4 0.7358387236799655 3.178783098495658E-7 29.788486316317428 36.52028067598563
12.5132408119403 0.48928125914193604 6.970817356855765 13.649033801156428 24.262006662015168 582.5243346764212 24198.5167744884 -37.24401889278503 138.17854638130564 7.572891880423217E-4 0.7085252382970013 3.1031777956301653E-7 31.603774280714386 35.326887899559715
12.5892541179417 0.4863270026209796 7.06729299318784 13.758350213556474 24.974745385921413 595.3164924870447 24909.676429024697 -38.852461834672276 216.15032949089337 7.560537208385295E-4 0.7085246701232087 1.9685739314531083E-7 25.24979571373617 43.57667036238726
13.015014841061141 0.47041776710822647 7.85512456836645 14.832681461901947 30.77824145747789 713.3475799826341 30747.3236149115 -52.32002395821781 222.16208077281885 8.459952052029134E-4 0.6824284663389467 1.9966890395816087E-7 27.887904833406086 41.604211132121264
13.61837337544667 0.44957602876794384 8.941415222628445 16.24459632928811 39.710075365640606 889.2904331634043 39068.4238331828 -72.79095933515833 231.0148940621632 9.537452441920405E-4 0.6590515199513248 1.997958823636196E-7 31.269587958795082 39.37080980227522
14.345935136625961 0.4267755403955053 10.239441002789224 17.862882211715267 51.925977956901825 1119.8405917169107 49641.4504210369 -100.65773712750135 242.38807794893594 0.0010804302272744172 0.6392991609929636 1.9863727221983204E-7 35.001986464813015 37.2325225648956
15.17796776162329 0.4033803679497082 11.75727298632476 19.706480234183253 68.61773807548818 1418.548140784788 63075.8386984435 -138.8128245668277 257.2605781498339 0.0012263336140574445 0.62321684605985 1.9573160139685058E-7 39.06967357772255 35.25729405797954
15.8489319246111 0.3863032694906755 13.04711008804878 21.259865727524105 85.1149727400993 1698.2563763489554 75273.84420461598 -176.33795365390145 391.38184171587744 0.0012085415087386712 0.6256455521160375 1.218959454464795E-7 36.34999262578664 40.250501854355555
16.040313185438723 0.3816941820045239 13.55424825411657 21.92159261586593 91.74726563487098 1819.1811464484008 80145.9545151815 -191.4937341393674 395.8022171786883 0.0013941440375768025 0.6086177784525555 1.3364761528457873E-7 37.83367764101145 39.4671189856056
16.917814191167114 0.3618962917567094 15.856797853447782 24.849875731175096 124.94806303835779 2412.5043942193784 101835.729142798 -264.46196791709696 424.15722301254095 0.0015858660214718308 0.5919924811629667 1.308312729848501E-7 44.111802319213005 36.707911500669866
17.929948601292725 0.3414674719129417 18.593742940051104 28.23511694109209 171.3728938060399 3214.2881767772988 129395.373637742 -365.21549637952046 463.20454183480564 0.0017941322570478287 0.5773976422347162 1.2473191984762156E-7 51.14813794842223 34.27388814713714
19.023210268653767 0.32184337627287807 21.80186265014718 32.1487129777263 236.15821596991924 4291.26747223199 164413.441724102 -505.09868629426484 517.4627057850106 0.0020194695428702903 0.5643248662053925 1.1577202548233004E-7 58.97228316861713 32.2170201507157
19.9526231496888 0.3068515941227459 24.875040393857574 35.88703397849632 309.38525052800406 5465.498159837032 200277.84066906362 -662.4291746777664 709.2455220266872 0.00199535611707187 0.5684116309135706 8.014690761720749E-8 61.187682455103804 34.04630379930406
20.131979435059268 0.30411784594565316 25.590144288559472 36.77367516822531 327.133080135282 5761.534431482785 208908.394941874 -700.4563921740713 719.4473693198305 0.002263847588023585 0.5515340395955817 8.620530630297296E-8 63.07074792006607 33.54316726936095
21.27949570067319 0.2877180129893174 30.313182072992767 42.55783892586089 457.03715787236234 7898.406546431314 265444.94792844 -974.6630455504932 823.3273196594004 0.0025299739582175583 0.5377525469528539 7.765414976912732E-8 74.23790302717595 31.37297291053678
22.46782553476219 0.2725005235125979 35.86735980869902 49.302248273604256 638.8206684024602 10826.660581349957 337281.900042059 -1358.951330684642 967.3936255630376 0.002814881655374233 0.5257583585514279 6.808980060307045E-8 86.79193715962546 29.638745688733973
23.635059418317983 0.2590428952197712 42.38602563941669 57.20442568937722 893.2759051005628 14845.017472586605 428559.974426973 -1899.0442219843394 1166.0257435046983 0.0031204448728211374 0.5152877463403526 5.834471089133134E-8 101.06030987215075 28.271159728396572
24.732579675534115 0.24754774070207028 50.039662646172026 66.5021096393028 1249.6478480503808 20374.088191606996 544540.491671641 -2659.7639892533457 1438.8524043365915 0.0034482444454945944 0.506308667338348 4.906002256762472E-8 117.49417490390356 27.197434380908046
25.1188643150958 0.24374088508185254 53.1480000650384 70.27750015388679 1412.3563897309566 22868.180811807673 592438.5240905809 -3008.5919218745908 1696.3263467676911 0.0034376779224934823 0.5075890100710311 4.0951327824072494E-8 120.31779285908668 28.056020098749773
25.793803149749216 0.23736298927566013 59.23882425395415 77.676303957095 1751.0629287484699 28172.36900223162 691908.635346721 -3734.9860447072597 1943.5276504496198 0.003801923665341812 0.4983986495763006 3.779846339530695E-8 133.515217791747 27.272665728960888
26.813747897002894 0.22833414574979105 70.19663885139312 90.96766231751936 2453.630538632017 39095.94698519747 879158.789822449 -5253.683440818985 2454.391640547386 0.004179811879685949 0.49208922677901934 3.125353945900438E-8 156.64160490591297 26.309245854207028
27.73208953698515 0.22077291407295843 83.08536326498388 106.62535320642475 3434.1551763429466 54239.21438642737 1117084.16145834 -7397.543832774359 3154.9293417586614 0.004578355719916341 0.4877185423613965 2.5521521911387025E-8 183.5501013433895 25.561402877745955
28.527852868859583 0.21461461710970897 98.22847745053032 125.07041713590394 4799.517126671219 75217.7598820449 1419398.90521153 -10424.219804380762 4116.9662243287485 0.00499321326887845 0.48529876005393485 2.0632074987557896E-8 215.02176186722235 24.984195417336032
29.189941289207923 0.20974671239493087 115.98756236058362 146.77264135413338 6694.388170294031 104228.12267135992 1803528.61639854 -14695.685795779427 5440.752769450624 0.005416646735868382 0.4848690565784491 1.6537230070722217E-8 251.9096352881885 24.54586186624958
29.71415751906811 0.20604636750961214 136.75472251951348 172.24522556884847 9311.75326894735 144217.4822624146 2291614.7520092 -20718.7539504169 7265.65679426814 0.005836553851622329 0.48649090589382343 1.3152033990128569E-8 295.1251503385989 24.22458012696312
30.100700827011167 0.20340038777164715 160.93856192150807 202.03193605795218 12904.13161075424 199071.24202118942 2911790.87699361 -29199.931790863076 9784.17121493211 0.006235738271317575 0.4902584808496165 1.0380358255729399E-8 345.61451738426456 24.00582576799941
30.35226569965189 0.20171456987748465 188.94158692314082 236.68424825709695 17793.730734424273 273794.86487300997 3699804.29909066 -41118.66055295713 13259.5983213867 0.006591948468873278 0.4963082724485798 8.129125613500196E-9 404.32001226738333 23.880289298309798
30.47276923709859 0.2009168964190717 221.1283727307239 276.7276291286627 24378.68879902184 374649.68881205237 4701076.56416006 -57823.45190346157 18047.113397140663 0.006879525119296483 0.5048112435274233 6.314919372479305E-9 472.1276034464963 23.842041260181514
30.46680315267561 0.2009562404605201 257.7877773356073 322.6203499595322 33132.104589831026 509193.0459728671 5973321.58015134 -81155.66301236713 24616.629535123786 0.007073580868990926 0.5159298723430256 4.8660270722938715E-9 549.8127211611732 23.886593249550877
30.339962568506884 0.2017963669727005 299.0999549557493 374.7163537973019 44592.39613648057 686194.7310468709 7589872.27987783 -113605.73653859767 33574.29330036804 0.007156803601677523 0.5297305402820697 3.7217927925038993E-9 638.0096465438205 24.008684138130413
30.100038181584374 0.20340486558446425 345.1278121186986 433.25372853541205 59349.505813708834 915483.7735709798 9643907.57334688 -158507.51578158332 45677.25195398124 0.0071276145428303276 0.5460155384526495 2.8306240539539626E-9 737.2502221637584 24.19952898653255
29.75906369010527 0.2057354453140308 395.85934731568506 498.3973475590852 78042.59781835382 1207939.0200345933 1.22538232336045E7 -220278.9945947368 61844.37811767246 0.007003485250414402 0.564241772188776 2.147138026871762E-9 848.0765250348281 24.445645319423104
29.334374749354133 0.20871398394292395 451.30355570463644 570.3418821344159 101388.59435627109 1575913.6003215585 1.55700562970362E7 -304727.0501720061 83154.67969828838 0.006819629345332595 0.5832999001807683 1.6307565896683694E-9 971.2966085467874 24.72662375626368
28.84982643862489 0.21221944726209718 511.6366956052452 649.4660141419719 130265.62501266308 2034447.5559589488 1.97837563404744E7 -419441.5125410212 110863.25505291112 0.006616981146666572 0.601720670828215 1.2448699904727428E-9 1108.2090574431 25.01765093099765
28.33384634758389 0.21608411880635806 577.3284217204128 736.4673118260273 165841.68726900083 2603183.587498329 2.51378034525005E7 -574321.7328867961 146465.91109027082 0.006428709287624921 0.6181152205142055 9.575272293646758E-10 1260.691117627079 25.29531060242781
27.81519007433128 0.22011333390320562 649.1934418213662 832.4202349432046 209719.7208106903 3308606.6362663517 3.19408079811295E7 -782286.710997879 191827.68501278607 0.006272963932556021 0.6316219956160161 7.425688348629507E-10 1431.120713421467 25.54313145445164
27.31837561897334 0.22411633494636396 728.3609705102684 938.7502319177162 264073.8453327561 4186249.4844051925 4.05848990113693E7 -1060224.6660728618 249355.0352222169 0.006154076556067413 0.642051605871748 5.800425011814244E-10 1622.233434839266 25.75350618387401
26.86087719484091 0.2279335174351023 816.2034461450737 1057.1673095217752 331779.1313070423 5282877.411352074 5.15683269107083E7 -1430243.8217618081 322183.31220711465 0.006068100138318578 0.6497160622748686 4.5556789359006314E-10 1837.025324602401 25.925998566526705
26.452674859441817 0.2314508552705813 914.2719528648965 1189.60766417453 416558.6752437535 6658977.300663001 6.55241827662233E7 -1921302.407880319 414375.7807504176 0.006008040531674876 0.6551539215901826 3.59097383643192E-10 2078.7368860694473 26.064312518188768
26.097432235474525 0.2346014031254017 1024.2613112926672 1338.2064135929957 523174.3332084644 8391937.863334404 8.32568901181454E7 -2571324.34408831 531154.4629157011 0.005966943810602344 0.6589223177007527 2.83640049235831E-10 2350.897506311297 26.173755464220253
25.7942841273001 0.23735856324589755 1148.00504667433 1505.3011695252007 657681.4279993854 1.0580241482786719E7 1.05788572394346E8 -3429944.6755505833 679189.6117188629 0.0059391271730861155 0.6614948776362188 2.2425110737130326E-10 2657.399911473284 26.259724956696463
25.539552042289035 0.23972598306636825 1287.4916007786658 1693.4573221000364 827764.2306527907 1.3348948099296167E7 1.34417968691274E8 -4562074.55538137 866972.8282717206 0.005920375507632343 0.6632349809265463 1.7733641120881925E-10 3002.584609508712 26.32702008237893
25.32809577752293 0.2417273795152708 1444.8933235622228 1905.5063898239769 1043170.451127242 1.6856778400333766E7 1.70795293840774E8 -6052532.299680888 1105298.0274627164 0.0059077249323886945 0.664405503439481 1.4020759907087047E-10 3391.326057834774 26.379633081630313
25.15425506281201 0.2433979541482782 1622.6027653264548 2144.5920933241187 1316268.0806842244 2.1305184334908295E7 2.17017357739985E8 -8012059.365828264 1407878.1301501435 0.0058991524728369766 0.665190235586686 1.108048994166074E-10 3829.1190261240563 26.420770923618285
25.1188643150958 0.24374088508185254 1666.2316787159077 2203.255003275233 1388164.00501249 2.2476492306080483E7 2.2920381959393808E8 -8545960.610927986 1487493.0927333622 0.005899147619840137 0.6651911407130799 1.050221156463865E-10 3936.61388361435 26.4277115207434
25.027415778500277 0.2446314982976357 1823.9928732725177 2414.706026478214 1662754.9267612454 2.6965953850974154E7 2.7574842667709E8 -1.0585467647291271E7 1792691.5911625791 0.0058933003860880935 0.6657148731192087 8.744304005113667E-11 4321.143291549723 26.455005849860505
24.928468653771425 0.24560249991473668 2051.5494728577496 2719.4542301981114 2102562.489816443 3.41579762340979E7 3.50373793169084E8 -1.3961004895207167E7 2280752.509678418 0.005889258951396599 0.6660655552190974 6.89928147817123E-11 4875.8261549937115 26.47678961501134
24.848541663036166 0.24639249672828983 2308.3799684226656 3063.1064027375915 2661002.2014641277 4.329101455007586E7 4.45194906165139E8 -1.838401895254044E7 2900726.8994696643 0.005886436046483256 0.6662989787847808 5.44143981184944E-11 5500.627426305598 26.493863322725304
24.784269349495887 0.24703145911125857 2598.2117001915485 3450.6245070010964 3370224.4344535763 5.4890933974292874E7 5.65677309032472E8 -2.41740707649923E7 3688324.2572314297 0.005884436568307691 0.6664533989669084 4.290120175176346E-11 6204.476127897423 26.507260080555948
24.73278052565652 0.24754573041479305 2925.235976657434 3887.5930337533746 4271070.862021046 6.96257818616313E7 7.18765676612485E8 -3.174698978826218E7 4688914.78453421 0.005882992441014557 0.6665551328462453 3.3813418817683693E-11 6997.4429706597775 26.51778815247012
24.691661775264315 0.24795796557305114 3294.1703933706904 4380.30089086819 5415426.9163612025 8.834427020112959E7 9.13284110263911E8 -4.1643571973928034E7 5960140.116905008 0.0058819284481376865 0.6666214264298882 2.6643557770173328E-11 7890.886530042694 26.52606914741291
24.65891238431292 0.24828727743512782 3710.328649365441 4935.8332485123565 6869212.174542725 1.1212468674796191E8 1.16044476412893E9 -5.456675967438893E7 7575046.233484271 0.005881926559026651 0.6666218760114211 2.099132988494676E-11 8897.703212031183 26.532228923073458
