#rho T p e s c^2 cv gamma alpha
9.78E-4 0.0 NaN NaN 0.0 NaN NaN NaN NaN
0.00109733 0.0 NaN NaN 0.0 NaN NaN NaN NaN
0.00123123 0.0 NaN NaN 0.0 NaN NaN NaN NaN
0.00138146 0.0 NaN NaN 0.0 NaN NaN NaN NaN
0.00155003 0.0 NaN NaN 0.0 NaN NaN NaN NaN
0.00173916 0.0 NaN NaN 0.0 NaN NaN NaN NaN
0.00195137 0.0 NaN NaN 0.0 NaN NaN NaN NaN
0.00218947 0.0 NaN NaN 0.0 NaN NaN NaN NaN
0.00245662 0.0 NaN NaN 0.0 NaN NaN NaN NaN
0.00275638 0.0 NaN NaN 0.0 NaN NaN NaN NaN
0.00309271 0.0 NaN NaN 0.0 NaN NaN NaN NaN
0.00347007 0.0 NaN NaN 0.0 NaN NaN NaN NaN
0.00389349 0.0 NaN NaN 0.0 NaN NaN NaN NaN
0.00436857 0.0 NaN NaN 0.0 NaN NaN NaN NaN
0.00490161 0.0 NaN NaN 0.0 NaN NaN NaN NaN
0.0054997 0.0 NaN NaN 0.0 NaN NaN NaN NaN
0.00617076 0.0 NaN NaN 0.0 NaN NaN NaN NaN
0.00692371 0.0 NaN NaN 0.0 NaN NaN NaN NaN
0.00776853 0.0 NaN NaN 0.0 NaN NaN NaN NaN
0.00871643 0.0 NaN NaN 0.0 NaN NaN NaN NaN
0.00978 0.0 NaN NaN 0.0 NaN NaN NaN NaN
0.0109733 0.0 NaN NaN 0.0 NaN NaN NaN NaN
0.0123123 0.0 NaN NaN 0.0 NaN NaN NaN NaN
0.0138146 0.0 NaN NaN 0.0 NaN NaN NaN NaN
0.0155003 0.0 NaN NaN 0.0 NaN NaN NaN NaN
0.0173916 0.0 NaN NaN 0.0 NaN NaN NaN NaN
0.0195137 0.0 NaN NaN 0.0 NaN NaN NaN NaN
0.0218947 0.0 NaN NaN 0.0 NaN NaN NaN NaN
0.0245662 0.0 NaN NaN 0.0 NaN NaN NaN NaN
0.0275638 0.0 NaN NaN 0.0 NaN NaN NaN NaN
0.0309271 0.0 NaN NaN 0.0 NaN NaN NaN NaN
0.0347007 0.0 NaN NaN 0.0 NaN NaN NaN NaN
0.0389349 0.0 NaN NaN 0.0 NaN NaN NaN NaN
0.0436857 0.0 NaN NaN 0.0 NaN NaN NaN NaN
0.0490161 0.0 NaN NaN 0.0 NaN NaN NaN NaN
0.054997 0.0 NaN NaN 0.0 NaN NaN NaN NaN
0.0617076 0.0 NaN NaN 0.0 NaN NaN NaN NaN
0.0692371 0.0 NaN NaN 0.0 NaN NaN NaN NaN
0.0776853 0.0 NaN NaN 0.0 NaN NaN NaN NaN
0.0871643 0.0 NaN NaN 0.0 NaN NaN NaN NaN
0.0978 0.0 NaN NaN 0.0 NaN NaN NaN NaN
0.109733 0.0 NaN NaN 0.0 NaN NaN NaN NaN
0.123123 0.0 NaN NaN 0.0 NaN NaN NaN NaN
0.138146 0.0 NaN NaN 0.0 NaN NaN NaN NaN
0.155003 0.0 NaN NaN 0.0 NaN NaN NaN NaN
0.173916 0.0 NaN NaN 0.0 NaN NaN NaN NaN
0.195137 0.0 NaN NaN 0.0 NaN NaN NaN NaN
0.218947 0.0 NaN NaN 0.0 NaN NaN NaN NaN
0.245662 0.0 NaN NaN 0.0 NaN NaN NaN NaN
0.275638 0.0 NaN NaN 0.0 NaN NaN NaN NaN
0.309271 0.0 NaN NaN 0.0 NaN NaN NaN NaN
0.347007 0.0 NaN NaN 0.0 NaN NaN NaN NaN
0.389349 0.0 NaN NaN 0.0 NaN NaN NaN NaN
0.436857 0.0 NaN NaN 0.0 NaN NaN NaN NaN
0.490161 0.0 NaN NaN 0.0 NaN NaN NaN NaN
0.54997 0.0 NaN NaN 0.0 NaN NaN NaN NaN
0.617076 0.0 NaN NaN 0.0 NaN NaN NaN NaN
0.692371 0.0 NaN NaN 0.0 NaN NaN NaN NaN
0.776853 0.0 NaN NaN 0.0 NaN NaN NaN NaN
0.871643 0.0 NaN NaN 0.0 NaN NaN NaN NaN
0.978 0.0 NaN NaN 0.0 NaN NaN NaN NaN
1.09733 0.0 NaN NaN 0.0 NaN NaN NaN NaN
1.23123 0.0 NaN NaN 0.0 NaN NaN NaN NaN
1.38146 0.0 NaN NaN 0.0 NaN NaN NaN NaN
1.55003 0.0 NaN NaN 0.0 NaN NaN NaN NaN
1.73916 0.0 NaN NaN 0.0 NaN NaN NaN NaN
1.95137 0.0 NaN NaN 0.0 NaN NaN NaN NaN
2.18947 0.0 NaN NaN 0.0 NaN NaN NaN NaN
2.45662 0.0 NaN NaN 0.0 NaN NaN NaN NaN
2.75638 0.0 0.45511160534315515 -270982.54879178794 0.0 NaN -0.004899948792597675 -0.06728583516388227 NaN
3.09271 0.0 0.6802173519897573 -270982.5311558082 0.0 0.6934120214629548 -0.004571827252453787 -0.07884858853871489 1.6809437098998757E-4
3.47007 0.0 1.014885062589143 -270982.50500817073 0.0 0.865014147239523 -0.004320153665724465 -0.08308959769719189 1.1958711942654154E-4
3.89349 0.0 1.4796254483074913 -270982.4709791193 0.0 1.018490257251113 -0.003958121232708512 -0.09732925564750426 9.714860113385484E-5
4.36857 0.0 2.1337520682373783 -270982.42541839666 0.0 1.2288862606890645 -0.003640861273862549 -0.10600618970106071 7.189262947270921E-5
4.90161 0.0 3.067639607561105 -270982.3668510306 0.0 1.4673795883556393 -0.003225200165801853 -0.1475079099430651 6.614404584502309E-5
5.4997 0.0 4.386002202114564 -270982.2904145396 0.0 1.8239430143457112 -0.0028301414816724567 -0.16691094407416213 4.709151851263278E-5
6.17076 0.0 6.215962031017789 -270982.19115461217 0.0 1.918838338128531 -0.002476678860710356 -0.1958294972955333 4.096102008329308E-5
6.92371 0.0 8.64887227729841 -270982.0671895713 0.0 1.7045686315267818 -0.0020019208586124523 -0.26869640483701085 4.557801416838358E-5
7.76853 0.0 11.89829734398452 -270981.91309859784 0.0 1.7458437969701102 -0.0015722437851799992 -0.3524361320895577 4.085602227463832E-5
8.71643 0.0 16.330780394260586 -270981.72314111516 0.0 0.9471760744414959 -0.001137208588653695 -0.47308174545487885 6.516388302720528E-5
9.78 0.0 22.27317525589023 -270981.48948837345 0.0 -39.320295843542 -7.325020515642193E-4 -0.7334464574946248 -1.3970811374731242E-6
10.9733 0.0 -57.57749601342461 -270981.2051758262 0.0 -50.21605780370165 -3.753617277689656E-4 -2.3874975899512862 -1.626346439350773E-6
12.3123 0.0 -102.18535308235731 -270982.93125677423 0.0 -66.24981326308948 -9.833921421774772E-5 -9.117659419206687 -1.0992241261826655E-6
13.8146 0.0 10.45559812356904 -270982.9142905333 0.0 93.67307473897982 9.142982964483589E-5 11.078029604656725 7.827036186464227E-7
15.5003 0.0 32.70208428177186 -270982.7671278457 0.0 15.766197661462696 0.0019753255989485106 0.09877336242351294 7.983833279434411E-7
17.3916 0.0 62.001928113841025 -270982.4114178094 0.0 -1610.0772605394625 1.3136922366382009E-5 -90.27200125701559 4.235068598174366E-8
19.5137 0.0 103.1815864827534 -270981.9009624652 0.0 34.57796396232634 -2.3719420344612494E-4 0.9356101082162086 -3.288970176819613E-7
21.8947 0.0 162.82662993612524 -270981.1700258156 0.0 -38.72562044806743 -2.672724300690587E-4 -0.6314314757313249 -1.9904121118225485E-7
24.5662 0.0 248.6097764169775 -270980.1747283516 0.0 1014.3464110532104 5.477919558945064E-4 -0.05348601513348511 -1.1757950113544875E-9
27.5638 0.0 372.27010051192417 -270978.8421567217 0.0 53.31309999422684 0.0022090821291556777 -0.5932987920375914 -8.918920652881158E-7
30.9271 0.0 545.382338370754 -270977.0075016221 0.0 197.47896581512785 -0.0010607602477821555 -0.04915790335505657 8.537889794747899E-9
34.7007 0.0 784.6911038794491 -270974.71498933755 0.0 499.61477547351876 2.5340683674816085E-4 5.185828309259075 7.579890862619116E-8
38.9349 0.0 1115.0934532637589 -270971.7638619554 0.0 -10482.118565896633 -1.804427801893188E-5 -73.16639234897595 -3.2349160903352124E-9
43.6857 0.0 1567.2611044479954 -270968.09866605717 0.0 139.82090617859913 0.0030481956787826473 0.18082040672282543 9.023580007316163E-8
49.0161 0.0 2179.71007169857 -270963.4372650926 0.0 -4126.688911865441 2.3334892547255366E-4 16.335973820395527 -1.884561652396713E-8
54.997 0.0 3011.8399851007207 -270957.7413045724 0.0 -8642.50440671916 -9.794346566647956E-5 -32.560186035036786 -6.709400783527185E-9
61.7076 0.0 4145.833745023451 -270950.7572485223 0.0 -140.0464009189668 0.0022404052162841625 -4.647504381438205 1.2048577487700825E-6
69.2371 0.0 5655.37160404449 -270942.12215609447 0.0 443.64179869982377 -0.0031444410174048046 1.1521137604080605 -1.1794172893259155E-7
77.6853 0.0 7686.676942158922 -270931.8258092139 0.0 3612.9454129063674 0.0022506781148315786 0.752919016094875 6.037559264724254E-9
87.1643 0.0 10433.333449570007 -270919.1414014168 0.0 925.6202961566452 -0.006634799124969212 0.625274137606248 -5.141936735927983E-8
97.8 0.0 14115.551044701733 -270903.9826675056 0.0 -245.00228951570034 -0.005868139622288754 -0.7146888729944207 -1.750283753521384E-7
109.733 0.0 19080.328662136617 -270885.80841147294 0.0 2676.443971329233 0.0018543620940821312 1.8854922760635298 1.190484896279679E-8
123.123 0.0 25753.19025642939 -270863.76945465175 0.0 -11586.662069648353 1.0486658558905114E-4 -12.104888810765603 8.898163935442926E-10
138.146 0.0 34681.675787820044 -270837.3216285505 0.0 2005.4203323177426 -3.4218890168298966E-4 -2.7852899112508918 3.4402705490845476E-9
155.003 0.0 46684.90149322448 -270805.6074437451 0.0 -791.4752482504884 -2.3244016451742157E-4 -3.184326795875099 -6.0332505899256604E-9
173.916 0.0 62720.77271879423 -270767.5593414988 0.0 12516.2345009374 5.5151098101373E-4 3.400972086479129 8.616760099183259E-10
195.137 0.0 84024.26495601282 -270722.159590595 0.0 1478.5680691894136 0.005636835287884944 -0.05015458190666976 -9.798622176257765E-10
218.947 0.0 111813.8466432896 -270667.8316266082 0.0 21733.40838770968 -1.8724344433586893E-4 -14.78099445388622 5.816254957275135E-10
245.662 0.0 149052.7201068058 -270603.98371762753 0.0 1902.1846223153143 0.006018071870738557 0.12106798561118749 1.5591792154286087E-9
275.638 0.0 199569.3490704747 -270527.27973454347 0.0 24088.77546331958 -4.970400713759582E-4 13.789393775122678 -1.032244940958796E-9
309.271 0.0 264898.722491464 -270436.3034687134 0.0 10203.980095545554 0.002316081026071948 -0.1618806518080874 -1.188064151563292E-10
347.007 0.0 349609.4418263476 -270329.0675273479 0.0 28321.29636266517 -7.522323873427934E-4 6.499269392151106 -4.974680604026268E-10
389.349 0.0 459684.71909935976 -270203.1245016432 0.0 -3278.3181061472887 -0.0029158675572315096 -1.4112421391418617 -3.223882269554963E-9
436.857 0.0 601340.2392812736 -270056.0409553329 0.0 6277.772407990231 0.004982252925670836 2.0827650667443347 3.783739160002671E-9
490.161 0.0 786105.9086006257 -269884.8682533704 0.0 -40516.9051729054 7.301190168303763E-4 -5.909365317545479 2.1724984782821006E-10
549.97 0.0 1027053.9562797472 -269685.02430454217 0.0 79099.1564332948 -2.3367409873636E-4 15.17483842944775 -8.15124224578289E-11
617.076 0.0 1343053.3055620082 -269453.06539368175 0.0 -6786946.828920101 5.422125173782109E-5 -639.8285302341399 8.283617528882317E-12
692.371 0.0 1748424.701723431 -269180.88002336316 0.0 7640.5955228928815 -0.05126456642161492 0.1675474720935105 -1.6236375605102363E-9
776.853 0.0 2256925.5242468514 -268869.494364129 0.0 -1525288.500261168 -0.0012381508744197219 -35.28168127987023 -3.68665075602067E-11
871.643 0.0 2906202.9728451734 -268510.1027048357 0.0 186614.52246601038 -8.614970163946137E-5 18.16882229943999 -9.622689455773407E-12
978.0 0.0 3738528.647438078 -268099.25912297197 0.0 11008.47424002716 -7.853370597473828E-4 0.07956347421271072 -5.80368517199977E-12
1097.33 0.0 4813458.639234998 -267626.71714861784 0.0 95096.26224150608 -9.925231469096693E-5 4.144295444036714 -3.941764304675035E-12
1231.23 0.0 6175417.106242188 -267085.8170978571 0.0 20523.585159529342 -0.0016885626689665868 0.3631086959338508 -2.4263945213904446E-11
1381.46 0.0 7903183.940599188 -266468.0623376257 0.0 -6990.592875070765 -8.906640217106427E-4 -0.7785407239818826 -7.180305449914759E-11
1550.03 0.0 1.0090599154142313E7 -265764.4849041753 0.0 3328.517272341336 -8.183831099120987E-4 -0.12790694664723207 2.0288963958918157E-11
1739.16 0.0 1.2862595318650432E7 -264964.6345448596 0.0 -11989.454048268626 -4.009188352219534E-4 -0.7725936946000623 -1.4854863777267967E-11
1951.37 0.0 1.6375019418868206E7 -264056.62486462673 0.0 -4054.9408052008675 -3.739226157104696E-4 -0.6330854580694568 -2.991712998549283E-11
2189.47 0.0 2.081638669754081E7 -263026.9720646159 0.0 5224.804731093391 -6.150699264054918E-5 -8.566518981842162 4.6059562824483196E-11
2456.62 0.0 2.641871996629532E7 -261861.543262055 0.0 -3345110.243324506 1.752531815054675E-4 -64.17736499204155 1.3686719731906137E-12
2756.38 0.0 3.348093277982819E7 -260543.95764317742 0.0 29243.39119563711 -0.020427788879275016 0.10235780932502805 -2.5940331349629008E-11
3092.71 0.0 4.239118298855355E7 -259057.5323081186 0.0 409747.76009578485 0.0024967284513474877 5.511177132264549 1.0858251415460534E-11
3470.07 0.0 5.3601959434380814E7 -257380.14945590295 0.0 321892.6213891399 -9.253034014951612E-4 4.685455509267592 -3.881384969433472E-12
3893.49 0.0 6.7658253722253E7 -255492.16839690422 0.0 207998.95579846198 -0.002887042366456237 3.711671177305134 -1.3231906798665084E-11
4368.57 0.0 8.529841508095185E7 -253369.41105750416 0.0 39558.66388219611 -0.009572376642200248 0.01449556734052337 -8.029233400598251E-13
4901.61 0.0 1.0741328298485881E8 -250986.18062285281 0.0 -822190.9947354598 -9.224627510180353E-4 -14.185077185499674 -3.2469011918340695E-12
5499.7 0.0 1.3512940500865602E8 -248312.59094078655 0.0 -10202.768373023871 -6.879629330420813E-4 -0.6789823226530519 -8.324659516084877E-12
6170.76 0.0 1.6981185992245355E8 -245316.5736724936 0.0 -166943.8370830902 -3.9788769152451135E-4 -2.3910481944559825 -9.235061409592802E-13
6923.71 0.0 2.1314364160611075E8 -241963.04469559476 0.0 1.037396003038095E7 3.082206651790596E-4 103.64953124027471 4.447804154674289E-13
7768.53 0.0 2.5768611099341598E8 -238214.33807175685 0.0 -5.740867035739419E7 0.028877077540635055 -31.278028010828105 2.025238933678269E-12
8716.43 0.0 3.30601549092427E8 -234122.7497188504 0.0 122704.06011833751 -17.191107401683897 0.016073988646934247 -2.583627692490883E-10
9780.0 0.0 4.7412930772940165E8 -229395.24054096892 0.0 1.3318046476393569E9 0.015487445178869146 299.89481158129695 3.565901588494409E-13
