#state rho e tau(6) p c^2 T s cv gamma alphavol
12.281310123417862 1460.86 12.281310123417862 NaN  NaN NaN NaN 0.0 0.0 0.0 NaN NaN 1460.86 NaN NaN NaN NaN
14.64637878540627 2914.79 14.64637878540627 -270982.47895256453  -37.80295230962473 -37.80295230962473 -37.80295230962473 0.0 0.0 0.0 37.80295230962473 19.68445028558353 2914.79 5.384792865842128E-4 1.248805369546331E-4 3.078720519331231 1.3335566545710418E-6
15.5003 4617.834553439151 15.5003 -270982.11519810295  -57.984110118744994 -57.984110118744994 -57.984110118744994 0.0 0.0 0.0 57.984110118744994 20.262708327833632 4617.834553439151 5.861422121168384E-4 2.3332719476717005E-4 1.9031842123138971 1.4138671015800515E-6
16.636504846369593 5815.78 16.636504846369593 -270981.7831727483  -77.8837339105896 -77.8837339105896 -77.8837339105896 0.0 0.0 0.0 77.8837339105896 24.919327131178893 5815.78 5.924469994321813E-4 1.4831016411069887E-4 2.2989874784003606 8.224492692877182E-7
17.3916 7065.261695049225 17.3916 -270981.4677222158  -94.25952438207756 -94.25952438207756 -94.25952438207756 0.0 0.0 0.0 94.25952438207756 29.008110470072403 7065.261695049225 6.09038727569869E-4 1.4850289027919103E-4 1.7620453551525268 5.186722468901899E-7
18.92057642052112 9217.38 18.92057642052112 -270980.83126592526  -133.74304265799958 -133.74304265799958 -133.74304265799958 0.0 0.0 0.0 133.74304265799958 30.5689817055552 9217.38 6.22755391548118E-4 1.864608746400434E-4 1.6120511496789205 5.196981843201244E-7
19.5137 10821.16920088665 19.5137 -270980.3995859603  -154.12349566121102 -154.12349566121102 -154.12349566121102 0.0 0.0 0.0 154.12349566121102 35.739474641339285 10821.16920088665 6.427735539762078E-4 1.9551041392519515E-4 1.4722051778386107 4.127151847288676E-7
21.8947 14330.731072197987 21.8947 -270979.03899094823  -233.41500132215887 -233.41500132215887 -233.41500132215887 0.0 0.0 0.0 233.41500132215887 50.459306605428075 14330.731072197987 6.694663507528914E-4 1.9074891963901107E-4 1.7002674201289534 2.935614626075343E-7
24.193071648646708 18391.1 24.193071648646708 -270977.4048597727  -322.57579373919924 -322.57579373919924 -322.57579373919924 0.0 0.0 0.0 322.57579373919924 48.79602669060389 18391.1 6.95341758999029E-4 1.9962369083962347E-4 1.3690695205397134 2.3150592530518515E-7
24.5662 19241.806480417505 24.5662 -270977.09518236294  -339.8050549833866 -339.8050549833866 -339.8050549833866 0.0 0.0 0.0 339.8050549833866 63.624959568687146 19241.806480417505 7.016509508822613E-4 1.920936236724563E-4 1.453058828539773 1.7857910584287837E-7
27.5638 25053.3111114204 27.5638 -270974.78622334887  -493.3691355005865 -493.3691355005865 -493.3691355005865 0.0 0.0 0.0 493.3691355005865 83.13594944953125 25053.3111114204 7.232236385114493E-4 2.6218712474000526E-4 1.3339148531711802 1.526200242870382E-7
30.9271 31796.044938718485 30.9271 -270971.656659938  -743.3165476887298 -743.3165476887298 -743.3165476887298 0.0 0.0 0.0 743.3165476887298 73.9505908585583 31796.044938718485 7.507248614540762E-4 3.3046414167486985E-4 0.33045330261482525 4.7747824757347526E-8
34.7007 39458.83080802803 34.7007 -270966.72282052576  -1018.830242850295 -1018.830242850295 -1018.830242850295 0.0 0.0 0.0 1018.830242850295 81.53532863635076 39458.83080802803 8.041215295315273E-4 2.364300149569718E-4 -0.3318814530034359 -2.7733298800906967E-8
42.1840206290036 58157.8 42.1840206290036 -270955.3233458986  -1898.2899428421347 -1898.2899428421347 -1898.2899428421347 0.0 0.0 0.0 1898.2899428421347 119.80969692771164 58157.8 8.822578066794398E-4 4.0127465530986515E-4 0.5040533181886427 4.002010909048395E-8
43.68569999999999 61826.13117672736 43.68569999999999 -270951.9146944474  -2081.7159582073205 -2081.7159582073205 -2081.7159582073205 0.0 0.0 0.0 2081.7159582073205 133.7525923271926 61826.13117672736 9.144403585140265E-4 3.443097632206902E-4 0.6809394620513968 4.012511904494064E-8
54.997 86896.09783754054 54.997 -270933.9137183089  -3614.062022800923 -3614.062022800923 -3614.062022800923 0.0 0.0 0.0 3614.062022800923 212.92536651221948 86896.09783754054 9.744579765871864E-4 4.314897197793536E-4 -0.2186014349192213 -8.054842594314357E-9
61.7076 102556.9755831424 61.7076 -270920.47479505243  -5550.971037868905 -5550.971037868905 -5550.971037868905 0.0 0.0 0.0 5550.971037868905 300.5102193428017 102556.9755831424 0.0010230749229539198 4.662089830620508E-4 1.0644955519805546 2.6762494268175065E-8
77.6853 149163.98462097262 77.6853 -270878.7722890014  -10377.961283816332 -10377.961283816332 -10377.961283816332 0.0 0.0 0.0 10377.961283816332 383.11481919434027 149163.98462097262 0.001154386614451734 6.341455503790384E-4 0.5678225657576167 1.2098563238720592E-8
97.8 208721.4368227891 97.8 -270818.81935806863  -19413.172435603345 -19413.172435603345 -19413.172435603345 0.0 0.0 0.0 19413.172435603345 595.8812917006477 208721.4368227891 0.0012827469267955927 6.745762357577615E-4 0.6023086177541506 6.971905780632455E-9
109.733 246337.22158181475 109.733 -270777.8202660006  -26697.979513433547 -26697.979513433547 -26697.979513433547 0.0 0.0 0.0 26697.979513433547 691.8715262535115 246337.22158181475 0.0013510140900159302 7.873595272546222E-4 0.5633591054821152 5.842459287882613E-9
138.146 344527.31869929685 138.146 -270657.9736353066  -50317.09082542533 -50317.09082542533 -50317.09082542533 0.0 0.0 0.0 50317.09082542533 972.1203225212778 344527.31869929685 0.001522929702602074 9.052717310916537E-4 0.5309121769166747 3.578848452510326E-9
155.003 401710.51363465714 155.003 -270580.2649267078  -68419.23596842076 -68419.23596842076 -68419.23596842076 0.0 0.0 0.0 68419.23596842076 1187.9602352950421 401710.51363465714 0.0016096494829907935 0.001013301100226207 0.5698799265041912 3.1360275284728115E-9
173.91600000000003 471666.47907829663 173.91600000000003 -270478.4452339057  -93007.69992101635 -93007.69992101635 -93007.69992101635 0.0 0.0 0.0 93007.69992101635 1365.2944938871317 471666.47907829663 0.0017104366500155057 0.0012140515342733123 0.4779297706048039 2.4436293291533346E-9
218.947 682723.3301914511 218.947 -261349.3538369246  -177804.4014542345 -177804.4014542345 -177804.4014542345 0.0 0.0 0.0 177804.4014542345 1411.1425864925063 682723.3301914511 0.014910450819687247 0.08835303651507544 0.0084215507412409 2.4082615520524127E-9
#245.662 751823.3299246748 245.662 -270009.1644325481  -1175618.3180832167 -1175618.3180832167 -1175618.3180832167 0.0 0.0 0.0 1175618.3180832167 577572.8207605884 751823.3299246748 0.0020770525147842363 0.001555091810033384 126.89233732623312 1.3907424143743905E-9
347.00700000000006 1219069.5881355836 347.00700000000006 -269083.84319344803  -570872.7409073979 -570872.7409073979 -570872.7409073979 0.0 0.0 0.0 570872.7409073979 4409.70001020217 1219069.5881355836 0.002581986293341786 0.0018291335262830173 0.5967156637420333 7.132890662038714E-10
436.8570000000001 1556445.055309638 436.8570000000001 -268306.73099117284  -1020919.8590352329 -1020919.8590352329 -1020919.8590352329 0.0 0.0 0.0 1020919.8590352329 5534.970285862572 1556445.055309638 0.002816083035956716 0.001958115011159859 0.5175958225477463 4.191547253409421E-10
549.97 2042681.940003151 549.97 -267118.5399336071  -1804319.1342984065 -1804319.1342984065 -1804319.1342984065 0.0 0.0 0.0 1804319.1342984065 7208.28987811956 2042681.940003151 0.003125606148021209 0.0020818469055313383 0.5298502946277899 2.7824715091335253E-10
617.076 2319382.7052236306 617.076 -266423.2751026372  -2354478.688449401 -2354478.688449401 -2354478.688449401 0.0 0.0 0.0 2354478.688449401 8925.856279290434 2319382.7052236306 0.003245609029921936 0.0022982708723173965 0.5541863946336336 2.3124296386470854E-10
776.853 3020094.740040893 776.853 -264523.10428179975  -4123024.860480049 -4123024.860480049 -4123024.860480049 0.0 0.0 0.0 4123024.860480049 11549.59539447385 3020094.740040893 0.0035771795472429938 0.002420050058001441 0.5686751341045442 1.5338502820539383E-10
978.0 3806486.6323447386 978.0 -262256.6859403155  1.3969073511118919E7 1.3969073511118919E7 1.3969073511118919E7 0.0 0.0 0.0 -1.3969073511118919E7 983185.4853358448 3806486.6323447386 0.003828964805986273 0.002608122820094886 -59.34208264711738 -1.6095946129997395E-10
1231.2299999999998 4744976.927415239 1231.2299999999998 -259412.44912973593  -2.1768789701145005E8 -2.1768789701145005E8 -2.1768789701145005E8 0.0 0.0 0.0 2.1768789701145005E8 -8392328.550927198 4744976.927415239 0.004053183155448028 0.0026753620248486805 -57.842458475816535 1.4976407038633697E-11
2189.4699999999993 8019547.857207445 2189.4699999999993 -248367.89779816903  -4.017917697324774E7 -4.017917697324774E7 -4.017917697324774E7 0.0 0.0 0.0 4.017917697324774E7 36273.93645630455 8019547.857207445 0.0045994001034195126 0.0029269369114672244 0.5819036818280204 2.1445233528335333E-11
2756.3800000000006 9557251.641726077 2756.3800000000006 -242594.5045563835  -6.3568757422899395E7 -6.3568757422899395E7 -6.3568757422899395E7 0.0 0.0 0.0 6.3568757422899395E7 47906.24340498971 9557251.641726077 0.004712411049723803 0.003106051871203705 0.5810918020925763 1.3668543710602828E-11
3893.49 1.2441122955119342E7 3893.49 -230981.1261259747  -1.2879564656980723E8 -1.2879564656980723E8 -1.2879564656980723E8 0.0 0.0 0.0 1.2879564656980723E8 66050.52014411225 1.2441122955119342E7 0.004918203738034425 0.003201968516256144 0.4904586549835917 6.106665822190776E-12
6396.018396509913 1.83911E7 6396.018396509913 -206998.70101804702  -3.3595576092415637E8 -3.3595576092415637E8 -3.3595576092415637E8 0.0 0.0 0.0 3.3595576092415637E8 100529.00702354519 1.83911E7 0.005141703487746933 0.003754172800315763 0.5124579014957656 2.992067284908481E-12
