#state rho e tau(6) p c^2 T s cv gamma alphavol
12.258014665527064 1160.4 12.258014665527064 NaN  NaN NaN NaN 0.0 0.0 0.0 NaN NaN 1160.4 NaN NaN NaN NaN
15.079512345016951 2315.3 15.079512345016951 -270982.46214761777  -39.31126509624798 -39.31126509624798 -39.31126509624798 0.0 0.0 0.0 39.31126509624798 37.3766984007321 2315.3 5.129589175935617E-4 4.066530148824791E-5 9.727208777592269 7.018171884978303E-7
15.5003 2619.6661671473416 15.5003 -270982.4065288541  -46.12410914089443 -46.12410914089443 -46.12410914089443 0.0 0.0 0.0 46.12410914089443 52.20205603829635 2619.6661671473416 5.113484449458947E-4 2.9713587187953047E-5 12.523717070262055 4.598970467692337E-7
18.882845078921903 5815.78 18.882845078921903 -270981.2991977388  -117.28804421563518 -117.28804421563518 -117.28804421563518 0.0 0.0 0.0 117.28804421563518 29.846191762209784 5815.78 5.592482933587346E-4 1.4885729222906575E-4 1.705049088694492 4.5035049726061553E-7
19.5137 6584.575575182133 19.5137 -270981.03485361877  -133.19868524918567 -133.19868524918567 -133.19868524918567 0.0 0.0 0.0 133.19868524918567 36.71278846813589 6584.575575182133 5.70424781834573E-4 1.490072180979107E-4 1.6834457319854945 3.5014621145176467E-7
21.8947 9139.626234195306 21.8947 -270979.93385702255  -205.9856706212447 -205.9856706212447 -205.9856706212447 0.0 0.0 0.0 205.9856706212447 48.0399981008519 9139.626234195306 5.929937605980188E-4 1.4560869720521409E-4 1.560154912898776 2.159797622276716E-7
24.0059113316346 11604.0 24.0059113316346 -270978.777976445  -286.12226854819363 -286.12226854819363 -286.12226854819363 0.0 0.0 0.0 286.12226854819363 49.24791275538104 11604.0 6.083325500591933E-4 1.8742841906343031E-4 1.26784635813186 2.0099999333330332E-7
24.566200000000002 12519.335619992957 24.566200000000002 -270978.39991970634  -310.1310017238131 -310.1310017238131 -310.1310017238131 0.0 0.0 0.0 310.1310017238131 56.50900829748523 12519.335619992957 6.180220467392315E-4 1.8654720039151356E-4 1.163914596611296 1.5640627808420848E-7
27.5638 15752.003070848554 27.5638 -270976.37841907295  -452.9184663885507 -452.9184663885507 -452.9184663885507 0.0 0.0 0.0 452.9184663885507 81.80769458440604 15752.003070848554 6.455938844142811E-4 1.4038322307538773E-4 1.598325277666171 9.95055107093936E-8
30.927100000000003 19913.08002110369 30.927100000000003 -270973.6614201983  -665.978784237893 -665.978784237893 -665.978784237893 0.0 0.0 0.0 665.978784237893 77.47446683100067 19913.08002110369 6.749677178510405E-4 1.326290306803652E-4 0.5529757536161738 3.0608841324070893E-8
34.7007 28454.019817491127 34.7007 -270969.81416724966  -972.5367736510306 -972.5367736510306 -972.5367736510306 0.0 0.0 0.0 972.5367736510306 77.59593491110782 28454.019817491127 7.074017734560015E-4 2.7984821678405275E-4 0.2251944394605218 2.340469579811359E-8
38.9349 33390.838303371405 38.9349 -270965.1767836545  -1330.5735275526986 -1330.5735275526986 -1330.5735275526986 0.0 0.0 0.0 1330.5735275526986 122.36804529332903 33390.838303371405 7.451715528176144E-4 4.1791079347495996E-4 0.7865519946795024 6.899282664243691E-8
43.6679296976615 46196.4 43.6679296976615 -270959.20313672005  -2069.840993084971 -2069.840993084971 -2069.840993084971 0.0 0.0 0.0 2069.840993084971 118.71718378704988 46196.4 7.720402277897039E-4 5.016143353336285E-4 -0.10466524728455967 -1.0127360160910638E-8
43.685700000000004 46282.76771385886 43.685700000000004 -270959.1491509998  -2071.83737685785 -2071.83737685785 -2071.83737685785 0.0 0.0 0.0 2071.83737685785 53.304944824332004 46282.76771385886 7.728812573773898E-4 5.028545750079226E-4 -0.10616024613413105 -2.2924376119926592E-8
49.0161 47772.10872989913 49.0161 -270953.9113561966  -2409.889063905386 -2409.889063905386 -2409.889063905386 0.0 0.0 0.0 2409.889063905386 226.91875828189757 47772.10872989913 7.782915797596845E-4 3.0704292387463456E-4 1.208038166287291 3.334806173015105E-8
61.7076 67968.90753403187 61.7076 -270934.8010189385  -4833.560933285377 -4833.560933285377 -4833.560933285377 0.0 0.0 0.0 4833.560933285377 253.0341950481336 67968.90753403187 8.531091021913663E-4 3.5970521136246544E-4 0.5404048198793516 1.2449390002714067E-8
69.2371 82677.89810979481 69.2371 -270922.9598577493  -6683.200494806354 -6683.200494806354 -6683.200494806354 0.0 0.0 0.0 6683.200494806354 337.8131728589296 82677.89810979481 8.780519345872255E-4 2.711902823769314E-4 0.9818418083596344 1.1384139124917368E-8
77.6853 95514.33818797754 77.6853 -270906.44479871733  -8864.72536924844 -8864.72536924844 -8864.72536924844 0.0 0.0 0.0 8864.72536924844 312.46171434370433 95514.33818797754 9.283277027067255E-4 4.448258850604822E-4 -0.06445866344844099 -1.1812333208380708E-9
97.8 132925.23823746515 97.8 -270863.8456729881  -16803.117698242484 -16803.117698242484 -16803.117698242484 0.0 0.0 0.0 16803.117698242484 547.3955266444532 132925.23823746515 0.0010169960287003484 4.865482442262862E-4 0.6269196799627775 5.6976755380639185E-9
109.733 156378.72475243348 109.733 -270835.0194792953  -22927.170667469964 -22927.170667469964 -22927.170667469964 0.0 0.0 0.0 22927.170667469964 682.9075773881284 156378.72475243348 0.0010654793945458494 5.44529980165799E-4 0.7370935578484199 5.356057454392915E-9
123.123 191257.01099224004 123.123 -270795.8352888818  -31641.55996956338 -31641.55996956338 -31641.55996956338 0.0 0.0 0.0 31641.55996956338 736.0915748271393 191257.01099224004 0.0011345064760212927 6.596232889380082E-4 0.48852126756778885 3.5555633431641913E-9
155.003 263982.29142719426 155.003 -270695.7351519968  -57809.089879073996 -57809.089879073996 -57809.089879073996 0.0 0.0 0.0 57809.089879073996 1019.4170175015522 263982.29142719426 0.001260568048535544 7.49028496517808E-4 0.3842233382126685 1.8213361122224845E-9
195.137 340964.2381978623 195.137 -270566.95221455017  -103787.20036017694 -103787.20036017694 -103787.20036017694 0.0 0.0 0.0 103787.20036017694 1510.8639897733456 340964.2381978623 0.00134667050744954 7.822562142380213E-4 0.528761071472091 1.4029542260902781E-9
218.94700000000003 397489.93119049806 218.94700000000003 -270472.54050956154  -139401.7120966967 -139401.7120966967 -139401.7120966967 0.0 0.0 0.0 139401.7120966967 1817.6172765866156 397489.93119049806 0.0014211025609934468 9.082864446657952E-4 0.5850887710645454 1.3353747347272306E-9
245.66200000000003 482668.82422169036 245.66200000000003 -270337.4142446029  -188867.20838950365 -188867.20838950365 -188867.20838950365 0.0 0.0 0.0 188867.20838950365 2042.2654753257311 482668.82422169036 0.001542069407000446 0.0011006745438807994 0.43543286595867436 9.552783813627834E-10
309.271 612999.501475557 309.271 -270057.13628099696  -336132.5057886034 -336132.5057886034 -336132.5057886034 0.0 0.0 0.0 336132.5057886034 2972.146778750922 612999.501475557 0.001672973681722776 0.0012064357801457504 0.6372613529263511 8.363967534686026E-10
347.007 782544.7481968505 347.007 -269757.72637928213  -463152.2572201747 -463152.2572201747 -463152.2572201747 0.0 0.0 0.0 463152.2572201747 3147.293029876866 782544.7481968505 0.0018998094683720017 0.00145117275070261 0.49487153573722625 6.575611915972335E-10
490.161 1054703.3091683495 490.161 -269042.7208772839  -1020548.487929615 -1020548.487929615 -1020548.487929615 0.0 0.0 0.0 1020548.487929615 5366.199070383109 1054703.3091683495 0.002056037705471341 0.0014373254554373835 0.5383658344094658 2.941894369857765E-10
549.97 1262085.185024748 549.97 -268581.499174931  -1368119.1204863728 -1368119.1204863728 -1368119.1204863728 0.0 0.0 0.0 1368119.1204863728 5969.473233506269 1262085.185024748 0.0022272252687711622 0.0016622696371317045 0.5370760097432956 2.719331894856174E-10
776.853 1732623.971837241 776.853 -267183.377448959  -2991619.410453142 -2991619.410453142 -2991619.410453142 0.0 0.0 0.0 2991619.410453142 8706.92159423716 1732623.971837241 0.0024448427520996074 0.0016547360577031487 0.41323229327044697 1.0109263184007362E-10
871.643 1934755.3022769527 871.643 -266574.1916078088  -3830816.3160582306 -3830816.3160582306 -3830816.3160582306 0.0 0.0 0.0 3830816.3160582306 11353.66533452591 1934755.3022769527 0.0025211099858834384 0.0018461355872679726 0.5561506128708003 1.0374836920152082E-10
1097.33 2544013.281999535 1097.33 -264756.5555494373  -6614257.244203553 -6614257.244203553 -6614257.244203553 0.0 0.0 0.0 6614257.244203553 14622.236611861408 2544013.281999535 0.002806455939979804 0.0019381280068930294 0.5317326700214637 6.422805077812616E-11
1381.46 3170116.117886574 1381.46 -262661.8448207613  -1.1008823847953806E7 -1.1008823847953806E7 -1.1008823847953806E7 0.0 0.0 0.0 1.1008823847953806E7 19147.837367699893 3170116.117886574 0.002980641993318212 0.0020568606890153437 0.593747242592414 4.616878430613697E-11
1739.1599999999999 3857608.570291285 1739.1599999999999 -260126.89316399273  -1.7924487205830853E7 -1.7924487205830853E7 -1.7924487205830853E7 0.0 0.0 0.0 1.7924487205830853E7 22772.987132461596 3857608.570291285 0.0031065725342708196 0.0021576676046035745 0.5804270961832515 3.1620787423258534E-11
2189.47 4700249.513151245 2189.47 -256898.68401242408  -2.9067608377172105E7 -2.9067608377172105E7 -2.9067608377172105E7 0.0 0.0 0.0 2.9067608377172105E7 31151.970969589504 4700249.513151245 0.003226111239133075 0.0023025904747138483 0.5934339097639874 2.0033855380221233E-11
3092.71 6235044.086036073 3092.71 -250455.6542165046  -5.8974982333152965E7 -5.8974982333152965E7 -5.8974982333152965E7 0.0 0.0 0.0 5.8974982333152965E7 44824.93658832065 6235044.086036073 0.003407189342892526 0.0023683638199307917 0.6181010346990576 1.0559637415265273E-11
3893.49 7390379.525959956 3893.49 -245120.06287487267  -9.308521026379605E7 -9.308521026379605E7 -9.308521026379605E7 0.0 0.0 0.0 9.308521026379605E7 49536.90835111534 7390379.525959956 0.0034587293673768835 0.002527198439417057 0.6121319856201877 8.02077725996844E-12
