#rho T p e s c^2 cv gamma alpha
7.287759041004639 1.1605 -0.7443958938952477 -0.04579745193331844 -0.04579746687977432 8.65125468436778 5.625907939353027E-9 3.109258301743442 2.774446288024073E-10
7.287759041004639 2.06369325535017 -0.7443957787558073 -0.04579744685203633 -0.045797499264197794 8.710615679244075 3.163680527735862E-8 2.528104292368136 1.2599251636795022E-9
7.287759041004639 3.669823224625404 -0.7443948425694712 -0.045797396039215246 -0.04579761325420205 8.728702795742178 1.779068300494525E-7 2.351026769637608 6.575162406143953E-9
7.287759041004639 6.525971078834001 -0.7443861364447113 -0.04579688791100435 -0.04579808953690004 8.884924716597604 2.7956661322285263E-6 0.8215486569136868 3.5470788116588916E-8
7.287759041004639 11.605 -0.7443011218896957 -0.045782688641864834 -0.045791635821445464 8.729727976355667 5.455402670899366E-6 2.3407638680772616 2.0071956224476678E-7
7.287759041004639 20.6369325535017 -0.743460580492115 -0.04573341581288908 -0.04581298367417202 8.737601116034366 2.7996295263686315E-5 2.2615172126710315 9.942926823403485E-7
7.287759041004639 36.69823224625404 -0.7360496088162808 -0.04528375892437223 -0.045981967507512156 8.736743358362299 8.639793431061792E-5 2.2552700567143815 3.0602600260612356E-6
7.287759041004639 65.25971078834 -0.6954916020289206 -0.04281610617747896 -0.04717253291008832 8.736624610739494 1.515328698798882E-4 2.256828640146614 5.371155829541512E-6
7.287759041004639 116.05 -0.5689072206070106 -0.0351197078912066 -0.052812457011051 8.765040232422193 1.773953866121626E-4 2.2608934201649635 6.278768812700863E-6
7.287759041004639 132.8812547019414 -0.5197108677058191 -0.032133920956187924 -0.0555916102483333 8.781410382211158 1.8566483399410827E-4 2.249190581286407 6.525257152467126E-6
7.287759041004639 152.1536221556417 -0.46105857649712606 -0.028555720052223205 -0.05923222004503319 8.801239304165282 1.9116450597060855E-4 2.2537710854341233 6.717059993192414E-6
7.287759041004639 174.2211479490459 -0.39176951014102657 -0.02433719238593343 -0.06397557033698881 8.826776995055319 1.9608815618088186E-4 2.250821736678295 6.8611403633317754E-6
7.287759041004639 199.4892264979042 -0.31049419041619414 -0.019382421453054112 -0.0700684049201322 8.858162500044129 2.0018711867105473E-4 2.2461509797573114 6.965261496336233E-6
7.287759041004639 228.4220483977707 -0.21568294044965075 -0.013590443201897047 -0.07781587235323503 8.89582725726472 2.0313004758760585E-4 2.24561041620465 7.03603900653248E-6
7.287759041004639 261.5511278990379 -0.10555133801485805 -0.006860931706271062 -0.0875989038352705 8.940845631279737 2.058311915936813E-4 2.2395977804649445 7.0747095571749615E-6
7.287759041004639 295.0 0.006820296884751016 2.3889495734608533E-5 -0.09833990992574577 8.98751019821139 2.0665587029738768E-4 2.240976284428754 7.070524083474727E-6
7.287759041004639 299.4850671601215 0.0219575810042297 9.507549530517506E-4 -0.0998429359906867 8.993846602345414 2.0777866304586467E-4 2.2389074650880216 7.097372687900274E-6
7.287759041004639 342.9207366543052 0.16921514660879045 0.009975760289055287 -0.11509174959044277 9.055885503240782 2.09697124543581E-4 2.2332097029546456 7.095729539062131E-6
7.287759041004639 392.6560771213969 0.338953928651795 0.02040511817320042 -0.1339528920837428 9.128004797382184 2.1134969972780903E-4 2.2272638048035023 7.076254270792602E-6
7.287759041004639 449.6047582441489 0.5343208218095781 0.0324412048283888 -0.1571683448344901 9.211592800422139 2.1266557684512826E-4 2.222535571411913 7.040721767652517E-6
7.287759041004639 514.8129633386086 0.7589375877560226 0.04630874537983751 -0.18562956020453827 9.295895374603434 1.881031704165592E-4 2.1002849286123126 5.831618425220087E-6
7.287759041004639 589.4786084037818 0.9739131818545139 0.0603535899377941 -0.22027256004069315 9.415850205553193 1.792074507288261E-4 1.8585666694754728 4.8537864026566E-6
7.287759041004639 674.9733485967158 1.1814368370441408 0.07567488437849311 -0.2620319580654529 9.618164062578272 1.7712149472499608E-4 1.8169479156023167 4.591214262854742E-6
7.287759041004639 772.8677764058809 1.4110335804736425 0.09301409175730066 -0.31221759686223244 9.857818791107785 1.7541565970066684E-4 1.772902213895 4.328907520170428E-6
7.287759041004639 884.9602744292368 1.6650862109632965 0.11267687124556333 -0.37235076230880776 10.00895065087589 1.7395392545884597E-4 1.7290860551405605 4.1235217432855215E-6
7.287759041004639 1013.310052800787 1.9464317087545495 0.1350038190250674 -0.44424212279875014 10.142892499743118 1.727719648302833E-4 1.6849259856787897 3.938204580480096E-6
7.287759041004639 1160.274978184051 2.2582214372703207 0.16039523794466987 -0.5300153234898126 10.287880582756719 1.7196689894963992E-4 1.6394774781853325 3.760368408380146E-6
7.287759041004639 1328.554889275005 2.603982905423605 0.18933381241050234 -0.6321536083332836 10.445035013070354 1.7149069618944222E-4 1.5934019463726086 3.589731795284883E-6
7.287759041004639 1521.241194547708 2.98769965852707 0.22237772104788955 -0.7535869700717643 10.615269543339874 1.7140496817139448E-4 1.5463491419789386 3.426146524708043E-6
7.287759041004639 1741.873663384572 3.413880961742281 0.26019522234644843 -0.8977531682364591 10.799800696919082 1.7171159602711537E-4 1.4985808614277585 3.269415076199804E-6
7.287759041004639 1994.505453880302 3.8876446944330896 0.30357503029965804 -1.0687018087179525 10.999562953958591 1.7251474970867114E-4 1.449523778278456 3.1194795423493482E-6
7.287759041004639 2283.77757192141 4.414816477817616 0.353478737341217 -1.2711793372083102 11.21616196836711 1.7379089685134414E-4 1.3997931088566333 2.9761348029120105E-6
7.287759041004639 2615.004129401725 5.00204890756448 0.4110428978267042 -1.5107924553989762 11.450835795079408 1.7564143857599985E-4 1.3490296859356667 2.8393393432251475E-6
7.287759041004639 2994.269967821276 5.656965846519778 0.4776576952894469 -1.7941294451338445 11.705157846250044 1.7813435644740952E-4 1.2972821345835286 2.7090114889824405E-6
7.287759041004639 3428.542440675854 6.388338020470327 0.5550165427642222 -2.1289530124368006 11.981207349856321 1.8129755031704237E-4 1.2449882176459877 2.5850121470288092E-6
7.287759041004639 3925.799408150484 7.206298007412646 0.6451680128454539 -2.5244433726390483 12.28082115483195 1.852598174162021E-4 1.1919725860276733 2.467323454903713E-6
7.287759041004639 4495.175795460365 8.122604906204256 0.7506505783995793 -2.9914237968538577 12.606421299110908 1.901156185367512E-4 1.1384614910421031 2.3558645657788306E-6
7.287759041004639 5147.131407208709 9.150972007632289 0.8745975227856216 -3.542697342063148 12.96083114722844 1.9597686949893902E-4 1.0847038509234552 2.2505524585375557E-6
7.287759041004639 5893.643080617514 10.3074745883503 1.0208965435846935 -4.193430698954649 13.347403257696772 2.029712392104704E-4 1.0309931940263246 2.1512927565203756E-6
7.287759041004639 6748.424707607672 11.611059980602713 1.194392629669228 -4.961622633422607 13.770072740657195 2.1125483416781847E-4 0.9776113814228522 2.05798718183042E-6
7.287759041004639 7727.179167673326 13.084188589303828 1.4011592408214106 -5.868665002558989 14.233676483588418 2.2099223089614366E-4 0.9249350436781563 1.9705032016144594E-6
7.287759041004639 8847.886799716802 14.753643041482787 1.6488269206090327 -6.940050056245434 14.743860046623407 2.3239793298061284E-4 0.8732500046155284 1.8887116229073062E-6
7.287759041004639 10131.13571225431 16.651553711438247 1.947051315382369 -8.206196484596534 15.307618681797669 2.4569795120687777E-4 0.8229300215001668 1.8124365059299977E-6
7.287759041004639 11600.5 18.81670339800944 2.308071110458038 -9.703513924517395 15.89755804777245 2.6620385564455755E-4 0.7604323769992635 1.7472317651217855E-6
7.287759041004639 14301.73945097269 22.801737385617475 3.027151467326156 -12.576964640702153 17.007156909583607 2.9632547240569877E-4 0.6904284805125114 1.650676467475246E-6
7.287759041004639 17631.97718404453 27.76716809105877 4.013985736801952 -16.315198798206847 18.339634606581665 3.3395749481621867E-4 0.6263924232343373 1.5651393372802708E-6
7.287759041004639 21737.67886657471 34.02637179801724 5.385115585162466 -21.194169077957234 19.962373611715062 3.808240921756006E-4 0.5689177894117861 1.4892504669787643E-6
7.287759041004639 26799.41549232074 42.018592684345826 7.312746840494184 -27.587004553597154 21.968302013210845 4.390325651380127E-4 0.5182904656588571 1.421279393690628E-6
7.287759041004639 33039.80499198588 52.367051060737474 10.052481049992492 -36.00258502739604 24.486577414350005 5.112016590210118E-4 0.4744465116147234 1.35911880408263E-6
7.287759041004639 40733.30309092959 65.96575028301552 13.985410041847517 -47.14088261958279 27.69912145358101 6.005520592563388E-4 0.43706728560194963 1.3002862254319912E-6
7.287759041004639 50218.27402129006 84.10958038102612 19.68162886606201 -61.973354691980745 31.865115642967563 7.110612598418575E-4 0.40563666129720194 1.2420375149604664E-6
7.287759041004639 61911.87196500504 108.68983515003261 27.996493352004137 -81.86018405427996 37.35806621123959 8.476308710856959E-4 0.3795252533254612 1.1815961084241078E-6
7.287759041004639 76328.38772169153 142.48867242399896 40.216377160864965 -108.72246136019541 44.72201458442906 0.001016217406138527 0.3580783989483424 1.1164759917445562E-6
7.287759041004639 94101.8674978195 189.62233860778494 58.2780966770173 -145.2965891818232 54.752438281693735 0.0012246727763313716 0.3405243649205897 1.045131136242948E-6
7.287759041004639 116013.9986038334 256.2181444033452 85.11328711395635 -195.50892391880157 69.20873755424832 0.0013656402031016583 0.34276738309042337 9.280702475811129E-7
7.287759041004639 143028.4884873527 348.3747687445776 122.00536056517335 -264.7500819711744 88.54712288215964 0.0015103840534922634 0.33873335183748193 7.928241890160209E-7
7.287759041004639 176333.4491110352 472.5538037827258 172.30864199337117 -360.1379041973727 114.00837957613071 0.0016639796328779186 0.3375016776101336 6.759166804800848E-7
7.287759041004639 217393.650763103 640.6040004056888 240.63198126427224 -491.3620199328806 147.550604302691 0.0018457603696958454 0.3354873130869576 5.758593477169964E-7
7.287759041004639 268014.9434515451 869.0474210792424 334.06675717137267 -671.7009215479385 191.93872855118306 0.002067576091307731 0.3319925591840044 4.90719406233898E-7
7.287759041004639 330423.6791699649 1181.2447918428459 463.10156703152035 -919.549619893247 251.48154113050012 0.0023193548259371577 0.3298700278974465 4.1745525588761496E-7
7.287759041004639 407364.628069534 1610.2490415625398 641.5549281739202 -1260.4146759334533 332.7510732396035 0.0025735025926630043 0.33260585312362195 3.529726275641975E-7
7.287759041004639 502221.6949435688 2201.97169224644 885.6698357066566 -1729.2498642028984 445.0318609668131 0.0028053701983352486 0.34149852733534586 2.9538871876105705E-7
7.287759041004639 619166.7452013972 3018.4692011813736 1213.7439945427864 -2373.1553383209307 600.3904891576105 0.003013293838171168 0.3547274995350188 2.442915990502475E-7
7.287759041004639 763343.0857788179 4141.584502817934 1648.189673214796 -3254.8423331114127 812.5599720807367 0.0032341895127960692 0.36666292612451523 2.0025484629485827E-7
7.287759041004639 941091.6705754191 5677.730951005645 2223.0622820783065 -4457.915441914332 1093.8790956754199 0.0035557141934592093 0.3680485715164697 1.6416049537574284E-7
7.287759041004639 1160229.97905696 7767.721353219048 3002.2554758767637 -6096.265473969557 1457.2458664087314 0.00407886183728833 0.35404853235711836 1.359799747611081E-7
7.287759041004639 1430395.833255475 10611.044735584694 4104.22466830549 -8330.92711050349 1933.5783103946108 0.004802566442926422 0.3340615535028002 1.138529027494239E-7
7.287759041004639 1763471.274425824 14505.408315890749 5703.841605033122 -11394.65806119314 2582.980711183142 0.005607065169781358 0.3203492009712266 9.542102579910108E-8
7.287759041004639 2174105.141684659 19880.774056241382 8006.292459672756 -15619.13318097308 3490.3067378437822 0.006373262994952412 0.3165820588793602 7.932143069142542E-8
7.287759041004639 2680357.335924663 27324.820307644608 11232.770835336036 -21462.847845503573 4771.327306667344 0.0070181144739314425 0.3221365902462354 6.501705453129385E-8
7.287759041004639 3304493.104081532 37608.14579093425 15613.027103536077 -29543.833399617673 6590.090185726995 0.0074582089314555455 0.3366959814311209 5.228620429509352E-8
7.287759041004639 4073962.276807897 51689.9307698421 21351.88896004356 -40675.681450355325 9178.533872051494 0.0076052622338326215 0.3608951449456088 4.103249385561744E-8
7.287759041004639 5022606.526959874 70665.40404549042 28566.577249066857 -55900.665670939874 12846.07418514712 0.007416845229513034 0.39491824188649477 3.1286860143914255E-8
7.287759041004639 6192147.744781255 95630.65571619035 37240.88345118423 -76515.8619004492 17862.33082532867 0.007089348091866032 0.42952004981550324 2.339147504359109E-8
7.287759041004639 7634022.989335773 127627.81570183244 47462.83896487567 -104117.37481475629 23956.986157758998 0.007317469707741667 0.429732558729795 1.8010800085462852E-8
7.287759041004639 9411646.718349716 168365.19027854886 60470.546753697985 -140791.3477112348 30856.842745513764 0.008517334466460864 0.39287444322290416 1.4880310320364222E-8
7.287759041004639 1.160319979056418E7 221809.7467899942 79136.73727074843 -189614.85646213696 40326.582144787295 0.009495745986904457 0.3794845408000513 1.2261334968455933E-8
7.287759041004639 1.43050679024378E7 292764.47287073074 104792.99055121749 -254944.0532738087 54806.572978148586 0.009135044039206307 0.4120951428406168 9.425002834394962E-9
7.287759041004639 1.763608068351691E7 384150.21543804626 135221.93900153422 -342062.87112631433 75423.33205447483 0.007707476105842694 0.4816201034073204 6.753316036463584E-9
7.287759041004639 2.174273788819371E7 495246.427377664 166873.90128146744 -456742.1696722253 104037.98416792316 0.006357067044342993 0.5667427904905178 4.751785875264275E-9
7.287759041004639 2.680565253460959E7 628180.8356239159 199059.18912851927 -605522.8007710923 137077.47798948752 0.00570809081801885 0.6156328219686295 3.517649222525757E-9
7.287759041004639 3.304749436345778E7 788033.3251352329 234688.1891592936 -796755.4715460143 171481.38423971005 0.005794682915603573 0.6061861212721493 2.810765924328606E-9
7.287759041004639 4.074278297432539E7 985028.0436874771 279279.9466033269 -1041678.068481601 203424.15884496845 0.006965957716397029 0.5201260855796699 2.4439534825205643E-9
7.287759041004639 5.022996134703916E7 1235535.432517249 345367.2299955674 -1356111.0372369722 250277.44995687736 0.007665772986863216 0.4907925919490821 2.0627102493968512E-9
7.287759041004639 6.192628074805252E7 1556234.116024667 435028.55930557975 -1762104.9986561388 328602.1186375767 0.0065975470784085345 0.5591075689514339 1.540329047513218E-9
7.287759041004639 7.634615166815509E7 1943878.2774969817 530164.3365655306 -2284337.2146812202 420740.25170663925 0.005838192596374947 0.6135198255900183 1.1681509105087195E-9
7.287759041004639 9.412376787572932E7 2407938.7204496027 633953.4838897858 -2951101.172885262 531589.5795611995 0.005664603823156312 0.6239653297262349 9.123459239908465E-10
7.287759041004639 1.160409986037252E8 2972498.174744714 758105.9128645902 -3799429.9206774672 661120.9830684772 0.00565987641734661 0.6311591191423058 7.414312105985227E-10
7.287759041004639 1.430617755839113E8 3675955.3240643907 911040.1712731277 -4877379.985883404 819782.5128807684 0.005708618927359294 0.6251999125670542 5.973891174623546E-10
7.287759041004639 1.763744872888774E8 4542426.166715234 1101209.7478337607 -6245954.203105392 1009410.0711966049 0.005777608349634163 0.6181205423649561 4.854669145579973E-10
7.287759041004639 2.174442449036179E8 5611327.0116076 1338494.7223461366 -7982624.674159919 1238712.3752584006 0.005865276827837491 0.6099694193693034 3.9630732149898807E-10
7.287759041004639 2.680773187125588E8 6931481.859946293 1635471.716879903 -1.0185423312819336E7 1523006.10073451 0.005974215410765592 0.5960862538118551 3.208443062874255E-10
7.287759041004639 3.305005788493928E8 8551539.385932785 2008401.719579606 -1.2978465632943599E7 1877789.9508231666 0.006104508813116937 0.5853618429242899 2.6111638162008335E-10
7.287759041004639 4.074594342571158E8 1.0555677923723707E7 2478197.7306634434 -1.6519088925090745E7 2294772.5126241785 0.006257818169385486 0.5709509693262915 2.1364272584904218E-10
7.287759041004639 5.023385772670148E8 1.3026187335284108E7 3071934.155686513 -2.1006895589945413E7 2793565.759093409 0.0064376542525623704 0.5553213469077867 1.7559781713586358E-10
7.287759041004639 6.193108442088839E8 1.607372392241863E7 3824961.1673966977 -2.669510495228413E7 3409783.2360653267 0.0066466421433762635 0.5380924981946236 1.439257357074759E-10
7.287759041004639 7.635207390230935E8 1.983251596910577E7 4783472.731760681 -3.390527707960333E7 4153118.639358769 0.006886448434592661 0.5191951556408628 1.1812928874595195E-10
7.287759041004639 9.413106913428212E8 2.4465141004516695E7 6007814.070599174 -4.304607691298798E7 5052005.849135482 0.007155796852343282 0.49919815672011864 9.702264861578076E-11
7.287759041004639 1.1605E9 3.0171306293308202E7 7576288.235555514 -5.46373917777138E7 6232335.51239843 0.007155796852343282 0.49919815672011864 7.864772160138565E-11
