# Initial state: 1.186 g/cc, 293 K, -0.019118048529789565 MJ/kg
#rho v/v0 up us e p T s csqv cv gamma alphavol uc phi
#g/cc - km/s km/s MJ/kg GPa K MJ/kg.K (km/s)^2 - 1/K km/s deg
1.226246823618623 0.9671812410520567 0.0657895683394794 2.004633034534732 -0.030182867263024764 0.15651603151435123 298.151806 0.005576025891758768 4.320978443707638 0.003234965137703552 0.9789023600285264 5.976528366643874E-4 29.795766369256434 20.501870805565673
1.19786 0.9901014515081916 0.01749914883321758 1.7678499880764562 -0.01896409303951152 0.03679132292073208 295.6442471273341 0.005631759701363827 4.129024569640346 0.003641191765840515 0.056016768299322735 4.123899491593712E-5 12.754412710342704 30.27786196739682
1.2453 0.952383300974546 0.1046524789544581 2.197810455078273 -0.013637911150912108 0.27288944975779267 307.47302407376657 0.005659344289898566 6.405973208813281 0.0032402790933613724 0.9684525860600584 3.9337039852602786E-4 12.704657427743875 32.919828123618785
1.3046 0.9090931509302487 0.2320240078476753 2.5523270273029373 0.007807285476672407 0.7024535819770568 323.10403527690346 0.005720382509628984 10.341121808941928 0.0032539995034362966 0.9384902332992648 2.2636131684051428E-4 9.165891429013708 41.09956970138556
1.389992 0.8532444249345337 0.45185852236581897 3.078987099224334 0.08298254724445238 1.6501475009903754 349.43037690293505 0.00583841788296635 13.949529458207422 0.0032692394170223855 0.901054409688449 1.519238242133587E-4 10.38089481716154 40.768471944787635
1.4232 0.8333353883527279 0.5469696651191444 3.2818584564115345 0.1304840927382841 2.129067887378128 361.8044149742118 0.005899216336940007 18.200120848789854 0.0032741865054222606 0.8880721728051795 1.1225649275202837E-4 9.143340119430729 44.933228336362056
1.6604 0.7142874757309096 1.2717044591408109 4.450993047623951 0.7895224684418995 6.71329022502921 492.2377130485436 0.006452185614453012 34.93266284019611 0.0032956140410643968 0.8158218263060759 4.635400334213219E-5 9.632423511807403 48.22448249518676
1.7390064617302972 0.6820002977582609 1.6046258576608827 5.045997987888265 1.2695260171903575 9.603094446699478 580.2425 0.0067520198398744345 36.12441049202018 0.0032243086096280307 0.7894413855032836 4.051860908487774E-5 11.805534113845503 44.31994032962318
1.8976 0.6250015412645459 2.2385293274303937 5.969436074428199 2.486420753089008 15.848371029564113 837.1515102994733 0.007903522605216741 42.5645570026867 0.003244769936707498 0.7633776584154189 3.066694861471808E-5 13.94274622948572 41.878849039290635
2.006712 0.5910180059239205 2.6803137722966106 6.553622925018098 3.5729578395506163 20.833150885471014 1048.8514703439278 0.008400073621701459 45.59363210213792 0.003255360836202105 0.7492182297594531 2.665742721209425E-5 15.370655995134923 40.162656221153306
2.0612989641788486 0.5753667688743372 2.897869631123114 6.8244061432524585 4.1789380427819625 23.454778955390083 1160.485 0.008578572909606175 46.22695699185029 0.0030975967026951753 0.7214832588802744 2.345388766748765E-5 16.15294890318568 39.123075812499934
2.125312 0.5580370904147731 3.149206449676674 7.125499405893901 4.93967032864618 26.613613981778872 1313.9036284798854 0.009061819020289462 48.72629331147584 0.0031043952313041527 0.7164620992224865 2.1477521345894133E-5 16.556875796218282 38.83975522449241
2.1348 0.5555569255684853 3.187139626193678 7.171086264017806 5.059849407549015 27.106498424553767 1338.2855788567454 0.009128180277334723 53.91081504822338 0.0031053535432742914 0.7157635971380258 1.931290332936884E-5 15.677751412148455 40.69755665660144
2.372 0.5000012330116368 4.210545179088157 8.421111124832336 8.845270006426091 42.0527630483277 2168.296914734184 0.010480747637066244 70.88059870410123 0.003126409015770705 0.7009287502744359 1.3033996693647191E-5 16.846364802297927 40.884168745128314
2.504964789534536 0.4734609163604177 4.888322280074422 9.283873566013371 11.920755248781802 53.82395729490079 2901.2125 0.01101515116017419 74.56040752860982 0.003004389000028577 0.6833710739669695 1.0992661536970337E-5 18.909963084588718 38.679490166420656
2.554644 0.46425369824664503 5.141038411254051 9.596031544088689 13.196065679867106 58.509855758442164 3227.910847588938 0.011395082514809803 96.99350694532609 0.0030069110759725457 0.6818969737165508 8.274967517389186E-6 17.52223474944311 42.468071958656296
2.8078926315014976 0.42238186439108855 6.761347909669511 11.705567212743167 22.762269499753476 93.86679188020577 5802.425 0.012875304495179717 108.7319209552391 0.0029876723808383273 0.6691125343305933 6.547787551423918E-6 22.260437064433503 38.107386722374294
2.965 0.4000009864093094 7.802860644194302 13.00478912039893 30.423250310732037 120.34922292889689 7986.999293703302 0.01375490225137023 184.20739668812456 0.00298863285609034 0.6671114757732406 3.6503895754832723E-6 21.08686313556342 43.948120470063905
2.9944962771199783 0.39606091140118777 8.113107928140122 13.433652633683957 32.87006265260783 129.2609870419814 8703.6375 0.013954327050707534 187.10230160994718 0.0030199133513802326 0.6624384164865965 3.5705661636999566E-6 21.985272406793616 43.168965182199564
3.104729884887974 0.38199874664664946 9.264564185590084 14.991173780505173 42.76481236147575 164.72012385725824 11604.85 0.014754695424565008 198.9963680765535 0.003103471749404946 0.6594442958792015 3.312508034234203E-6 25.235639609083382 40.69451612351683
3.287683395545421 0.36074122170965506 11.220971797192448 17.553097709822914 62.62782177491727 233.59857517377802 17407.275 0.015898694155403882 221.26632107583754 0.003267836485998617 0.6517122054679563 2.927594137584351E-6 30.56372145338386 37.48149200816123
3.4356361290574293 0.3452062093167543 12.907172646611812 19.711812833691962 82.98760584230722 301.74743831135913 23209.7 0.016738489825473275 242.95448310720695 0.003431546447226525 0.6482748674286599 2.6651213490878716E-6 34.98468239340932 35.42854817070556
3.556323972287095 0.33349124937593244 14.418102420425775 21.632277756182155 103.91520029244548 369.9101394780885 29012.125 0.017418680170640286 264.5722588203207 0.003593437400479367 0.6464514552214062 2.468882257289843E-6 38.87350963585294 33.9766599893638
3.558 0.3333341553410912 14.440172685523207 21.660285735669174 104.24023248191848 370.9560400731123 29098.658174263634 0.017429196325506924 342.73080571502743 0.0035930553173888482 0.6464799030903498 1.9048458956331191E-6 35.50881253673747 38.20335269865513
3.6455318250194795 0.32533056399727495 15.879743739657629 23.537072960858847 125.86918631159669 443.28374121770787 34814.55 0.0180197545296422 364.50843596186104 0.0038584734209721238 0.6406012406168261 1.8600936520014862E-6 39.29874030584774 36.614233101085205
3.7998919504671727 0.3121149075193548 18.58956152961297 27.0242250236525 172.21797905640946 595.8106042961111 46419.4 0.01902484107147843 410.4935273948121 0.004161012982759799 0.6365346864182801 1.6980230604919717E-6 46.29876416320814 34.280864825822896
3.9260407985872536 0.3020862455454802 21.079182553375972 30.20313386695063 221.43082286184963 755.0776070687551 58024.25 0.019863988646972936 456.93636815819093 0.004715532228939998 0.6253517986206049 1.6437833868050169E-6 52.69491102226091 32.62066193577672
4.151 0.28571499029236386 26.424206541994348 36.993925649944735 349.1002886419555 1159.3596270486385 85043.30101955403 0.02154816785583693 654.8967741119201 0.004664119570696734 0.628063808533066 1.0775758741936415E-6 63.02477352632174 32.2109302153299
4.195490555426274 0.2826851613739602 27.78408968126902 38.733465676643824 385.7179570656409 1276.345712435882 92838.8 0.021849622008632958 686.4133243688345 0.0052393299234282705 0.6165179852177743 1.1216388526510953E-6 66.54356949854191 31.570789701750353
4.321494266426516 0.2744427856627285 31.887606555753873 43.949127547274415 507.44548689747245 1662.1031304728124 116048.5 0.02292138375743747 798.3892539612684 0.005805654800131315 0.6062617020706205 1.0201469134090051E-6 76.68253245253118 30.173778271301575
4.539443366975053 0.26126615728525293 41.07625460140012 55.60359120742381 841.8798407362691 2708.8156825336896 174072.75 0.025083906386296314 1109.1365763815134 0.0064072678691535125 0.5966967566722527 7.593446343327429E-7 98.62427507802366 28.322962912121795
4.678409576605514 0.2535055781849958 49.22380145787989 65.93994545625486 1210.3979887468345 3849.5459273093375 232097.0 0.026799561707524712 1448.1630978904159 0.006865247645058912 0.5906368494574891 5.984956940248329E-7 117.59572062818447 27.404605780989915
4.744 0.2500006165058184 54.022129191780785 72.02956479790211 1459.1761672118791 4614.963361665354 268632.038333684 0.027779499027348928 1768.3196805790653 0.006851403163332573 0.5914174095211499 4.830233968110925E-7 125.97524899004326 27.814813015314876
4.776691839896553 0.24828960386301313 56.68571993767982 75.40898759546991 1605.6816057490703 5069.703326688113 290121.25 0.028242713187036462 1896.9969613279916 0.007230193597313903 0.5868122584481323 4.682256963474431E-7 132.26887328535497 27.54142336422576
4.853345390945153 0.24436812737793573 63.661230401553816 84.24900101242093 2022.7054636938744 6361.002334190651 348145.5 0.02949816511832775 2269.291111726955 0.007665563295730955 0.5832067147156895 4.059150728394832E-7 148.37260838439 27.017012202369724
4.959370606262169 0.23914383877785686 76.36514685975153 100.36738972723599 2906.590082174433 9090.203079237428 464194.0 0.031608638423079295 3058.289319498153 0.008099896689272005 0.5814956697062783 3.105423484020395E-7 177.3346864081733 26.399401387246407
5.027293671833025 0.23591279963383724 87.82097300300903 114.93579916130491 3841.4838119064725 11971.245248842833 580242.5 0.03335282468258162 3896.465622051476 0.008638290509986924 0.5835466712276024 2.573346674407088E-7 203.2037765227194 26.067243827778096
5.123542668643563 0.23148102814914034 117.19204085036982 152.49075838444278 6836.076259401347 21194.70634627022 928388.0 0.03730652454031668 6602.442495669888 0.00901170090326892 0.5893544875538276 1.5700315480317122E-7 269.6168462624616 25.63861182418734
5.146560873333491 0.2304457197521524 133.9038673207083 174.00184854742454 8923.860779241686 27633.29948904437 1160485.0 0.03929328409670558 8554.320175999905 0.009204372791083318 0.5990520507074081 1.252437734508958E-7 307.1744301662124 25.5940493308378
5.152657699522539 0.2301730473602974 169.28623693813773 219.90167576968133 14263.265164010916 44150.533021567404 1740727.5 0.043016811046204105 13709.750687731013 0.00920592496955489 0.6173350614994814 8.045027347135195E-8 387.3438758994065 25.647458073427497
5.106383751956503 0.23225887091803218 223.90231260350552 291.6377723194775 24959.21129132958 77444.05987420402 2901212.5 0.047772211693616326 24554.560036048704 0.009004779823009458 0.6368801262541313 4.573884450000871E-8 513.6863806833927 25.850864551462106
5.034000595493822 0.23559848716848603 285.6770049734613 373.7263730879466 40654.30905060141 126623.63905618491 4641940.0 0.05208679379085307 41189.54035102305 0.008810239648626102 0.6502537220751294 2.7629330443529746E-8 660.1110457513381 26.07165490070587
4.9677770844017255 0.23873915929672473 350.1695231317163 459.9862549191672 61120.136260690946 191033.24788573987 6962910.0 0.05573247799423131 63465.45368582367 0.008674336735226567 0.6587239916536409 1.8123424790299977E-8 815.4526771955079 26.238799296665324
4.895849546319365 0.2422466036758061 450.85231051851434 594.9855358030275 101403.32007437723 318146.00045547995 1.160485E7 0.06024317385595346 107765.62582722452 0.008604881069572929 0.662951417140553 1.0812304228976202E-8 1060.6939202180217 26.368267523737885
4.852123656526858 0.24442965774547903 550.6349919380256 728.7673445400256 151342.58127800512 475924.9475905883 1.7407275E7 0.06377942189426862 163039.55402557467 0.00857135380371012 0.6650544608953186 7.2057931961503754E-9 1304.0719907491964 26.43794617926739
4.81247580711182 0.24644340506625326 708.6626959971464 940.4239850882767 250820.2912627995 790403.8176811971 2.9012125E7 0.06820104431732678 273386.16454879363 0.008556266358023042 0.6661775138608236 4.3324062511975466E-9 1689.1435779558235 26.490953602595837
4.774135546842836 0.24842254960438087 1094.2262209939668 1455.9061350470033 598358.3371339937 1889410.191992762 6.96291E7 0.07573514619464958 659212.1189796281 0.008553495423267344 0.6665199454699947 1.8114937889375935E-9 2625.4453191978346 26.53223753469496
4.76241425079065 0.24903396937943892 1411.187753336327 1879.1632321507157 995409.3791120866 3145104.3937037615 1.160485E8 0.08011592781327238 1100179.8568597846 0.008556102146654018 0.6666196102219341 1.0885871105965821E-9 3392.975223082476 26.54381720425912
4.7533426437169615 0.2495092429895157 1994.321283175057 2657.356222639257 1988335.3622847311 6285367.277064609 2.32097E8 0.08605560127457955 2202993.645025947 0.008561271377167159 0.6666623436572835 5.450443255749522E-10 4802.863897364565 26.552017149333423
4.747756359805333 0.24980281944211447 3152.5335209221453 4202.273219125881 4968907.056206264 1.5711938070228849E7 5.802425E8 0.0939055274933177 5513563.4181977045 0.008566424597172056 0.666672912462464 2.1816827999010356E-10 7599.8666207813185 26.556833746001118
4.7458654749289835 0.24990234783706117 4458.663037201945 5944.110109324031 9939512.819638232 3.1432379376621973E7 1.160485E9 0.09984516246429458 1.1034606650415627E7 0.008566426189689705 0.666672942697835 1.0905365516778896E-10 10752.270279666522 26.558488657793838
