#rho v/v0 up us e p T s csqv cv gamma alphavol uc phi st
NaN NaN NaN NaN NaN NaN NaN 0.0 NaN NaN NaN NaN NaN NaN NaN NaN
NaN NaN NaN NaN NaN NaN NaN 0.0 NaN NaN NaN NaN NaN NaN NaN NaN
NaN NaN NaN NaN NaN NaN NaN 0.0 NaN NaN NaN NaN NaN NaN NaN NaN
NaN NaN NaN NaN NaN NaN NaN 0.0 NaN NaN NaN NaN NaN NaN NaN NaN
NaN NaN NaN NaN NaN NaN NaN 0.0 NaN NaN NaN NaN NaN NaN NaN NaN
NaN NaN NaN NaN NaN NaN NaN 0.0 NaN NaN NaN NaN NaN NaN NaN NaN
26.801 0.223872243573001 NaN NaN -106940.51798112362 -898612.2800740144 2026253.8441895507 -0.001394062545529621 1468361.0536829343 -0.3457980599141008 -0.38134185079800326 3.350835954198102E-9 NaN NaN 26.801 2026253.8441895507
7.135888352890486 0.8408203300391633 NaN NaN -48820.94997449158 -16.443232809294123 1460.86 0.0013753800921114097 19.852998852852423 6.541548533784255E-4 1.5118002308700178 6.980729525851825E-6 NaN NaN 7.135888352890486 1460.86
6.73211 0.8912510342225544 NaN NaN -48820.939048779954 -27.454453922823557 1162.0883514453915 0.001273145763988198 12.25547607013889 6.695527086208824E-4 1.6339388956733762 1.3259867752021522E-5 NaN NaN 6.73211 1162.0883514453915
7.411361506924791 0.8095678499009813 NaN NaN -48820.85524934614 -7.723156159088713 1839.11 0.001486607152554672 25.55909463195858 6.70554846387859E-4 1.548175839084126 5.480385741763784E-6 NaN NaN 7.411361506924791 1839.11
7.55355 0.7943284945489207 NaN NaN -48820.73019860522 -2.3311025617217664 2141.948663768998 0.0015737382087096302 28.74474277798409 6.732070740099565E-4 1.4733399731263996 4.5681684250283424E-6 NaN NaN 7.55355 2141.948663768998
7.6859416026298835 0.7806460561640218 0.3699262806620238 1.68643551236369 -48820.626749327035 3.7431408999903266 2315.3 0.0016052623846079606 31.82239507294203 6.806578106449587E-4 1.5147873481024403 4.2155142142000326E-6 2.1998229012106534 72.910327506056 7.6859416026298835 2315.3
8.098928359269445 0.7408387546894196 0.9923136057437598 3.8289428828549017 -48820.216131055386 22.797072709635923 2914.79 0.001721978324071329 40.6404758188836 7.463348177093282E-4 1.0336269807796294 2.3437495325155875E-6 6.898527233436278 56.15136058093364 8.098928359269445 2914.79
8.47523 0.7079453890926855 1.395853427421061 4.779426091184174 -48819.716041762025 40.028269742910446 3585.2655491624014 0.0018489096169157573 52.89998525542124 7.423789387349627E-4 0.9952598323947571 1.6479919098434738E-6 8.936991258333572 53.411823048835195 8.47523 3585.2655491624014
8.513251475824571 0.7047835973174815 1.4496564812019876 4.910487588187899 -48819.639972834266 42.711120948471034 3669.51 0.0018603060369114727 54.479229204757814 5.765308892229902E-4 1.9748433445632447 2.454871787151674E-6 9.24559370989137 53.01229086577199 8.513251475824571 3669.51
8.776307347892594 0.683658828498155 1.8756792462136587 5.9292922173512235 -48818.93239837401 66.72870214093115 4619.64 0.0019714976190758097 61.534851879595564 6.883979479325132E-4 1.063784990991042 1.3560023498900124E-6 12.269653323665489 48.55948363414299 8.776307347892594 4619.64
9.174334317156022 0.6539984038711113 2.3744869350571145 6.862647345050388 -48817.88969769202 97.77159876435925 5815.78 0.002106948982498357 78.78434361746037 5.611990553237173E-4 1.9521999929469973 1.5157471317527484E-6 13.882110768370055 48.13416032273991 9.174334317156022 5815.78
9.360571319010665 0.6409865162625726 2.7167797818172867 7.567347481032954 -48817.033373391605 123.35289983073781 7321.63 0.0022017270509978415 82.20719806941156 9.360874458873244E-4 1.1858015006369953 1.4425013020558358E-6 16.273169981391067 45.34949491452441 9.360571319010665 7321.63
9.50936 0.6309572883979575 2.9124516118712585 7.891909311060729 -48816.449057961705 137.90882396244368 7923.967063436828 0.002259338394750567 84.99738015449503 9.551685120628607E-4 1.1351697716822877 1.341479332689219E-6 17.160291703710275 44.513520797031546 9.50936 7923.967063436828
9.904282153963582 0.6057985734583368 3.435719378280791 8.71564420357994 -48814.80919990326 179.6670461066415 9217.38 0.002360185617781948 92.61689328378895 8.256500737329134E-4 1.3163539681106438 1.1848285153934484E-6 19.30947870307945 42.71245209833717 9.904282153963582 9217.38
10.316229687353083 0.5816078336599607 4.068026972651634 9.722999854986366 -48812.458859449966 237.32055399103476 11604.0 0.0025116443611804037 109.38518918633515 8.045627550925046E-4 1.2121318150016815 8.642318138665094E-7 21.168877283974812 42.1411422664946 10.316229687353083 11604.0
10.6697 0.5623400845384594 4.582765102005798 10.471064267270116 -48810.18937716737 287.9185674294324 13958.652213566667 0.002630023162611548 119.20078931049909 8.254180708854955E-4 1.1174230470052993 7.252041111825946E-7 22.729814270731435 41.28423228210676 10.6697 13958.652213566667
10.760735940778368 0.5575826814281994 4.727846869091476 10.686396464663229 -48809.52369727176 303.1418764039696 14608.6 0.0026560962585158708 122.18042832008156 8.332776117755465E-4 1.2475406903460877 7.906801128566957E-7 23.18408501190573 41.062417221586045 10.760735940778368 14608.6
11.18480683167143 0.5364419869112191 5.473895441867381 11.808436673100973 -48805.7671924103 387.8288860828022 18391.1 0.002811173324847115 140.58012986454395 8.404305758827789E-4 1.21314247736389 6.48427202041117E-7 25.354174935825608 40.32363582851096 11.18480683167143 18391.1
11.616425295541722 0.5165100146860795 6.266527257615207 12.961028041866214 -48801.12558333644 487.3238130664182 23153.0 0.002968024825053554 160.57938727428234 8.839613944557011E-4 1.166398875869732 5.527364316154022E-7 27.476751412710904 39.6970451420784 11.616425295541722 23153.0
11.9716 0.5011861405325938 6.922511492897473 13.877945372826611 -48796.729662472804 576.4214180471731 27504.876374700136 0.0030947008359190308 174.58236496428086 8.891867533891459E-4 1.1205332344204824 4.7672195814030667E-7 29.303706070937864 38.989851014043424 11.9716 27504.876374700136
12.08690200421659 0.4964051167045835 7.1641539820134925 14.226026156447045 -48795.05236062395 611.5046516216293 29147.9 0.003132634406818245 180.2034703916286 8.729508135111038E-4 1.164612165344638 4.667592624455771E-7 30.01674284208954 38.74699601008686 12.08690200421659 29147.9
12.51137305922526 0.47956367151692436 8.148929694505338 15.657880221884508 -48787.59378169455 765.569790558735 36695.1 0.0033034073656273166 206.77962095901717 9.397319416667529E-4 1.0332009431976354 3.752978479027006E-7 32.76983552411649 38.068781265965264 12.51137305922526 36695.1
13.052066843245603 0.4596973086377487 9.296893848208432 17.20682498317455 -48777.59828477856 959.8201519996478 46196.4 0.0034774999825976493 234.72850307815204 9.415951516479627E-4 1.1044112249275488 3.3942975231726844E-7 35.572262275221895 37.32726472979947 13.052066843245603 46196.4
13.4323 0.44668448441443387 10.410529806542284 18.814816344929284 -48766.500679731 1175.2332381810318 57295.8463103443 0.0036515473281426864 259.58615896771096 9.322430637932325E-4 1.1509982625116228 3.077314715342203E-7 39.3308514072039 36.15177236968216 13.4323 57295.8463103443
13.459909165865716 0.4457682385566152 10.495926998942727 18.93779413075895 -48765.61790642707 1192.6182283047117 58157.8 0.00366239296479552 260.66221802767654 0.0011261102390617583 0.8116668591161028 2.6051846198517733E-7 39.691632570292924 36.00603711169461 13.459909165865716 58157.8
15.0713 0.39810766158194716 12.706054477403068 21.110178127201713 -48739.968334966085 1609.362439871446 67816.90399041407 0.0038909146013351554 276.8120032738389 0.0021767832415618103 0.4012814499483444 2.093768377464426E-7 42.65770800058137 34.22338972014649 15.0713 67816.90399041407
15.452562110428453 0.3882851243128664 13.454066207932343 21.99401509211218 -48730.50472268411 1775.4536113652425 73216.3 0.003966744789156557 334.4813166736581 5.226252918519089E-4 2.3017502011783186 2.3274279789985581E-7 41.26061144188679 36.327596726941294 15.452562110428453 73216.3
15.242068944437646 0.39364734681833374 14.093725314492865 23.243446269328544 -48721.44401706479 1965.520482492543 92173.8 0.0041734760581103114 947.2813238434582 3.575883340145037E-4 2.6818521982109744 6.64194514560001E-8 33.07648381939528 51.657492988840445 15.242068944437646 92173.8
15.0713 0.39810766158194716 14.232706132120661 23.646597943958433 -48719.4052832358 2019.3304773646141 102534.74759675411 0.004183104137408586 730.3244823596685 2.630896862466735E-4 4.515428756469634 1.07928525339215E-7 36.287064762856566 46.97066873527422 15.0713 102534.74759675411
14.79553992777874 0.40552761367869744 14.773684048851988 24.85175827976483 -48712.07722143924 2202.9121493021225 116040.0 0.00423128753755454 380.7424504888316 0.0023376340054017865 0.4885082313918933 2.027151855470174E-7 51.398641954069575 33.91403570872454 14.79553992777874 116040.0
15.0713 0.39810766158194716 15.372416548079537 25.540143256321713 -48702.53464989361 2355.682325002811 121418.78751893375 0.00430225621860495 387.3340690357141 0.0024759373144693634 0.47108082033308657 1.9980145878650251E-7 52.83784859810816 33.41600166179523 15.0713 121418.78751893375
16.81195038678813 0.3568889903883592 19.01569144818408 29.568287844531216 -48639.99792276608 3373.5686298161845 146086.0 0.004636303800695391 464.30267560711127 0.0019263240279887121 0.5383403125078654 1.3285165165343905E-7 57.94661693932773 32.430704484175884 16.81195038678813 146086.0
16.9103 0.35481333861610975 19.256988871090858 29.847159006334174 -48635.27443496679 3448.5984529119387 148493.04035147713 0.0046639549238951285 470.06937449909975 0.001928039122392217 0.5354031554339599 1.2986242209180842E-7 58.34675018430211 32.3686905420243 16.9103 148493.04035147713
18.248891504207993 0.3287870936498508 22.70793154149624 33.83119026267691 -48563.37049029271 4609.41811471321 183911.0 0.00499349863762539 562.8222080048239 0.0020844876496739343 0.5855415207906438 1.1883635101330389E-7 63.69584903061439 31.77353829794973 18.248891504207993 183911.0
18.9737 0.3162271987013603 25.11621545930893 36.73181415172925 -48505.27810565823 5535.384950676749 211259.78119716642 0.005246439070673824 631.2997127175843 0.002052523958653516 0.5935635584703914 1.0171098117476198E-7 68.31282796794959 31.238735851334663 18.9737 211259.78119716642
19.41325002183374 0.30906726041502103 26.767862340322562 38.74163258843568 -48462.85875454846 6222.184127799605 231530.0 0.005394184001774961 672.3291348226096 0.0023850133339437876 0.558677768397901 1.0208737147714891E-7 71.98172251136022 30.695612942685845 19.41325002183374 231530.0
20.708400818705208 0.28973748637221663 31.75331186512981 44.706444808616624 -48317.250324508765 8517.466106335303 291479.0 0.00586399909829234 825.1701252827695 0.002558225007807169 0.5420446153804318 8.114910157894571E-8 81.42119027373924 29.834659571031377 20.708400818705208 291479.0
21.2888 0.28183833752959303 34.401616873747074 47.90232989520608 -48228.95462339341 9887.505602488323 325915.10415165813 0.0061310581229025475 973.686229282384 0.002529828615159567 0.558805704113923 6.819958334120823E-8 84.43326294721476 30.424912117183236 21.2888 325915.10415165813
21.74977749920604 0.27586489104171413 37.30994921138645 51.52346399149073 -48125.37282642634 11534.026948303308 366951.0 0.006386096486486934 1123.2057004771314 0.0027584244848219315 0.564102983258998 6.3695005322117E-8 89.46653121302673 30.501102587148363 21.74977749920604 366951.0
22.71172366720836 0.26418074153759274 43.79216650430875 59.51484145144332 -47863.361259491874 15637.703077914852 461964.0 0.0069563689281093 1294.1772967822087 0.003066583491595628 0.5502600369282482 5.740885617211831E-8 105.71928884601284 28.53201190155353 22.71172366720836 461964.0
23.645498480509147 0.2537480867635659 51.384300164200326 68.85650710274334 -47501.25900563816 21228.860575354534 581578.0 0.007594982806136602 1633.9437183806222 0.0032471545303470266 0.5615904754046652 4.7199470156786734E-8 121.27839537117126 27.895595481280736 23.645498480509147 581578.0
23.8864 0.251188961082457 53.98101947531047 72.08897394640934 -47363.715013360525 23348.617839337632 624429.2372805136 0.007826808011363474 1760.092975241537 0.0032381230320080714 0.5611698252206406 4.322165036143287E-8 126.8323613772564 27.698002636435575 23.8864 624429.2372805136
24.35040966159018 0.24640242539591736 60.0509969960416 79.68576202967556 -47019.112492672495 28711.256737627995 732163.0 0.008290821069577766 2078.858905794456 0.0034645554335260946 0.5909447097238649 4.044483586348223E-8 139.95644282431357 27.31207062236061 24.35040966159018 732163.0
24.79123872967676 0.24202098432530528 70.10354068206827 92.48744257077813 -46366.553637462326 38902.18315704598 921738.0 0.009057288892918408 2600.743993717159 0.0038212401428127526 0.50188282256358 2.9744784825943048E-8 164.83872641286834 26.355933120175745 24.79123872967676 921738.0
25.797627359103146 0.23257952820544153 81.97408372876077 106.81769217997297 -45465.085681989905 52537.6946548446 1160400.0 0.009861286954948954 2645.666952835075 0.23498746512737595 0.008958399808596754 3.0843254652493185E-8 206.61060489528492 22.86216086428529 25.797627359103146 1160400.0
26.801 0.223872243573001 84.23359252130683 108.53057608593551 -45273.041190634685 54851.52193275228 1160968.8940093063 0.009957754722869347 2249.7676733823296 0.3560062685823729 0.00596155628711941 3.519886202341372E-8 222.5135513369979 20.57319854975216 26.801 1160968.8940093063
30.045141377984237 0.19969950963174823 104.4322005017943 130.49123642763317 -43394.041960468865 81764.92179802578 1460860.0 0.011102417303258765 257182.62209540553 0.0028538463407853046 276.78532689733163 1.0222515490071339E-7 137.55976400620065 75.55183145805304 30.045141377984237 1460860.0
27.308541291976752 0.21971147912476743 114.75872170486198 147.07216450671302 -42240.31266170372 101266.88158294535 1839110.0 0.040309857606055516 2075171.0101420453 -0.29123489907712397 -0.006599600773949652 3.391631704587809E-11 150.44689833326504 84.16914092132038 27.308541291976752 1839110.0
23.93098247250567 0.2507210059968665 118.88974032276465 158.6721918995469 -41842.8197794216 113186.97414828607 2315300.0 0.01249548820747047 168543.84599981332 0.01085513413150374 0.2624843931417428 7.064236848576067E-10 175.69774721132558 68.77766693484278 23.93098247250567 2315300.0
26.801 0.223872243573001 149.05966984291265 192.0555844170906 -37711.29765831845 171766.45202819502 2907269.7956628287 0.014074096500573362 7161.040211402695 0.285792993945334 0.010771236386937007 1.60394703849724E-8 390.4268944693351 20.78203026492812 26.801 2907269.7956628287
30.0712 0.19952645720822582 156.86887637122334 195.9700951815585 -36516.768058172376 184449.65180095664 2800660.746440055 0.014249796971528913 -32859.74142736805 0.006291360757738461 0.43607066705369235 -2.776428939623456E-9 NaN NaN 30.0712 2800660.746440055
30.218850435325265 0.1985515634633842 161.34642624973836 201.3185364076344 -35806.5662332192 194892.15832319792 2914790.0 0.014465639559518398 9626.547126017702 0.0067337359309322265 0.44766599429546466 1.036243230450756E-8 339.7212033137639 23.993030495215557 30.218850435325265 2914790.0
30.823786271479726 0.19465486644486663 190.03512463820962 235.96730981574865 -30776.9393615744 269052.46278827294 3669510.0 0.01596625550586637 13764.936834710856 0.0069321100635102075 0.47707850485879405 7.794622585861298E-9 387.78420838734684 24.584912683308872 30.823786271479726 3669510.0
30.90736350319372 0.19412849625235773 221.98158899409856 275.4553150989836 -24202.107957175864 366876.05125525495 4619640.0 0.017565519584568146 17290.100529993157 0.006726483381054464 0.5225409219773636 6.577318950729099E-9 464.2528112169697 23.56229970122203 30.90736350319372 4619640.0
30.466388002145354 0.1969383439736111 255.85905002319322 318.60449082976214 -16102.390249538345 489107.0541409567 5815780.0 0.019183447657371008 25540.503006639043 0.006465027699828669 0.5413998764962403 4.498193435440542E-9 524.5515745569006 24.765222815904156 30.466388002145354 5815780.0
30.0712 0.19952645720822582 281.1119296939849 351.1820374644288 -9308.731737019501 592328.7613529452 6859642.084418492 0.02033585268900132 30676.859934342294 0.006461920106657266 0.542951753790031 3.803305066779377E-9 585.3639121271391 24.564579029179 30.0712 6859642.084418492
29.935389163002274 0.20043166859562717 291.66080070422396 364.77282709777523 -6295.755485893849 638339.6089588834 7321630.0 0.02074348899308935 32877.46158437973 0.006429923255034987 0.5677790229293419 3.709385287773352E-9 611.2327396465546 24.459853236079248 29.935389163002274 7321630.0
29.220876881965523 0.20533264707408788 331.34269589511314 416.95773039515393 6023.465199769423 828935.3907806283 9217380.0 0.022330826596384613 41925.953798183175 0.006562788875583761 0.5537187656012762 2.966207164020335E-9 716.5789964289737 24.04110117939313 29.220876881965523 9217380.0
28.872132411578633 0.20781284577351866 375.9336321145919 474.551537611925 21764.332374661957 1070399.298960092 1.1604E7 0.023894766565795297 55373.51997034147 0.007186661739800872 0.5327397357133361 2.394756179944951E-9 816.9070877806189 24.238367350489646 28.872132411578633 1.1604E7
28.799246266141925 0.20833878583322335 429.66277013747043 542.7356581940046 43379.523206964 1399159.838112116 1.46086E7 0.02556420762496657 72480.30741273868 0.007611618115522678 0.5232264802014387 1.9079437123828146E-9 935.7498571802156 24.236015301868438 28.799246266141925 1.46086E7
NaN NaN NaN NaN NaN NaN NaN 0.0 NaN NaN NaN NaN NaN NaN NaN NaN
28.835432199926792 0.2080773389626958 492.1658708077926 621.4822419188338 72158.92348745273 1835234.0927133725 1.83911E7 0.02732609886645492 95675.7474173618 0.007351891471816699 0.534674323743353 1.4248202780303445E-9 1067.9736650505733 24.32877334446012 28.835432199926792 1.83911E7
28.759573139336403 0.20862618408593123 558.9389996060264 706.2894783300726 107206.3540147723 2368636.4067004384 2.3153E7 0.02905320803053297 129641.26558783454 0.00710279127318055 0.6183434952278044 1.1779670730841377E-9 1195.5642831616246 24.945166757692814 28.759573139336403 2.3153E7
27.92846946005474 0.21483454396173132 631.35683830536 804.1067439352398 150265.58124152155 3046069.749065825 2.91479E7 0.030827537815209284 164107.27321876056 0.006627995248974288 0.621686270864069 8.990389336362566E-10 1401.9478267588631 24.498169916551717 27.92846946005474 2.91479E7
27.33769803769872 0.21947714806586832 706.3166466521009 904.9275686187173 200456.70081457423 3834992.4343788675 3.66951E7 0.032463375728106814 225029.37451487628 0.006065171819225587 0.6642488906377396 6.548966833921779E-10 1556.68053342925 25.456926909755836 27.33769803769872 3.66951E7
26.801 0.223872243573001 760.1323565399315 979.3907642722322 240079.90948431726 4466799.657718179 4.320707140394169E7 0.033572782115100085 271608.1136697396 0.006061190717526036 0.6656287291328155 5.542379626796199E-10 1690.6801838964711 25.768584927429295 26.801 4.320707140394169E7
26.62225538667285 0.22537534528361602 783.7815627625296 1011.821090369888 258243.58727121155 4758280.292677185 4.61964E7 0.0339778546619891 293003.3875438783 0.005938108371325544 0.6678976880171515 5.084410098548199E-10 1748.3863142770876 25.881896099870776 26.62225538667285 4.61964E7
26.082822105644134 0.2300364575465798 870.1005583570654 1130.0542303400075 329345.30267854565 5899564.900755627 5.81578E7 0.03544214845352059 373616.7868296492 0.005884245516864604 0.6716443111746333 4.055544445752245E-10 1966.2953473080527 26.083714131841635 26.082822105644134 5.81578E7
25.632453671705747 0.2340782539528422 966.8778373876931 1262.371570434772 418003.6118450129 7323354.56401007 7.32163E7 0.03687940886772516 474549.82707218034 0.005857618865730715 0.6735171181170442 3.243379354690141E-10 2210.6174291707057 26.240796986237445 25.632453671705747 7.32163E7
25.262774380434475 0.23750360548867042 1075.8154733732376 1410.9122103622651 529085.209495427 9107287.124873767 9.21738E7 0.038297665863344245 600682.1384342174 0.005843490441418646 0.6745110397951887 2.597380875785597E-10 2485.585899611053 26.350058621330053 25.262774380434475 9.21738E7
24.962269794088925 0.24036275745328267 1198.5932629621395 1577.8495258392054 668573.2625561268 1.1347198869833266E7 1.1604E8 0.039701791480428635 758921.7501890522 0.005835465384064093 0.6750845840274118 2.0794697904917153E-10 2794.363794298603 26.429800562448143 24.962269794088925 1.1604E8
24.719375934675437 0.24272457427144914 1336.9797823674503 1765.513229326284 843925.1966951787 1.4162732958669057E7 1.46086E8 0.041095067954978755 957750.9138486881 0.005830683250578336 0.6754328207167578 1.663456819857784E-10 3140.830722959393 26.489154896840688 24.719375934675437 1.46086E8
24.52379942844752 0.2446602948905226 1492.8967508576252 1976.4574015624505 1064485.6830995183 1.7703880998006523E7 1.83911E8 0.042479846954560974 1207777.6726499083 0.005827791732592588 0.6756490359319666 1.3293839529004602E-10 3529.4187289876972 26.533936566547702 24.52379942844752 1.83911E8
24.366762650707784 0.24623706013017355 1668.477700048018 2213.531087554081 1342010.834694388 2.2159363547682125E7 2.3153E8 0.0438579700764217 1522326.7060023204 0.005825991194020391 0.6757913388998588 1.0613942879982408E-10 3965.1868869674586 26.5679840822345 24.366762650707784 2.3153E8
24.240908656738608 0.2475154741500208 1866.0944888271804 2479.9107818453913 1691282.204334116 2.7766487056708734E7 2.91479E8 0.04523084417099434 1918173.0499073104 0.005824673903906847 0.675906232219783 8.466840668511095E-11 4453.820045448522 26.594191212208948 24.240908656738608 2.91479E8
24.140088473128355 0.24854921334190327 2088.393337101682 2779.1485140222258 2130889.1370437834 3.482373143700034E7 3.66951E8 0.04659954246906594 2416423.1202333155 0.005823766990133377 0.6759961578326412 6.748952603115978E-11 5001.731926175404 26.614611568179658 24.140088473128355 3.66951E8
24.05936781096912 0.2493831112746232 2338.3405906475405 3115.2251245216166 2684228.530762357 4.370674414604361E7 4.61964E8 0.047964902314575925 3043626.31772862 0.005823103625732588 0.6760752279798649 5.3761824612641824E-11 5616.138193202433 26.630665341807724 24.05936781096912 4.61964E8
23.994720384282626 0.2500550080979568 2619.266967300722 3492.6121190003855 3380758.092418258 5.4888501317351334E7 5.81578E8 0.0493276164686573 3833281.158840959 0.005822370295721122 0.676180667718134 4.280319667132244E-11 6305.122161163491 26.643638914223157 23.994720384282626 5.81578E8
23.942721491774876 0.25059807850420013 2934.8974796094144 3916.319661619473 4257523.827372647 6.896398022539072E7 7.32163E8 0.050688204200486274 4824592.341006757 0.005837199863860423 0.6744875204500602 3.408351254784348E-11 7079.555189902249 26.645581490285657 23.942721491774876 7.32163E8
23.910875507381313 0.2509318405404183 3290.347391805616 4392.587443817463 5364113.965679528 8.671883183425735E7 9.21738E8 0.05204869905688753 5904554.466785211 0.006610117467517178 0.595730192285729 2.7891776540311026E-11 8039.289616601526 26.243378549517725 23.910875507381313 9.21738E8
24.384095090818093 0.2460620325524944 3740.594003533554 4961.408186137011 6941638.043461963 1.1135168226087835E8 1.1604E9 0.053490757248711295 7286717.875385185 0.006610052174382821 0.5957377273872483 2.2162634973860527E-11 9057.883104515495 25.88529490916343 24.384095090818093 1.1604E9
