#rho T p e s c^2 cv gamma alpha
3.2199590961126883 1.16044476412893 -0.21316960458850298 -0.08769464573181333 1.1142506961322855E-6 54.75364707809497 4.381959095906883E-10 0.7499992280068221 1.86408507177821E-12
3.2199590961126883 2.06359503053794 -0.2131696036327635 -0.08769464533605659 1.1144842907034143E-6 54.753647050515596 2.4641570397082984E-9 0.749999642240687 1.0482527999479853E-11
3.2199590961126883 3.66964855346427 -0.2131695940753624 -0.0876946413784885 1.1157978898386162E-6 54.75364705116707 1.3856972817432913E-8 0.7499996088333393 5.894758196582869E-11
3.2199590961126883 6.52566046470462 -0.2131694985013608 -0.08769460180280907 1.1231848005248924E-6 54.75364703587069 7.79234849088612E-8 0.7499996042040308 3.314866130703673E-10
3.2199590961126883 11.6044476412893 -0.2131685427613439 -0.08769420604601316 1.1647244519982407E-6 54.75641260492342 6.617614610778047E-7 0.7082227007395511 2.6581897105808794E-9
3.2199590961126883 20.6359503053794 -0.21315491320611235 -0.08768822934561445 1.5196321677971314E-6 54.754876083798955 2.8997296713537766E-6 0.7314242979701296 1.2029670745827085E-8
3.2199590961126883 36.6964855346427 -0.2130452307252102 -0.08764165813507233 3.0772652716501656E-6 54.754941963757474 1.575262999280651E-5 0.7302416326663271 6.524481195807927E-8
3.2199590961126883 65.2566046470462 -0.21198736625574854 -0.08719176114614416 1.1511634289590803E-5 54.75399966451838 7.921699431771037E-5 0.7426817920778234 3.336990214666858E-7
3.2199590961126883 116.044476412893 -0.202366116112072 -0.08316849859706046 5.394976766742804E-5 54.75280901565084 1.7344211417775533E-4 0.7456217495311123 7.33527443476193E-7
3.2199590961126883 131.883875263582 -0.19577039663811835 -0.08042127977309226 7.606615439535651E-5 54.75249762309536 2.3577665466775196E-4 0.7460701586099462 9.977602109252576E-7
3.2199590961126883 149.88526030876 -0.18557423416975238 -0.07617697342775409 1.061389629957944E-4 54.75252905247023 3.115068859001758E-4 0.7467054556267023 1.3193573370604313E-6
3.2199590961126883 170.343730140816 -0.1702513514172561 -0.06980401920008762 1.458845599783691E-4 54.75346718285341 3.9918445673553786E-4 0.7475166983832215 1.6925150569056551E-6
3.2199590961126883 193.594662600665 -0.14791124433100444 -0.06052260835750812 1.9683220602231173E-4 54.75624369783446 4.970908238085252E-4 0.7473422709539751 2.107032775014514E-6
3.2199590961126883 220.019212661852 -0.11630206287600986 -0.04738720699882305 2.602954336253537E-4 54.76165988777412 6.035187134580533E-4 0.747515110418945 2.5584902042403026E-6
3.2199590961126883 250.050560743997 -0.0726770167195876 -0.02926272644087593 3.3736302067601117E-4 54.77083593960178 7.201004183837018E-4 0.7472891941218099 3.0512798526050073E-6
3.2199590961126883 284.181013884831 -0.013537989744677237 -0.004685372854536062 4.293315844314104E-4 54.78474967055849 6.43046051241383E-4 0.746931833264517 2.722782861320722E-6
3.2199590961126883 322.97007618108 0.04645253769433788 0.020257780486422884 5.126291461734434E-4 54.800124515965365 8.917974069232767E-4 0.7477810260484262 3.779277191490095E-6
3.2199590961126883 367.053620797784 0.14111275754537145 0.05957137126358608 6.266577968629825E-4 54.8411365840314 9.48227977287613E-4 0.7477655125343873 4.01533139532991E-6
3.2199590961126883 417.15431390376 0.25549860262994395 0.10707825014817317 7.479056517437034E-4 54.89094017233698 0.0010043713739046158 0.7472774881384653 4.246442044441261E-6
3.2199590961126883 474.093461413873 0.39310465652484483 0.16426629996186295 8.76338217673145E-4 54.95232593790503 0.0010552119981980814 0.7466388979888788 4.452602218976577E-6
3.2199590961126883 538.804472743011 0.557269015231221 0.23255013553190138 0.0010112887610639444 55.028366535152465 0.0010988424705131563 0.7465861918952923 4.629972525251645E-6
3.2199590961126883 612.348162284481 0.751541439036957 0.31336306503830275 0.0011518274196760155 55.12097798778042 0.0011366438674564824 0.7459823753686441 4.777335159572325E-6
3.2199590961126883 695.930139451585 0.9797416151165752 0.40836600681517926 0.0012972123773536046 55.23291361308198 0.0011677087347756285 0.745817048050533 4.896869461438004E-6
3.2199590961126883 790.920572359128 1.2461188196239374 0.5192871650414356 0.0014465799921312237 55.36608139669782 0.0011939863951518348 0.7455184766273969 4.993023934740805E-6
3.2199590961126883 898.876649132984 1.5555437043710716 0.6481852519833866 0.0015993148694894703 55.52314730488543 0.0012167769817790384 0.7447610278669834 5.068780646178547E-6
3.2199590961126883 1021.5681050583 1.913551598424025 0.7974733914142687 0.0017549706879253324 55.70684778076832 0.0012360471535230678 0.7442110423777596 5.128285669954705E-6
3.2199590961126883 1161.00623403558 2.3265639595296115 0.969825493829218 0.0019130969773560754 55.92091031679484 0.0012530245430563975 0.7434973493074012 5.173856925469281E-6
3.2199590961126883 1319.47685993247 2.8019409207605603 1.1683930774315299 0.0020733967917412827 56.16825023292819 0.0012683938503596746 0.742717977536372 5.208789588804972E-6
3.2199590961126883 1499.57780833404 3.348257547937877 1.3968320128280263 0.0022356663737743746 56.45430589968295 0.0012826964530257047 0.7418312297910639 5.234576839243409E-6
3.2199590961126883 1704.26149297004 3.9753947836368724 1.6593790491028555 0.0023997653083532894 56.78247248440246 0.001296454229768187 0.740876707670683 5.2533758868102424E-6
3.2199590961126883 1936.88331494265 4.694850285286286 1.960962594135628 0.0025656270412981745 57.16051900685018 0.001310299640358274 0.7396946059414041 5.265947867398324E-6
3.2199590961126883 2201.25666816858 5.519920877314978 2.3073709037878745 0.0027332572894801753 57.59204503325351 0.0013246805000981714 0.7383024641748659 5.27390868999364E-6
3.2199590961126883 2501.71545274533 6.466116037227375 2.7053827967998925 0.0029027295297759698 58.08889386483859 0.0013394263255364326 0.7369440814435191 5.277277167036126E-6
3.2199590961126883 2843.1851210299 7.551431156736116 3.162756259872439 0.0030740847116539696 58.64660798072449 0.0012687470858223258 0.7318796299677014 4.91724066403019E-6
3.2199590961126883 3231.26342109569 8.711768933293232 3.655129472151792 0.0032400082638941786 59.64467472027747 0.001158993711850675 0.714743354654731 4.3132951459820436E-6
3.2199590961126883 3672.31216120352 9.88820450162121 4.16630218855643 0.003388298394351229 60.279232638001204 0.0011604415847321122 0.7109321815708464 4.250435081160484E-6
3.2199590961126883 4173.5614995915 11.219748815638832 4.7479727651413 0.0035367724572018325 60.99618816599355 0.0011649256809418886 0.7069028344715375 4.192807197533637E-6
3.2199590961126883 4743.22846921702 12.730278750345743 5.411592447642411 0.003685812494963064 61.79392148831667 0.0011730279688644553 0.7027278165113068 4.142851826312819E-6
3.2199590961126883 5390.65168043958 14.448717797659981 6.171037982098514 0.003835888083175209 62.70070276527951 0.0011847815859784125 0.698309114035564 4.0979178003050136E-6
3.2199590961126883 6126.44440983948 16.408879288880907 7.042791658988312 0.00398745770120224 63.711008006285425 0.0012009306737283847 0.69376045194275 4.061277317084205E-6
3.2199590961126883 6962.66858477355 18.652247440987793 8.047038920779848 0.004141092633038219 64.85510857295883 0.0012330713503427013 0.6867318211556664 4.054906398371703E-6
3.2199590961126883 8813.83497757587 23.699687743563043 10.329659164461633 0.004431582255337163 67.38715687921609 0.0012899813812557012 0.6773305033187751 4.026767808676932E-6
3.2199590961126883 11157.1714301933 30.292475271483106 13.352519558355901 0.004735390703502208 70.60463806900114 0.001368848574007602 0.6674224254143789 4.018579985007966E-6
3.2199590961126883 14123.5313163259 39.01878044875661 17.413017058481863 0.005057674729986702 74.74213311934585 0.0014734031866113528 0.6571988836478919 4.023486780194901E-6
3.2199590961126883 17878.5580280165 50.726756013649414 22.945685381297544 0.005404478940958324 80.14157795000477 0.0016075696804765571 0.6464638786607624 4.0272243689530066E-6
3.2199590961126883 22631.9346063025 66.63296363266751 30.587069448437518 0.0057827815189155 87.32115716739445 0.001773205025426773 0.634923917534078 4.004154290341753E-6
3.2199590961126883 28649.0925734226 88.44631568078226 41.256724194521624 0.006199999847802131 97.04705784460344 0.0019693207726185387 0.6221774795957145 3.921010640962672E-6
3.2199590961126883 36266.0337950946 118.49750802554135 56.25692476617472 0.006663322862379381 110.41734643973507 0.0021923795555255153 0.6079383391312342 3.7487598118975254E-6
3.2199590961126883 45908.0930349278 159.87797872224942 77.39597831675091 0.007179110929365001 128.9267873666946 0.002438229382715101 0.5922696749821986 3.4785683533513077E-6
3.2199590961126883 58113.6889137476 216.63288341216793 107.15602082203571 0.007752753784593595 154.53888186126395 0.0027046014442306744 0.575525605536812 3.1280940747698836E-6
3.2199590961126883 73564.389542262 294.0730821074146 148.94400805629152 0.008389104223462169 189.8021105428973 0.0029915434177100273 0.5584049058897221 2.733336767814559E-6
3.2199590961126883 93122.9717108089 399.2770837065914 207.45435580234872 0.00909301002366953 237.98250820037958 0.003300895319852871 0.5417074317086495 2.3334642596809715E-6
3.2199590961126883 117881.598885154 541.8291315328034 289.1799923681266 0.009869739696309639 303.31890632280465 0.0036355378628113704 0.5261294488974719 1.9584453040862442E-6
3.2199590961126883 149222.808297765 734.8602776048128 403.122145853974 0.010725237560451984 391.4689890071343 0.00399826910536757 0.5122030309016454 1.6246748070020006E-6
3.2199590961126883 188896.712691908 996.4793867001636 561.7490920823826 0.011666111040099507 510.1525405564662 0.004390957008080006 0.50027679556693 1.337270104411944E-6
3.2199590961126883 239118.72771224 1351.712983135429 782.2718008958088 0.012699416596718515 670.0246179483622 0.004813873176146653 0.4905409155059985 1.0945327658312906E-6
3.2199590961126883 302693.282100562 1835.1095494929455 1088.3116429512286 0.013832288355918397 885.8459311276247 0.005265231602050697 0.48306330923767726 8.916881228900491E-7
3.2199590961126883 383170.41875144 2494.199063552568 1512.0424060879839 0.015071455890691312 1178.1413563335743 0.005740678020798933 0.47782273114705376 7.230731570802798E-7
3.2199590961126883 485044.031328639 3393.99091808041 2096.866014709296 0.016422632906114724 1575.4068035502544 0.006232340962184628 0.47476955336449356 5.832986800109815E-7
3.2199590961126883 614002.806099065 4622.6610985109855 2900.5810691441634 0.01788968008250346 2117.0430882023597 0.00672699309073189 0.4739494337116933 4.6770599665909776E-7
3.2199590961126883 777247.881733218 6298.543091370725 3998.7295650311153 0.019473373055456423 2856.8604470951727 0.007208786173057651 0.47526814033626835 3.7244441384337783E-7
3.2199590961126883 983894.965394191 8578.257695371542 5488.4042044290245 0.021170774900600348 3868.0825116612746 0.007656231042650851 0.4787603202156647 2.942978538703521E-7
3.2199590961126883 1245483.35952919 11665.722432268882 7491.18538800259 0.02297388567856383 5249.176457037187 0.008044261843097339 0.484506794409487 2.3059216303172066E-7
3.2199590961126883 1576620.32373814 15821.42147255152 10154.937834027736 0.02486879767593796 7131.188677329091 0.008346365033256472 0.49265453281653526 1.7907195539015907E-7
3.2199590961126883 1995796.75328927 21371.34586667938 13653.537328398583 0.026835352446054114 9686.020287157531 0.008538801407136903 0.5033668235592657 1.3781159909377723E-7
3.2199590961126883 2526419.72228029 28715.0961595043 18184.421482678266 0.02884778691526595 13134.71472499247 0.008606327645426435 0.5167520904981037 1.0515480406600062E-7
3.2199590961126883 3198119.54930148 38334.0027929525 23965.290273398885 0.03087671535496172 17754.746834357396 0.008548858312325014 0.5327214691061811 7.966058289339848E-8
3.2199590961126883 4048404.3729649 50802.75807001949 31234.254756017723 0.032892664872509456 23884.77439131879 0.008385728761247485 0.5508198035345707 6.005910536449115E-8
3.2199590961126883 5124754.62983273 66811.39409290637 40260.2360622104 0.0348706136409831 31927.476827001883 0.008153210251975424 0.5701381482605975 4.5216171729869706E-8
3.2199590961126883 6487274.39170258 87205.37026318315 51369.146153206784 0.036793990076342376 42355.919938115294 0.007894501165303446 0.58940889276939 3.411747670543533E-8
3.2199590961126883 8212047.61458284 113047.22810880255 64985.37037111918 0.03865638754325502 55731.40280345828 0.007647541944152344 0.6072600366042586 2.587892545096686E-8
3.2199590961126883 1.03953867144005E7 145696.0952138287 81682.54771528255 0.04046041600992694 72741.79930355104 0.007436282688411934 0.6226177353492222 1.9767101138579325E-8
3.2199590961126883 1.31592107125677E7 186899.97550239385 102235.12426667075 0.04221443167535878 94258.78130221991 0.007269550576972692 0.6349715898627306 1.520861554728213E-8
3.2199590961126883 1.66578532704199E7 238900.98638171348 127668.68329172643 0.04392893916495601 121407.42877832918 0.0071451955079976604 0.6443828783310898 1.177775436854836E-8
3.2199590961126883 2.1086680777429E7 304560.43472181965 159313.52170050432 0.04561396200123169 155640.88108600545 0.007055864049565815 0.6512679049356149 9.169292884687348E-9
3.2199590961126883 2.66930017326289E7 387514.59900072595 198870.9601786268 0.04727779373444583 198823.72205838552 0.006993169934934557 0.6561637903176271 7.167501424571387E-9
3.2199590961126883 3.37898766059378E7 492373.1483802895 248500.6121746431 0.048926746837402335 253332.808273947 0.006949764626285883 0.6595769423613742 5.619449452631105E-9
3.2199590961126883 4.27735993306757E7 624972.7610237163 310935.3705793872 0.05056539498384027 322186.41938965727 0.006919888492727589 0.661926237241198 4.415207380365602E-9
3.2199590961126883 5.41458266047553E7 792700.3782798374 389629.9152299734 0.05219694765103676 409208.89584519295 0.006899334793438794 0.6635296466449142 3.474338514444657E-9
3.2199590961126883 6.85415907145709E7 1004903.9200761083 488951.1114309616 0.05382361751467591 519241.5994129136 0.006885142033281858 0.6646177397012475 2.7369382496808904E-9
3.2199590961126883 8.67647601352008E7 1273413.076678743 614420.2211885571 0.055446915153615633 658409.5571264918 0.006875293600345096 0.6653480719801255 2.1577129623531352E-9
3.2199590961126883 1.09832928049021E8 1613197.6131981546 773020.6484181313 0.057067870223056 834471.1614321382 0.006868336890414703 0.6658480544416363 1.7020214808814578E-9
3.2199590961126883 1.39034235385702E8 2043208.4239024862 973585.0648469949 0.05868717502820046 1057234.6644893596 0.006863392980830957 0.666179673255285 1.3431004491449142E-9
3.2199590961126883 1.75999301417686E8 2587425.3995717866 1227290.8395868666 0.06030530592726369 1339118.2943342302 0.006859821140728863 0.6664002498623236 1.0601776526667898E-9
3.2199590961126883 2.22792278560616E8 3276202.937714093 1548282.2934295803 0.06192258953150685 1695838.227603869 0.006857190782616476 0.6665454382700476 8.370303733192486E-10
3.2199590961126883 2.82026115935726E8 4147961.4900199166 1954460.017097188 0.06353924962449334 2147286.262569379 0.006855214762204829 0.666639723192074 6.609550924961369E-10
3.2199590961126883 3.57008468083651E8 5251332.75166319 2468480.1444464843 0.06515544159612867 2718640.25951519 0.0068536913729814065 0.6666999920288483 5.219788366436197E-10
3.2199590961126883 4.51926396463519E8 6647873.459982813 3119018.3313248525 0.06677127279735484 3441767.9797084606 0.0068524910834457066 0.6667372209203144 4.1226003422235E-10
3.2199590961126883 5.72080177584603E8 8415501.884094803 3942371.0450993674 0.06838681986892706 4357007.535140471 0.006851521335881148 0.666759150544688 3.256246945750693E-10
3.2199590961126883 7.24179273762889E8 1.0652847035992531E7 4984481.247733133 0.07000213744222823 5515417.189173505 0.006850719121715737 0.666770867455498 2.572077528959045E-10
3.2199590961126883 9.16716993694799E8 1.3484753844108753E7 6303503.087322217 0.07161726523609216 6981624.998888876 0.006850043587141452 0.666775647181499 2.031730928133096E-10
3.2199590961126883 1.16044476412893E9 1.7069252608376734E7 7973048.938192821 0.07323223324689573 8837436.458983608 0.006850043587141452 0.666775647181499 1.6050789733769823E-10
