#rho v/v0 up us e p T s csqv cv gamma alphavol uc phi st
7.6545 0.9526688240362854 0.13183300143862386 2.7853312062157625 0.007615854114939636 2.677788013950468 324.0617780254255 5.133973332073742E-4 9.168324415704653 2.1587212596952958E-4 1.9199677271773827 5.905867480287678E-6 22.524540627913726 27.63845181902516 7.6545 324.0617780254255
8.019 0.9093656956709996 0.27126636014223326 2.9929766896818966 0.03571920454338896 5.920596786628711 368.5556238636349 5.269917092842358E-4 12.077568236177152 2.155737615364228E-4 1.89527475030572 4.218600144774895E-6 13.802886260207343 35.830001280716 8.019 368.5556238636349
8.748 0.8335852210317497 0.5726326650159771 3.440996458164499 0.16288162260048036 14.368855779919176 559.9264025818918 5.731486783032337E-4 18.394128434787863 2.1494499212370343E-4 1.8447462275604798 2.4642001130868322E-6 10.389402842055517 42.818959929756105 8.748 559.9264025818918
8.793238368517699 0.8292966945709005 0.5952170829179347 3.4868515370673614 0.17848365668219546 15.134585483844837 580.2425 5.767673775081214E-4 19.003346577470055 2.859405311148258E-4 2.1116970005897553 3.6135027317250992E-6 10.356821467184117 43.09333020397294 8.793238368517699 580.2425
9.745305404176136 0.748278602993892 1.055903178967111 4.194729536406831 0.5553501238978817 32.298935114966866 1160.485 7.017743581865686E-4 20.733123188216574 2.5952884002612486E-4 1.7923917160285305 2.302281224380838E-6 13.50273787426146 38.180535219519115 9.745305404176136 1160.485
10.206 0.714501618027214 1.2860131941207114 4.504450026071586 0.8258441599031563 42.242247753125554 1775.5500303730937 8.178104117445469E-4 29.897842198710674 2.73819673670922E-4 1.8200683005747882 1.633266013616363E-6 10.949249862381086 44.46011646442071 10.206 1775.5500303730937
10.841732097628933 0.6726050273074482 1.6783222548350976 5.126292077829694 1.4110163279468033 62.73908524985999 2901.2125 9.038529976677791E-4 31.30105128704716 2.4618992872686707E-4 1.3938491951258385 1.0111800102215894E-6 13.359752720315518 40.678545360131835 10.841732097628933 2901.2125
11.664 0.6251889157738122 2.1651876904736924 5.776744022775654 2.342949300239817 91.20905076262315 5191.065848283803 0.0010289768191013501 39.96857189971972 2.505526568632941E-4 1.3993606658553697 7.520773904441256E-7 13.473821883205428 41.931727369142834 11.664 5191.065848283803
11.8276905579525 0.6165365485219546 2.2771698241259046 5.938427287786201 2.592007430049187 98.61116509033772 5802.425 0.0010448308793014262 39.994618949644156 2.6935797055599117E-4 1.2052225254655449 6.862708529590514E-7 14.103336338813515 40.96885296833283 11.8276905579525 5802.425
12.56809348562722 0.5802155690459382 2.7657620074157414 6.588529262816816 3.816089921993279 132.88084996027345 8703.6375 0.0011345883927333744 42.556824447087834 2.9193302029714864E-4 1.070400160630187 5.842393033142731E-7 15.91409545923369 38.74093364798682 12.56809348562722 8703.6375
13.122 0.5557234806878331 3.1320552239450015 7.049787886143698 4.90381636056153 161.0143246651006 11266.819527107413 0.0011973470523932242 47.445001206339384 2.951789777549903E-4 1.0908105765020355 5.171830335178843E-7 16.348235641932988 38.786131442344974 13.122 11266.819527107413
13.191711521867889 0.5527867632260959 3.179376051049125 7.1093066788103805 5.051935996194326 164.82693964267744 11604.85 0.001203347622151558 45.79375720142087 3.266092980933784E-4 0.9275750019527789 5.014990995057669E-7 16.956797212982114 37.77224267300999 13.191711521867889 11604.85
14.343163572082084 0.5084097017327116 3.944022355579592 8.022986559094257 7.76708211390314 230.7461182684138 17407.275 0.0013096880419282478 50.431360439625514 3.761936028000252E-4 0.8280840523501041 4.306656084847685E-7 18.850130660789223 35.925934893308074 14.343163572082084 17407.275
14.58 0.5001511326190498 4.099493726795487 8.201466471806839 8.401856577571142 245.17754948027243 18649.9868148154 0.0013330744533514428 59.17512199312086 3.750737717419871E-4 0.8302907322390306 3.609526213735937E-7 17.571078510704552 38.43089758712954 14.58 18649.9868148154
15.258207910527206 0.47792005170899415 4.618370604254614 8.846098417249207 10.60554605209862 297.919873777128 23209.7 0.0013981932536404173 62.38173269368251 4.2818051349643733E-4 0.7754681705284369 3.4884292037975605E-7 19.035192655717747 37.02239278460181 15.258207910527206 23209.7
16.0915570991526 0.4531695390727453 5.257184128956953 9.613919678216904 13.681516810104304 368.56371556664504 29012.125 0.0014758743577571436 66.23118834513406 4.7590392815756156E-4 0.7306965147661492 3.2628394709572664E-7 20.690237102064433 35.56442943791421 16.0915570991526 29012.125
16.859231470986877 0.4325347526152025 5.854257219515776 10.316503515405609 16.95674010522303 440.41612471867796 34814.55 0.0015451470181036331 69.11348335626677 5.458770266212778E-4 0.6818002432191335 3.194121363452566E-7 22.269845847699685 34.212588003236334 16.859231470986877 34814.55
18.176763906827823 0.4011827160744791 6.934665062353394 11.58060271222216 24.028047254579946 585.619471684887 46419.4 0.001667728493645251 75.68545553048875 6.299036070697101E-4 0.6438681907018534 2.9480990429680643E-7 24.85277761553924 32.42131654483353 18.176763906827823 46419.4
18.225 0.4001209060952398 6.975317029274483 11.627871516359125 24.326457388439024 591.4568016436111 46850.70200191169 0.0016728949584381646 97.73175656486241 6.293657048561593E-4 0.6442494394909907 2.276427805395188E-7 21.96522072124558 36.8755618222299 18.225 46850.70200191169
19.275551599113033 0.37831361017556026 8.041877100648614 12.935584938443947 32.18775531428026 758.5816663881922 58024.25 0.0017821949621606896 104.12607794835309 7.69612280474336E-4 0.6006600252917029 2.3032145410480695E-7 24.855902176952974 34.69154612342587 19.275551599113033 58024.25
21.833729713127088 0.33398799057228673 10.944893008275242 16.433476954386908 59.8792510721765 1311.5951278503946 92838.8 0.002074410312008564 128.9488614604635 9.184688599845404E-4 0.5666488173914657 1.8485575745566626E-7 31.807058969315207 31.170844752493775 21.833729713127088 92838.8
21.87 0.33343408841269984 10.98871558538387 16.48556488467334 60.37486959351982 1321.0205689702084 93364.47004154726 0.002079221379218501 153.32602980641082 9.186171083641758E-4 0.5665349982442713 1.552017450824118E-7 29.646094895600548 33.94232366434594 21.87 93364.47004154726
23.15063562965898 0.31498934328366707 12.805279202349979 18.693547431412767 81.71548547294263 1745.5792960582494 116048.5 0.002247415911434255 169.8321981711657 0.0011066447620273884 0.529395309667791 1.4900655415319271E-7 34.10189606027248 31.8782265469504 23.15063562965898 116048.5
25.515 0.2858006472108856 16.58789784456306 23.225865131049844 137.57811259775974 2809.4547928557586 166735.13960456787 0.002588264161203211 243.5507529134423 0.0010838075304721731 0.5398676552882696 9.415739264335517E-8 40.41699286286704 31.304466130647555 25.515 166735.13960456787
25.75279744220007 0.2831616071983041 17.068751689229682 23.8111572435707 145.58885737050284 2963.7465329013 174072.75 0.002620903400644691 246.43805326112542 0.0013108678072429444 0.5062660582225101 1.0456961967860707E-7 41.737190556341766 30.768695807631826 25.75279744220007 174072.75
27.699936180073703 0.2632570510697235 21.07735131285205 28.608826651759045 221.65933674114498 4397.186350224196 232097.0 0.002946815041549008 304.94756932399054 0.0014817270448999368 0.4918076506374764 8.62699494836814E-8 50.30460308988131 28.84197584278148 27.699936180073703 232097.0
29.16 0.2500755663095249 24.698550887177817 32.934719523183226 305.0081436064154 5931.7690050987985 288659.58315067185 0.0032323168431078325 410.43321286345605 0.001473457097678988 0.49514234226312603 6.095895942491685E-8 55.49616793713318 29.336132933105915 29.16 288659.58315067185
29.189753171579316 0.24982066380355078 24.786608877733457 33.04091126184072 307.1608676227282 5972.1116502941495 290121.25 0.0032382985763992453 408.8015972981851 0.0016407113684105319 0.479093045898818 6.58732434612443E-8 55.83574223701995 29.18844338603729 29.189753171579316 290121.25
30.399399252497627 0.23987985594769987 28.396050466767917 37.35731869357501 402.01382704914755 7735.57182666815 348145.5 0.0035097544029099453 473.2322256936294 0.0018889735932694272 0.4559034794535101 5.986313835087128E-8 63.526204236698234 27.951158401038757 30.399399252497627 348145.5
32.39738862164019 0.22508615119413788 35.247465415724605 45.4856568508109 618.148801514633 11691.255404701888 464194.0 0.003992712015317132 620.2609168144896 0.002130230823500503 0.4461765040265997 4.729867104512185E-8 77.23691714691722 26.525215500138053 32.39738862164019 464194.0
33.832748366555215 0.21553683533420326 41.596733844037736 53.02573239593615 861.269933919129 16084.39353715362 580242.5 0.004423557844602304 775.3145985772841 0.0025617547597836243 0.4295647060281454 4.195182933417521E-8 89.94401169625846 25.586924934039637 33.832748366555215 580242.5
36.45 0.2000604530476199 58.48653029106589 73.1136877953948 1710.336049081764 31182.672218160966 919486.6862926855 0.0055011398112995305 1374.6613163278066 0.0025247948400884115 0.4357296351824518 2.1955834488986295E-8 120.7520087739929 24.984347533215136 36.45 919486.6862926855
36.49083633142794 0.19983656848405235 58.86706506347664 73.56880200329849 1732.5581417897984 31580.92525355526 928388.0 0.005518888772450568 1376.5214872048261 0.0029910313989611366 0.42156215613825515 2.510243072197689E-8 121.8545383644327 24.845420306701303 36.49083633142794 928388.0
37.64809184028557 0.19369384096600292 69.56219440735593 86.27268144732467 2415.8538717921056 43762.82529837269 1160485.0 0.006146427604149637 1780.9361550091448 0.0034918253593103857 0.4149743236018159 2.1611376055651323E-8 142.8290422917881 24.188528116630398 37.64809184028557 1160485.0
39.40555444007708 0.18505521917410891 94.03180846767565 115.38426980583984 4409.843150837135 79118.8882263335 1740727.5 0.007484573222308968 2932.7122622835705 0.004308755758830205 0.4114595959568632 1.534094718047938E-8 190.49351916235096 23.33140304775898 39.40555444007708 1740727.5
40.920169183990204 0.17820560518207196 136.90249540075715 166.58971667857202 9348.495124199744 166309.98898649708 2901212.5 0.009590092002399735 5726.491732384278 0.005245748011686066 0.41510435394829986 9.292630197752367E-9 274.13432757169096 22.676930277052502 40.920169183990204 2901212.5
41.59716343861529 0.17530530715986947 192.16702898254687 233.01596415123169 18425.54701081718 326530.18356145243 4641940.0 0.011997701346037096 10881.48797164655 0.006088490918311927 0.42415049824755474 5.70528890531322E-9 382.9945139952396 22.387672900240975 41.59716343861529 4641940.0
41.65554815127478 0.17505959799409299 255.4029910344926 309.60174870022155 32548.793193127018 576617.9592002375 6962910.0 0.014451855106183627 19204.810257556113 0.006840616557540838 0.44148404703275174 3.775090677094916E-9 508.4581189500941 22.389671535373576 41.65554815127478 6962910.0
41.074490616368706 0.17753606689110613 359.4185127113186 437.00215686385826 64441.4949440341 1145362.0884623858 1.160485E7 0.017978452830663304 39208.31478671864 0.007223498611969045 0.46702061707526665 2.0947552351588243E-9 718.5349446433165 22.630422066263932 41.074490616368706 1.160485E7
40.11176255036434 0.18179713505308207 462.472762718338 565.2299478911523 106673.43928189095 1906207.1972895344 1.7407275E7 0.020989679159525456 68866.3509398226 0.007089239613859387 0.5055047692028666 1.2973169602547848E-9 928.996469039821 23.132416632283746 40.11176255036434 1.7407275E7
38.337665489971904 0.19020989985666154 616.5002420875697 761.308692188809 189666.96706362788 3422573.7918222346 2.9012125E7 0.02478088300360305 137132.11045423002 0.006289476890847839 0.5777067660104988 6.911258804333427E-10 1250.1842946580243 24.11734029559865 38.337665489971904 2.9012125E7
36.45 0.2000604530476199 728.0128819964614 910.0848742508783 265001.3771127347 4831475.049447796 4.087037895895915E7 0.02772182297823062 205287.86714098178 0.006287949336453539 0.5778092551268643 4.855486070041122E-10 1521.493601034973 24.507567856264934 36.45 4.087037895895915E7
34.83613322768181 0.20932872962465152 946.4840321492318 1197.0638969845402 446537.0537106121 8262080.173356477 6.96291E7 0.03069876437876299 383399.5630048317 0.0057233525463198575 0.6291204096126808 2.6958934067794917E-10 2010.8178008771913 25.31463778614661 34.83613322768181 6.96291E7
33.11626135493112 0.22020008344027378 1196.7817899748004 1534.7293126866302 712852.5545628276 1.3393853398034604E7 1.160485E8 0.03381776685672562 665262.4301520913 0.005496238610089561 0.6517850949286688 1.6260567706595008E-10 2620.494960904333 25.812493801268534 33.11626135493112 1.160485E8
31.41533854784658 0.23212239150246566 1647.3152295437344 2145.2835859700995 1351207.4807609466 2.5770343298917383E7 2.32097E8 0.03781992641869422 1361289.6616027348 0.005396341310403801 0.6626409196005334 8.361522656657267E-11 3742.6573124603783 26.18985185706972 31.41533854784658 2.32097E8
30.157127744987203 0.24180696435183138 2544.8458886125413 3356.4617042901064 3230411.830158763 6.2287652635095924E7 5.802425E8 0.04291414883901124 3434784.007747124 0.005367973438963191 0.6655794914257862 3.449219891126796E-11 5971.566084178198 26.399867522869332 30.157127744987203 5.802425E8
29.683561728251284 0.24566470763666484 3564.8076335064566 4725.760109059595 6345258.140716534 1.2284756476045798E8 1.160485E9 0.0466815202267106 6890751.221776341 0.0053678608144796915 0.6655778862576306 1.7466968980084836E-11 8473.106224317751 26.482207622362697 29.683561728251284 1.160485E9
