#rho v/v0 up us e p T s csqv cv gamma alphavol uc phi st
5.327 0.9999139362005568 2.9641363469409197E-4 3.4441151402995422 0.0010123240386959976 0.00533648324809893 293.1259926054991 -0.12102464053719629 14.343792409521033 3.273584688719303E-4 0.9908419766216917 4.245035140557503E-6 37.97356477401888 24.58902270947187 5.327 293.1259926054991
5.62341325190349 0.9472079143992066 0.20617656090924993 3.9054445105338194 0.022265664972019802 4.2888891762295405 310.8961632947959 -0.10756640211924594 14.775449498650138 3.2471993462260945E-4 0.9909956729822598 3.8729332075603365E-6 103.80595268856854 14.972410617140119 5.62341325190349 310.8961632947959
5.745685416641637 0.9270506740088355 0.28693683737882236 3.9333720151653666 0.05254113305855135 6.01158969672878 315.329925826697 -0.07830983069384477 15.100353640040856 3.2988292174206113E-4 1.0292729946448622 3.913464946904446E-6 63.824202449623996 18.852864626033423 5.745685416641637 315.329925826697
6.216440993538875 0.8568474378951823 0.5845168353459859 4.083174109856285 0.177244313102455 12.71267022081741 357.29980407918 0.024035779506699884 16.449184116843664 3.320907811135857E-4 1.1679074786917083 3.792967153008175E-6 29.725918521897373 26.67602966614209 6.216440993538875 357.29980407918
6.30957344480193 0.8441999423160018 0.6417619990455782 4.11913839176641 0.2069385507230501 14.080645827323307 380.7186498903195 0.03749447816759011 13.410643369728176 3.314644826606156E-4 1.193561351368704 4.675543839349887E-6 81.67999604947 15.57643575103662 6.30957344480193 380.7186498903195
6.693001660429078 0.795837474482098 0.836915114517304 4.099259217107985 0.36246587639814054 18.27383519810782 404.855801936105 0.18477600542502623 14.51115103074977 3.336685725055382E-4 1.3669763985796708 4.6962750513936845E-6 28.547226993315583 25.631296292699428 6.693001660429078 404.855801936105
7.07945784384138 0.75239399056159 1.025072062140578 4.139932081880897 0.5263939395001572 22.604295993157542 450.94078649541405 0.32404070041216604 14.37680933180207 3.3061341287761285E-4 1.5286233942788237 4.965448221248508E-6 23.192825578622617 27.57548376356897 7.07945784384138 450.94078649541405
7.122056889236131 0.7478937083738542 1.0442017967961843 4.141910898220085 0.5475304182844923 23.037141868623323 458.741422441429 0.3406549255739344 14.492596750042184 3.35786839714928E-4 1.541706490886148 5.0154941161172445E-6 22.23319743805409 28.113947243383954 7.122056889236131 458.741422441429
7.4029048563595135 0.7195204641276142 1.1690505456140021 4.168042213767436 0.6902173318344029 25.95428211673281 519.799127633098 0.4449362204860964 15.336857973609018 3.3848417742825894E-4 1.6404992905775702 4.8907544138625035E-6 17.79582297915711 31.142201681191626 7.4029048563595135 519.799127633098
7.63612034436613 0.6975455202287699 1.2720343696983603 4.205705171437696 0.8149723134478728 28.495838762979744 588.983509817292 0.5225594947912515 16.086597482639075 3.416463941272454E-4 1.7172168566052872 4.77600777418683E-6 15.66026330786152 33.036145074743295 7.63612034436613 588.983509817292
7.831420127632712 0.6801501453543493 1.3590414189846602 4.2489980822104485 0.9265194188988417 30.75835575944807 667.376215916925 0.5766936957624729 16.76516368753016 3.449912558164543E-4 1.7768207901217627 4.6687798269565335E-6 14.443010495856514 34.319333216948046 7.831420127632712 667.376215916925
7.94328234724281 0.6705718499342102 1.4098114168623685 4.2795717869915375 0.9947901328178999 32.13699671012606 724.6355772753259 0.6001903494055885 20.615176056378097 3.4439752453461017E-4 1.8123592318638553 3.8116872325167686E-6 11.630882455219758 39.42551648553705 7.94328234724281 724.6355772753259
7.970337354103433 0.6682956193062594 1.4260075574899147 4.299031428247954 1.0181180281148434 32.654002241192636 756.202858225621 0.5973015419930797 20.75921209648041 3.484483023365969E-4 1.814686498600169 3.821663030078021E-6 11.636953728325889 39.43952215052179 7.970337354103433 756.202858225621
8.052338323139567 0.6614900323839813 1.4756724528290497 4.359317579986141 1.0908907337792124 34.26514021926331 856.852175954351 0.5823902142159677 21.259192736583046 3.519433579275245E-4 1.8323914129575862 3.7672308879517737E-6 11.637732025990346 39.532874603813674 8.052338323139567 856.852175954351
8.137353464919576 0.6545791037716719 1.5282559257356012 4.424329687122932 1.170064777369805 36.015352260611294 970.897747147436 0.5578584089588597 21.80762291564036 3.553648346492082E-4 1.8497240513675586 3.7041612425302594E-6 11.647951819896335 39.62505361134224 8.137353464919576 970.897747147436
8.224762112398889 0.6476225652910453 1.5837151174443145 4.494371550074938 1.2560715918108032 37.91317826649731 1100.12259041773 0.5213575847935327 22.408141114018044 3.5874680133703314E-4 1.8664896834095626 3.6331594218259997E-6 11.669954647943872 39.71377435995261 8.224762112398889 1100.12259041773
8.31389021141781 0.6406798024377571 1.642021290545545 4.569799587347459 1.3494229607553199 39.96871221155694 1246.54704113102 0.4701374998354144 23.060775889982565 3.6229640527663226E-4 1.8816032538882204 3.5556080435907313E-6 11.707798134144022 39.792702217354595 8.31389021141781 1246.54704113102
8.404118664987502 0.6338013241449497 1.7032120205119752 4.651060019633018 1.4508060596379524 42.19538297682943 1412.46033786332 0.4010378165268845 23.775025364226714 3.65891117236123E-4 1.895808734722925 3.471628309894688E-6 11.761948394230362 39.86430693529523 8.404118664987502 1412.46033786332
8.494731770966455 0.6270405801800095 1.7673223865153893 4.738645258962464 1.5609831855100424 44.608159890191914 1600.45641296203 0.31031933803360806 24.55206540504684 3.698069231391003E-4 1.9080247167750741 3.3831506028875836E-6 11.836582673829174 39.92233717119414 8.494731770966455 1600.45641296203
8.585133845699369 0.6204377979277096 1.8344906555303215 4.833175288568195 1.680991649133432 47.227225986655014 1813.47444677001 0.19370120782823919 25.387707842261058 3.7421196536565005E-4 1.9160068339665484 3.289608092871001E-6 11.937889086231298 39.95567324973854 8.585133845699369 1813.47444677001
8.674944173379064 0.6140145033423968 1.9049766928443035 4.935358217705664 1.812217199630092 50.078670003561534 2054.84481954825 0.04629731879148319 26.31116289604017 3.785695951328888E-4 1.9236330799618608 3.190518266947753E-6 12.060463523581479 39.98184359893725 8.674944173379064 2054.84481954825
8.763424275265539 0.6078150926886359 1.9789288463108434 5.045907706845355 1.9559744787753761 53.188038313951196 2328.34117952133 -0.137838585417823 27.311571358255264 3.837442312574512E-4 1.9271994318220185 3.0899253884880816E-6 12.213671042468539 39.982909457860366 8.763424275265539 2328.34117952133
8.850321921636587 0.6018472079663505 2.0567748997503856 5.165792984258564 2.1143017324934243 56.59372793124187 2638.23944109153 -0.3653598938957031 28.39113468097621 3.8656401621875935E-4 1.925395676760763 2.9620992021025476E-6 12.402504753152618 39.952066567310226 8.850321921636587 2638.23944109153
8.91250938133746 0.5976477903399453 2.116202086471914 5.259576151600813 2.2401602659128135 59.28604261961361 2889.342287757256 -0.5642367620598101 48.7351633455272 3.8891756972826496E-4 1.9444312674842381 1.7410359283027667E-6 9.567595740752788 49.84289068434159 8.91250938133746 2889.342287757256
8.924718949450432 0.5968301711583158 2.1381466093113723 5.303339824446474 2.2868424986086433 60.39924738951338 2989.38463561506 -0.6493542497773449 48.9757150657315 3.954179567370696E-4 1.924700942384489 1.7411825757524932E-6 9.68261981942101 49.64612104384144 8.924718949450432 2989.38463561506
8.9727766770975 0.5936335796405208 2.2244300600796603 5.473951460142519 2.4747044931824145 64.8581172121877 3387.26665990336 -1.0057860650685997 50.3686143659604 4.024125302940633E-4 1.9121857740502235 1.7026081807621239E-6 10.097064845815387 49.05577580063709 8.9727766770975 3387.26665990336
9.025049038670506 0.5901953014678607 2.3192989185579553 5.659522516128649 2.6892449272046557 69.91674583338836 3838.10610672126 -1.4302902390688814 50.98648129878055 3.7928236139136794E-4 1.7763798266599544 1.464177966195382E-6 10.633939862812182 48.115400800947654 9.025049038670506 3838.10610672126
9.083557242042769 0.5863937878309113 2.4176681790054166 5.845338169188417 2.9208962391029263 75.27505292619357 4348.95151917897 -1.9336011521123087 52.1346131495562 3.672669147848317E-4 1.6463759720052171 1.2768171670509079E-6 11.128005355083365 47.391988241028145 9.083557242042769 4348.95151917897
9.149216917618379 0.5821855122795483 2.5223320172565318 6.036966384335039 3.177981598153672 81.10839098157304 4927.78958951868 -2.5241731545323165 54.93299412849581 3.771797024328258E-4 1.6368766500249061 1.2284205465034363E-6 11.481534869694164 47.226408940307174 9.149216917618379 4927.78958951868
9.219246770011354 0.5777632024632101 2.6382255469878015 6.248213235744641 3.4753963508963674 87.80365226257454 5583.67002517265 -3.221842250346218 58.2228287202107 3.8948022770403346E-4 1.6296966943907705 1.182506287274936E-6 11.85859237329096 47.09376723522483 9.219246770011354 5583.67002517265
9.293612861052381 0.5731400282943574 2.766842486781769 6.481850419766577 3.8212334643992714 95.52747494422857 6326.84703428191 -4.046245660078113 60.57515708483564 3.828781923195825E-4 1.478054715785848 1.0052452181078818E-6 12.401257203754396 46.536404506971245 9.293612861052381 6326.84703428191
9.380782692422816 0.567814191287343 2.90523613066958 6.722192335105467 4.210303914208989 104.02489022702594 7168.93964269748 -5.009917545243724 62.58268253002375 3.9405329428268774E-4 1.434665142943488 9.629688946076555E-7 12.989542075985268 45.868673100460406 9.380782692422816 7168.93964269748
9.47660720071789 0.5620726305651731 3.057320625943906 6.981341745983066 4.6601401203389745 113.69066722949803 8123.11334890248 -6.140664688506696 64.49604069673843 4.123863449957287E-4 1.3698404511331632 9.242475935920635E-7 13.651771630009081 45.105109802932105 9.47660720071789 8123.11334890248
9.666697631711283 0.5510197733574309 3.361365575019647 7.486667286342686 5.631812025117219 134.0445839609967 10120.0733617746 -8.627612476642993 68.83145715559516 4.415054347935548E-4 1.297745799782402 8.61113876852252E-7 14.891005874277829 43.87443071324882 9.666697631711283 10120.0733617746
9.885790469169773 0.53880785302419 3.7182618558799048 8.062283541169949 6.901839704422358 159.67726370327955 12607.9595899689 -11.923823268715694 73.89402589420068 4.783654718683646E-4 1.2254045248818204 8.024510967057693E-7 16.29877624361768 42.615910824895764 9.885790469169773 12607.9595899689
10.0 0.5326541538140366 3.90329457759108 8.352047224654063 7.618857674310175 173.64781955245905 13920.340692458292 -13.771578455149047 68.27610960480722 4.7818367949577093E-4 1.2415880991575556 8.695679485984041E-7 18.093632718537748 39.81794497276342 10.0 13920.340692458292
10.194912709313648 0.5224705389850233 4.167228679678473 8.726642060619955 8.65416867551272 193.70444526123856 15707.4597524868 -16.19538333659688 70.23626398617519 5.240816521650617E-4 1.1458690916433278 8.386660186396039E-7 19.13891699893979 38.86186708983702 10.194912709313648 15707.4597524868
10.613622947630454 0.5018589377465632 4.72670468895163 9.488687135265405 11.060159996492636 238.89646904988976 19568.9310483111 -21.746125079502583 75.44740698650575 5.791771017135899E-4 1.065286089878437 7.704947184175936E-7 21.003524519795306 37.43698859948424 10.613622947630454 19568.9310483111
11.091884748198918 0.48021969746893384 5.381294602092241 10.353017565090614 14.267594302557114 296.7555767567934 24379.6940057685 -29.111592378613864 81.63530574026205 6.452177599429185E-4 0.9915302402917542 7.065272312198265E-7 23.020003879760147 36.0812212683942 11.091884748198918 24379.6940057685
11.620537621760372 0.4583730728745284 6.140198988652903 11.336583690992313 18.56771173522854 370.7744879303658 30373.1194283197 -38.92629607655221 89.0964772446121 7.227735750525744E-4 0.9255557746624404 6.461273235103012E-7 25.221405721560362 34.802888807730426 11.620537621760372 30373.1194283197
12.182879136112179 0.4372153313375298 7.012634816019074 12.460600308614481 24.36720198902974 465.4418314574113 37839.9492458229 -52.071220950805674 98.25258636841303 8.128937102302495E-4 0.8671327900302991 5.888781565437535E-7 27.66684614578031 33.606487230804866 12.182879136112179 37839.9492458229
12.5892541179417 0.4231022337176586 7.6918990117359 13.333209905290886 29.583656514690503 546.2777696210069 43950.65485148468 -63.67557871750415 183.01405058175163 8.060396366498801E-4 0.8768402944262349 3.067555751523906E-7 22.870066237272994 42.68232936303974 12.5892541179417 43950.65485148468
12.718844633005492 0.418791304700582 8.048933298418381 13.84861128801911 32.3457902537342 593.7310995833186 47142.4004473966 -69.83720913917658 184.96570301663814 9.183193688920275E-4 0.8125722772770625 3.17188093109665E-7 24.14502304350313 41.6144118423245 12.718844633005492 47142.4004473966
13.234840209161364 0.40246360771724693 9.376035313852412 15.691153601596353 43.659382590719666 783.6450058099392 58731.7362796947 -93.83806946105592 199.84596720289576 0.0010401555580846977 0.7592816129369693 2.9859813165320003E-7 28.360155596209314 38.87029085223523 13.234840209161364 58731.7362796947
13.85955137234248 0.38432279624647747 10.952864826220429 17.78994700379592 59.34534377353141 1037.8812303302352 73170.1570919496 -126.0189231839137 218.8807498383699 0.0011736703476557693 0.7143472512959026 2.763750091588963E-7 33.07499476385674 36.408647584737466 13.85955137234248 73170.1570919496
14.572399995145963 0.3655226002521634 12.79790233495299 20.17077730434421 80.99839224759671 1375.0127091155896 91158.0727558292 -169.42096609544657 243.50792095195948 0.0013196191116222153 0.6760334251813547 2.514042352277112E-7 38.23674564546666 34.287515207749976 14.572399995145963 91158.0727558292
15.342744597473416 0.34717005841428916 14.934977916223264 22.877286969936616 110.84878587662003 1819.9288042741427 113568.079649118 -228.30694128369845 275.54180504728754 0.0014792633892747045 0.6421662155162573 2.2469965607453476E-7 43.86556053756856 32.502887758994575 15.342744597473416 113568.079649118
15.8489319246111 0.3360820504168497 16.434059545121723 24.7531484205843 135.0401562228252 2166.8088460421486 129901.67952708229 -275.3007382290066 393.5739251020709 0.0014699075989562254 0.6463918220186459 1.523209256623412E-7 42.62907158725437 36.039321120638625 15.8489319246111 129901.67952708229
16.131157519916204 0.3302020658817567 17.48132825709518 26.09940605461631 152.48318341795922 2430.246644267996 141487.290431596 -308.82069140968815 407.3219466138345 0.001653488096671004 0.611081839478407 1.5377902653943516E-7 45.54976697408283 34.962678202412015 16.131157519916204 141487.290431596
16.978349527533233 0.31372552022812866 20.596897136108563 30.01262285456877 210.74446375283375 3292.6915995324807 176270.070036621 -419.18285272309276 461.8209762379527 0.0018433189275258077 0.5826974677440796 1.3698546499731924E-7 53.41694026154624 32.767164723425445 16.978349527533233 176270.070036621
17.896873353412005 0.2976241398682564 24.211344375480373 34.470638513884985 290.7418044642559 4445.427598361116 219603.736108984 -570.2981586107594 533.368879894282 0.0020482457649386113 0.5585105783732612 1.1984188496403324E-7 62.022724468139224 30.974236036051202 17.896873353412005 219603.736108984
18.84727633156716 0.282615983574188 28.39012748602934 39.57451913617494 400.4915596521153 5984.505907841029 273590.4110267 -777.9206658460029 627.1479035420971 0.0022697925143992195 0.53767150984368 1.0324870452024582E-7 71.51275031400948 29.518037205841704 18.84727633156716 273590.4110267
19.79273105854163 0.269116046814655 33.216975110634145 45.447673280919126 551.0414579506471 8041.129343966548 340848.996160118 -1063.9984587784165 750.1460374964324 0.002509540152020105 0.5197471290313646 8.7848571661759E-8 82.11829340377398 28.334386044219386 19.79273105854163 340848.996160118
19.9526231496888 0.26695946183013247 34.078582425188316 46.48935584145182 580.6758883972473 8438.793556031478 352817.2956373652 -1120.4290769931172 846.6213594601883 0.0025059363425620684 0.5205149596090825 7.721719637927849E-8 81.06740779306543 29.51378734007578 19.9526231496888 352817.2956373652
20.79293208622536 0.2561707755333374 39.03572811767932 52.479422471829565 759.3759856330869 10911.806240116359 424642.215154324 -1459.949410821758 982.718544951628 0.0027724097974012154 0.5035860228322595 6.832603290277928E-8 91.8835665969249 28.352528976213794 20.79293208622536 424642.215154324
21.804310474466202 0.24428846508941332 45.844801891407926 60.66441991894715 1045.153465859582 14813.901911852765 529034.889122758 -2007.1371287489405 1194.7137857198154 0.003057279489198001 0.49005058266170504 5.751350300631606E-8 106.1960934865335 27.236745042564 21.804310474466202 529034.889122758
22.77884591827674 0.2338371995337386 53.75397360920563 70.15998894294104 1436.4690713144223 20088.402505411985 659091.121704456 -2763.8763361026904 1475.110575929055 0.0033648203500333293 0.4790183135101304 4.796867314129798E-8 122.47751324666486 26.333863891156174 22.77884591827674 659091.121704456
23.689249048260873 0.22485058632668686 62.94627429058113 81.20534335733865 1972.1373298406265 27227.0101593348 821119.959460443 -3811.277242241209 1847.3113938761878 0.0036956284427015597 0.4703043590951675 3.971695111673514E-8 141.18335758651918 25.601156283777996 23.689249048260873 821119.959460443
24.515856902860055 0.21726923758960937 73.63553071842783 94.07517150810568 2704.8743858736534 36898.41889870621 1022981.44463044 -5261.630383429124 2343.3542420729027 0.004049505646044238 0.4637723334342565 3.2690519541590656E-8 162.82602863355848 25.006705661690862 24.515856902860055 1022981.44463044
25.1188643150958 0.21205343805847343 83.53134866942713 106.01143872447784 3488.744102564667 47168.008399983526 1219847.4943964684 -6833.926955205302 2943.6287702662 0.004030906638987041 0.46543015405065985 2.5373140084516243E-8 181.01181736300086 24.975551812583493 25.1188643150958 1219847.4943964684
25.263478978365974 0.2108395895395751 86.11627890107705 109.12392177761893 3706.503069014105 50055.3541558562 1274467.90691317 -7271.040239953627 3076.438439118806 0.004425604447373014 0.45919916504327934 2.614762810486449E-8 186.4756869631857 24.820047266638824 25.263478978365974 1274467.90691317
25.989387672199808 0.204950636210565 100.8550989879688 126.85388301836286 5075.08601960679 68147.03156928773 1587778.99078943 -10057.377556928239 3959.3865014115167 0.004822421729154072 0.4561666530633167 2.137788694992716E-8 216.1716387754285 24.30925478887235 25.989387672199808 1587778.99078943
26.608359212154756 0.20018301375408332 117.9607932763891 147.4847312634095 6935.26117936958 92668.05832498663 1978113.4620317 -13912.138340211779 5146.411831180305 0.00523350469917016 0.45495292088437406 1.7387472030965897E-8 250.63232414110084 23.90822372407226 26.608359212154756 1978113.4620317
27.114155214600068 0.19644873668319934 137.77139274247963 171.45314683944835 9454.623362403523 125820.04236400002 2464406.50201926 -19239.8626224618 6746.452068506056 0.005650419807209608 0.4555331387615457 1.4071136460161118E-8 290.63256277937694 23.60201717690509 27.114155214600068 2464406.50201926
27.504549320637942 0.19366038236240485 160.6431034527559 199.22511549588287 12850.42387368175 170471.38547009643 3070248.25611214 -26593.305682024053 8907.638386026965 0.006059865878917042 0.45799851346139664 1.1328175517115997E-8 336.9803767225909 23.381005922286498 27.504549320637942 3070248.25611214
27.779048016553556 0.1917467270644507 186.93147343113262 231.2783377321859 17398.070934329626 230283.43789564702 3825028.19499784 -36724.469606329374 11829.335394044863 0.006445089865921607 0.46242084063605565 9.069611248352291E-9 390.5010082883433 23.23871979467718 27.779048016553556 3825028.19499784
27.938861347139905 0.19064991489660843 216.97206364201176 268.0818444768488 23438.335232111524 309825.05861132185 4765360.80214422 -50650.384434801985 15777.942325783542 0.006784962174720079 0.4689509300472995 7.217981519159784E-9 451.99476526787646 23.171466121093584 27.938861347139905 4765360.80214422
27.98588775591533 0.19032955411659236 251.04994583432855 310.06435656721465 31379.207219028634 414626.72833677277 5936861.74766233 -69737.18824502091 21105.08061144765 0.007055714831385048 0.4777937803388191 5.707624697436077E-9 522.1899551384297 23.17744762871815 27.98588775591533 5936861.74766233
27.922444485048366 0.19076200656402303 289.3660540996878 357.5784335965944 41690.107083566676 551142.9009069715 7396360.71102881 -95805.28157914203 28266.782426196307 0.007234876268681502 0.4891435898180157 4.4837115194710504E-9 601.698935980028 23.255434613681782 27.922444485048366 7396360.71102881
27.751965896442133 0.19193384562436497 332.0106231275541 410.87059683137863 54888.0627982487 726611.6566915865 9214658.19701652 -131258.04036453553 37839.69802024546 0.007307697370717196 0.5030459432100041 3.500634671531483E-9 691.0023305660487 23.40267865505558 27.751965896442133 9214658.19701652
27.480867448166805 0.19382727085260507 378.9627791378299 470.0764060062159 71522.04138764483 948877.8927906161 1.14799600783712E7 -179236.14489632568 50534.37247941089 0.007271941510450051 0.5193770183932946 2.719667375022725E-9 790.4594108481166 23.613772755589594 27.480867448166805 1.14799600783712E7
27.119361306210244 0.19641102450744682 430.1223478903058 535.2516784176461 92164.71604543563 1226296.146998306 1.43021564753934E7 -243803.70369384406 67213.33950475873 0.0071376495431453545 0.5380338552327238 2.1068319382973035E-9 900.346739556863 23.881437770843554 27.119361306210244 1.43021564753934E7
26.679578873029573 0.1996486362655812 485.3615114469552 606.4355399886756 117417.8270950799 1567816.7412224927 1.78181525414902E7 -330182.1865556525 88873.13780561292 0.006934385562326605 0.5582446113064727 1.6326122129238177E-9 1021.1598077780628 24.190561136255255 26.679578873029573 1.78181525414902E7
26.179235835420123 0.20346436281129462 544.6635911200069 683.790612360225 147977.90360796198 1983795.0278916787 2.21985097518717E7 -445038.22051010956 116642.64732514594 0.006701143776611378 0.5787005703217734 1.2699555287431507E-9 1153.8124273682338 24.519854888904668 26.179235835420123 2.21985097518717E7
25.641471734705817 0.2077315059467072 608.252687720852 767.7355496102023 184745.8243873644 2487373.514367694 2.76557198652611E7 -596858.211597643 151814.2635740922 0.0064733897476180365 0.5979401412927778 9.943377771122539E-10 1299.7378249109836 24.846432404930386 25.641471734705817 2.76557198652611E7
25.1188643150958 0.21205343805847343 672.6524088962364 853.6777002222059 226230.63259425276 3058651.2196760597 3.403532366619063E7 -784139.4725561332 191268.90038065452 0.006472506651379721 0.5980510071316593 8.056870262909185E-10 1456.590603416956 25.0023461614637 25.1188643150958 3.403532366619063E7
25.095169497600295 0.21225365856364156 676.7200545247665 859.0583274444041 228953.81771585118 3096542.3011133145 3.44545129296938E7 -796458.3272317968 196889.97110683125 0.006274068302191333 0.6148271511376894 7.807078598351182E-10 1458.3255495322917 25.215594034305056 25.095169497600295 3.44545129296938E7
24.623945166497492 0.21631552142129842 752.042438718121 959.6240059290611 282283.0423879308 3844047.7251262576 4.2924699375249E7 -1057913.8840956064 251894.6056575163 0.006112152269975965 0.6288229734908845 6.196494413431396E-10 1636.4634572448547 25.462736508920806 24.623945166497492 4.2924699375249E7
24.173932234786957 0.22034237071597831 834.2917371705803 1070.0744863315585 346946.9203809245 4755292.873406367 5.34771691654815E7 -1398711.5969702012 320217.90582848835 0.005986909265185502 0.6399374328293166 4.949339869144375E-10 1834.4148001266162 25.674974933843885 24.173932234786957 5.34771691654815E7
23.75686826117624 0.22421059373575192 924.6945248534112 1191.9401288375461 425796.15991990425 5870810.274743835 6.66238241286911E7 -1841448.542760782 404957.2066400524 0.005894770466795841 0.6482869326174272 3.972243336874124E-10 2054.9208806678093 25.851419397280523 23.75686826117624 6.66238241286911E7
23.380540363431344 0.2278194368198357 1024.634281648296 1326.9361215574 522461.2750297336 7242094.988950666 8.30024103892896E7 -2415041.4119423353 510065.6287945525 0.005828850523107401 0.6543439034785987 3.198220298196639E-10 2300.8325516236714 25.995265683167695 23.380540363431344 8.30024103892896E7
23.048355602785374 0.23110288776942756 1135.607601589166 1476.9305067290027 641493.9022488673 8933747.431696221 1.03407455524084E8 -3156500.309632073 640530.4598019449 0.0057823656116404625 0.6586422481704144 2.579736806401563E-10 2575.1893438392426 26.111192126197267 23.048355602785374 1.03407455524084E8
22.760259502543867 0.2340281549753433 1259.2143763523206 1643.9434223744688 788564.5175292838 1.1026352146854753E7 1.28828811209383E8 -4113176.1197060435 802597.8932164114 0.0057498094677733555 0.6616465170645865 2.0825923058984954E-10 2881.297881932354 26.203973983475855 22.760259502543867 1.28828811209383E8
22.513911052448456 0.23658890388842893 1397.168492000123 1830.1652924834216 970724.3891695259 1.3620229214531804E7 1.60499671068275E8 -5345612.32802334 1004063.6629332526 0.005727057354112253 0.6637214091794142 1.6815321019812983E-10 3222.8011438158514 26.277922852031054 22.513911052448456 1.60499671068275E8
22.305662849737146 0.23879772477611597 1551.3186975865813 2037.9848406657864 1196740.0722032934 1.6840201911319677E7 1.99956393070778E8 -6931168.265599718 1254643.3904590423 0.005711135214034055 0.6651394619824712 1.3573746077305205E-10 3603.7437049183304 26.336719184663625 22.305662849737146 1.99956393070778E8
22.131268146207596 0.24067945419806952 1723.6746346578896 2270.0223827573236 1477513.9172274186 2.0841585206238776E7 2.49113028480085E8 -8968623.922511704 1566447.2420731492 0.005699864425267224 0.6661077255745766 1.0951835801262496E-10 4028.6278706157523 26.383485133443916 22.131268146207596 2.49113028480085E8
21.986309424249708 0.2422662865039768 1916.4334646083107 2529.16483782448 1826604.877163659 2.581761970519334E7 3.10354172754824E8 -1.1584033937479025E7 1954527.6698030923 0.005691962648320502 0.6667461070110141 8.831375917221732E-11 4502.516770423298 26.420522239105964 21.986309424249708 3.10354172754824E8
21.866648026998483 0.2435920462781378 2132.019952913129 2818.6112301207913 2260899.179314436 3.200897452939106E7 3.86650642617961E8 -1.493815411464501E7 2437647.7509859796 0.005686399505442795 0.6671558438607257 7.117238178560898E-11 5031.05164149623 26.449819948025336 21.866648026998483 3.86650642617961E8
21.768458086550094 0.244690805245018 2373.114699841966 3141.9115725339348 2801420.264018926 3.971531445481574E7 4.81703590803608E8 -1.923588532225305E7 3039179.4611207796 0.005682442845833828 0.6674104052790941 5.732499637787108E-11 5620.54052942399 26.47298931948296 21.768458086550094 4.81703590803608E8
21.688299693333878 0.24559516483339322 2642.68967769408 3503.012645869978 3474345.428615927 4.930979438948157E7 6.00124049508849E8 -2.473825962193416E7 3788230.557345337 0.005679595644929342 0.6675598960298231 4.614724164836399E-11 6278.041443202487 26.49130128278441 21.688299693333878 6.00124049508849E8
21.623157482497206 0.24633504808222006 2944.047957419286 3906.3086984844463 4312275.025435296 6.1257146014868766E7 7.4765661222927E8 -3.177765037014645E7 4721053.160833701 0.005677523331243648 0.6676378737664561 3.713144845309179E-11 7011.44737769201 26.505754411786047 21.623157482497206 7.4765661222927E8
21.570439368254082 0.24693709048780946 3280.8668956946963 4356.696969473552 5355814.006021288 7.613621508834326E7 9.31458104816222E8 -4.0777068457374185E7 5882805.99340774 0.005675991018325083 0.6676684958212827 2.986476257063495E-11 7829.576077598309 26.517150637590294 21.570439368254082 9.31458104816222E8
21.52794055023814 0.24742457485472033 3657.2445469301997 4859.6385488194655 6655540.010518724 9.466801863542384E7 1.16044476412893E9 -5.2274636747297324E7 7329746.098453918 0.005675984021705093 0.6676696984101453 2.4016593889495937E-11 8742.276154977204 26.526134520870325 21.52794055023814 1.16044476412893E9
