#eos number: 320
#material name: germanium
#
#Tmin = -1 Tmax = -1 numT = 1
#rhomin = 1e-10 rhomax = 1000 numrho = 128
#total number of data points: 128
#
#128 #density Tm
1.000000e-10 6.251213e-12
1.778279e-10 1.346783e-11
3.162278e-10 2.901556e-11
5.623413e-10 6.251213e-11
1.000000e-09 1.346783e-10
1.778279e-09 2.901556e-10
3.162278e-09 6.251213e-10
5.623413e-09 1.346783e-09
1.000000e-08 2.901556e-09
1.778279e-08 6.251213e-09
3.162278e-08 1.346783e-08
5.623413e-08 2.901556e-08
1.000000e-07 6.251213e-08
1.778279e-07 1.346783e-07
3.162278e-07 2.901556e-07
5.623413e-07 6.251213e-07
1.000000e-06 1.346783e-06
1.258925e-06 1.830758e-06
1.584893e-06 2.488653e-06
1.995262e-06 3.382966e-06
2.511886e-06 4.598656e-06
3.162278e-06 6.251213e-06
3.981072e-06 8.497626e-06
5.011872e-06 1.155130e-05
6.309573e-06 1.570234e-05
7.943282e-06 2.134507e-05
1.000000e-05 2.901556e-05
1.258925e-05 3.944249e-05
1.584893e-05 5.361639e-05
1.995262e-05 7.288379e-05
2.511886e-05 9.907504e-05
3.162278e-05 1.346783e-04
3.981072e-05 1.830758e-04
5.011872e-05 2.488653e-04
6.309573e-05 3.382966e-04
7.943282e-05 4.598656e-04
1.000000e-04 6.251213e-04
1.258925e-04 8.497626e-04
1.584893e-04 1.155130e-03
1.995262e-04 1.570234e-03
2.511886e-04 2.134507e-03
3.162278e-04 2.901556e-03
3.981072e-04 3.944249e-03
5.011872e-04 5.361639e-03
6.309573e-04 7.288379e-03
7.943282e-04 9.907504e-03
1.000000e-03 1.346783e-02
1.258925e-03 1.830758e-02
1.584893e-03 2.488653e-02
1.995262e-03 3.382966e-02
2.511886e-03 4.598656e-02
3.162278e-03 6.251213e-02
3.981072e-03 8.497626e-02
5.011872e-03 1.155130e-01
6.309573e-03 1.570234e-01
7.943282e-03 2.134507e-01
1.000000e-02 2.901556e-01
1.258925e-02 3.944249e-01
1.584893e-02 5.361639e-01
1.995262e-02 7.288379e-01
2.511886e-02 9.907504e-01
3.162278e-02 1.346783e+00
3.981072e-02 1.830758e+00
5.011872e-02 2.488653e+00
6.309573e-02 3.382966e+00
7.943282e-02 4.598656e+00
1.000000e-01 6.251213e+00
1.122018e-01 7.288379e+00
1.258925e-01 8.497626e+00
1.412538e-01 9.907504e+00
1.584893e-01 1.155130e+01
1.778279e-01 1.346783e+01
1.995262e-01 1.570234e+01
2.238721e-01 1.830758e+01
2.511886e-01 2.134507e+01
2.818383e-01 2.488653e+01
3.162278e-01 2.901556e+01
3.548134e-01 3.382966e+01
3.981072e-01 3.944249e+01
4.466836e-01 4.598656e+01
5.011872e-01 5.361639e+01
5.623413e-01 6.251213e+01
6.309573e-01 7.288379e+01
7.079458e-01 8.497626e+01
7.943282e-01 9.907504e+01
8.912509e-01 1.155130e+02
1.000000e+00 1.346783e+02
1.122018e+00 1.570234e+02
1.258925e+00 1.830758e+02
1.412538e+00 2.134507e+02
1.584893e+00 2.488653e+02
1.778279e+00 2.901556e+02
1.995262e+00 3.382966e+02
2.238721e+00 3.944249e+02
2.511886e+00 4.598656e+02
2.818383e+00 5.361639e+02
3.162278e+00 6.251213e+02
3.548134e+00 7.288379e+02
3.981072e+00 8.497626e+02
4.466836e+00 9.907504e+02
5.011872e+00 1.155130e+03
5.327000e+00 1.252972e+03
5.623413e+00 1.346783e+03
6.309573e+00 1.591576e+03
7.079458e+00 2.027389e+03
7.943282e+00 2.783358e+03
8.912509e+00 4.084946e+03
1.000000e+01 6.362634e+03
1.258925e+01 1.315866e+04
1.584893e+01 2.850428e+04
1.995262e+01 5.350822e+04
2.511886e+01 8.964650e+04
3.162278e+01 1.372171e+05
3.981072e+01 1.954858e+05
5.011872e+01 2.630661e+05
6.309573e+01 3.383365e+05
7.943282e+01 4.197706e+05
1.000000e+02 5.061357e+05
1.258925e+02 5.965760e+05
1.584893e+02 6.906144e+05
1.995262e+02 7.881097e+05
2.511886e+02 8.891969e+05
3.162278e+02 9.942268e+05
3.981072e+02 1.103713e+06
5.011872e+02 1.218291e+06
6.309573e+02 1.338688e+06
7.943282e+02 1.465702e+06
1.000000e+03 1.600189e+06
