# cl: 2.72 km/s
# cs: 1.36 km/s

#shot method rho0 rhoflyer us up - - - ⍴ p e
#- - g/cc g/cc km/s km/s - - - g/cc GPa MJ/kg


# polymethyl methacrylate / acrylic / plexiglass
cbulk   040  1.189e+00 0.000e+00  2.229 0.000  0.000 1.028 0.000 1.189 0.0 0.0
8c1828  3,1  1.184e+00 2.784e+00  4.589 1.371  6.546 1.003 1.003 1.688 7.449 0.94
8c1845  3,1  1.186e+00 2.783e+00  3.702 0.718  5.943 1.001 1.005 1.471 3.152 0.258
8c1846  3,1  1.186e+00 2.783e+00  3.446 0.545  5.790 1.004 1.005 1.409 2.227 0.149
8c1847  3,1  1.186e+00 2.783e+00  4.050 0.980  6.181 1.007 1.003 1.565 4.707 0.48
8c1848  3,1  1.186e+00 2.783e+00  3.718 0.765  5.984 1.002 1.004 1.493 3.373 0.293
8c1907  3,2  1.189e+00 2.812e+00  6.324 2.477  7.520 1.004 1.001 1.955 18.625 3.068
8c1908  3,2  1.189e+00 2.812e+00  3.741 0.788  5.765 1.002 1.006 1.506 3.505 0.31
8c1909  3,2  1.189e+00 2.825e+00  4.704 1.462  6.434 1.004 1.007 1.725 8.177 1.069
8c1910  3,1  1.189e+00 2.784e+00  4.667 1.344  6.528 1.009 1.004 1.67 7.458 0.903
8c1911  3,1  1.189e+00 2.784e+00  6.241 2.367  7.546 1.006 1.001 1.915 17.564 2.801
8c1915  3,1  1.189e+00 2.784e+00  3.757 0.756  5.978 1.004 1.007 1.489 3.377 0.286
8c1917  3,2  1.189e+00 2.812e+00  5.303 1.866  6.856 1.002 1.001 1.835 11.766 1.741
8c1930  3,1  1.189e+00 2.786e+00  9.806 5.075 10.353 1.013 1.004 2.464 59.171 12.878
8c1939  3,2  1.189e+00 2.814e+00  6.324 2.387  7.434 1.014 1.006 1.91 17.948 2.849
8c1940  3,1  1.189e+00 2.784e+00  5.136 1.744  6.908 1.004 1.002 1.8 10.65 1.521
8c2725  3,1  1.186e+00 2.783e+00  8.916 4.531  9.756 1.010 1.012 2.411 47.912 10.265
8c2726  3,1  1.186e+00 2.783e+00  9.253 4.632  9.887 1.001 1.002 2.375 50.832 10.728
8c2727  3,1  1.186e+00 2.783e+00  9.280 4.750  9.996 1.008 1.005 2.43 52.279 11.281
8c2737  3,1  1.186e+00 2.783e+00  9.684 5.220 10.465 1.002 1.004 2.573 59.953 13.624
8c2724  3,1  1.185e+00 2.783e+00  8.146 4.025  9.214 1.004 1.008 2.342 38.853 8.1
8c2726  3,1  1.185e+00 2.783e+00  9.210 4.638  9.887 1.014 1.002 2.387 50.618 10.756
8c2737  3,1  1.185e+00 2.783e+00  9.676 5.222 10.465 1.010 1.004 2.574 59.876 13.635
8c2727  3,1  1.185e+00 2.783e+00  9.159 4.767  9.996 1.005 1.005 2.471 51.738 11.362
8c2737  3,1  1.185e+00 2.783e+00  9.671 5.223 10.465 1.014 1.004 2.576 59.856 13.64
8c2702  3,1  1.187e+00 2.793e+00  7.602 3.499  8.684 1.028 1.011 2.199 31.573 6.122
8c2710  3,1  1.187e+00 2.793e+00  8.471 4.120  9.334 1.006 1.007 2.311 41.427 8.487
8c2711  3,1  1.187e+00 2.793e+00  5.306 1.759  6.931 1.003 1.003 1.776 11.079 1.547
8c2724  3,1  1.185e+00 2.783e+00  8.147 4.025  9.214 1.011 1.008 2.342 38.858 8.1
8c2726  3,1  1.185e+00 2.783e+00  9.045 4.661  9.887 1.015 1.002 2.445 49.958 10.862
8c2727  3,1  1.185e+00 2.783e+00  9.190 4.763  9.996 1.009 1.005 2.46 51.87 11.343
8c2737  3,1  1.185e+00 2.783e+00  9.688 5.220 10.465 1.018 1.004 2.569 59.927 13.624
8c2716  3,1  1.187e+00 2.793e+00  4.683 1.368  6.548 1.003 1.007 1.677 7.604 0.936
8c2717  3,1  1.187e+00 2.793e+00  4.008 0.942  6.146 1.000 1.005 1.552 4.482 0.444
8c2717  3,1  1.187e+00 2.793e+00  4.029 0.941  6.146 1.000 1.005 1.549 4.5 0.443
8c2716  3,1  1.187e+00 2.793e+00  4.688 1.367  6.548 1.002 1.007 1.676 7.607 0.934
8c2631  310  1.187e+00 8.933e+00  3.350 0.470  4.328 1.004 1.010 1.381 1.869 0.11
8c2632  310  1.187e+00 8.933e+00  3.501 0.570  4.413 1.001 1.004 1.418 2.369 0.162
8c2633  310  1.187e+00 8.933e+00  4.070 0.967  4.754 1.004 1.008 1.557 4.672 0.468
8c2634  310  1.187e+00 8.933e+00  4.392 1.172  4.933 1.002 1.006 1.619 6.11 0.687
8c2635  310  1.187e+00 8.933e+00  5.181 1.689  5.392 1.007 1.002 1.761 10.387 1.426
8c2636  310  1.187e+00 8.933e+00  5.507 1.886  5.571 1.005 1.001 1.805 12.328 1.778
8c2637  310  1.187e+00 8.933e+00  6.790 2.765  6.375 1.002 1.003 2.002 22.285 3.823
8c2638  310  1.187e+00 8.933e+00  7.228 3.093  6.676 1.005 1.000 2.075 26.537 4.783
8c2639  310  1.187e+00 8.933e+00  7.440 3.402  6.950 1.004 1.007 2.187 30.044 5.787
8c2640  310  1.187e+00 8.933e+00  8.104 3.944  7.449 1.007 1.006 2.312 37.939 7.778
8c2642  310  1.187e+00 8.933e+00  5.275 1.732  5.432 1.003 1.007 1.767 10.845 1.5
8c2643  310  1.187e+00 8.932e+00  5.230 1.723  5.423 1.005 1.007 1.77 10.696 1.484
8c2645  310  1.187e+00 8.932e+00  6.621 2.641  6.260 1.010 1.001 1.975 20.756 3.487
8c2645  310  1.187e+00 8.932e+00  6.641 2.639  6.260 1.013 1.001 1.97 20.803 3.482
8c2647  310  1.189e+00 8.937e+00  8.463 4.274  7.752 1.006 1.018 2.402 43.007 9.134
8c2648  310  1.189e+00 8.937e+00  8.285 4.075  7.572 1.007 1.001 2.34 40.142 8.303
8c2687  310  1.187e+00 8.932e+00  6.938 2.871  6.473 1.010 1.001 2.025 23.644 4.121
8c2695  310  1.186e+00 8.933e+00  8.596 4.273  7.758 1.009 1.008 2.358 43.563 9.129
8c2698  310  1.188e+00 8.937e+00  9.191 4.666  8.131 1.008 1.009 2.413 50.948 10.886
8c2703  310  1.187e+00 8.937e+00  9.148 4.651  8.115 1.013 1.007 2.415 50.504 10.816
8c2646  310  1.187e+00 8.937e+00  9.195 4.774  8.222 1.005 1.018 2.469 52.106 11.396
8c2703  310  1.187e+00 8.937e+00  9.208 4.646  8.115 1.007 1.007 2.396 50.78 10.793
8c2705  310  1.187e+00 8.916e+00  8.196 3.913  7.430 1.011 1.003 2.271 38.068 7.656
8c2707  310  1.187e+00 8.937e+00  9.332 4.829  8.278 1.010 1.008 2.46 53.491 11.66
8c2685  310  1.186e+00 8.932e+00  7.520 3.470  7.012 1.007 1.009 2.202 30.948 6.02
8c2686  310  1.186e+00 8.932e+00  7.182 3.052  6.639 1.001 1.004 2.062 25.996 4.657
8c2695  310  1.186e+00 8.933e+00  8.537 4.277  7.758 1.011 1.008 2.377 43.304 9.146
8c2696  310  1.186e+00 8.933e+00  7.951 3.883  7.387 1.002 1.008 2.318 36.616 7.539
8c2703  310  1.187e+00 8.937e+00  9.048 4.659  8.115 1.010 1.007 2.447 50.038 10.853
8c2705  310  1.187e+00 8.916e+00  8.194 3.913  7.430 1.011 1.003 2.272 38.059 7.656
8c2706  310  1.187e+00 8.916e+00  7.757 3.581  7.121 1.012 1.005 2.205 32.972 6.412
8c2695  310  1.186e+00 8.933e+00  8.596 4.273  7.758 1.004 1.008 2.358 43.563 9.129
8c2703  310  1.187e+00 8.937e+00  9.344 4.635  8.115 1.005 1.007 2.355 51.408 10.742
8c2704  310  1.187e+00 8.916e+00  7.964 3.855  7.366 1.010 1.012 2.301 36.442 7.431
8c2707  310  1.187e+00 8.937e+00  9.358 4.827  8.278 1.007 1.008 2.452 53.618 11.65
8c2685  310  1.186e+00 8.932e+00  7.549 3.468  7.012 1.005 1.009 2.194 31.049 6.014
8c2695  310  1.186e+00 8.933e+00  8.562 4.275  7.758 1.011 1.008 2.369 43.411 9.138
8c2697  310  1.186e+00 8.933e+00  8.412 4.161  7.652 1.007 1.002 2.347 41.513 8.657
8c2698  310  1.187e+00 8.937e+00  9.192 4.666  8.131 1.007 1.009 2.411 50.91 10.886
8c2706  310  1.187e+00 8.916e+00  7.687 3.586  7.121 1.004 1.005 2.225 32.72 6.43
8c2658  310  1.184e+00 8.924e+00  7.235 3.090  6.674 1.006 1.004 2.067 26.47 4.774
8c2658  310  1.185e+00 8.924e+00  7.206 3.092  6.674 1.003 1.004 2.076 26.403 4.78
8c2659  310  1.185e+00 8.930e+00  5.291 1.774  5.468 1.002 1.001 1.783 11.123 1.574
8c2659  310  1.183e+00 8.930e+00  5.292 1.774  5.468 1.008 1.001 1.78 11.106 1.574
8c2685  310  1.187e+00 8.932e+00  7.526 3.469  7.012 1.005 1.009 2.202 30.99 6.017
8c2695  310  1.186e+00 8.933e+00  8.554 4.276  7.758 1.006 1.008 2.371 43.38 9.142
8c2699  310  1.186e+00 8.937e+00  9.101 4.613  8.079 1.013 1.018 2.405 49.792 10.64
8c2703  310  1.187e+00 8.937e+00  9.092 4.655  8.115 1.003 1.007 2.432 50.238 10.835
8c2704  310  1.187e+00 8.916e+00  7.860 3.863  7.366 1.007 1.012 2.334 36.041 7.461
8c2705  310  1.187e+00 8.916e+00  8.320 3.904  7.430 1.011 1.003 2.236 38.555 7.621
8c2706  310  1.187e+00 8.916e+00  7.677 3.587  7.121 1.003 1.005 2.228 32.687 6.433
8c2725  3,1  1.185e+00 2.783e+00  8.898 4.534  9.756 1.007 1.012 2.416 47.807 10.279
8c3125  3,1  1.187e+00 2.786e+00  4.453 1.210  6.399 1.002 1.012 1.63 6.396 0.732
8c3126  3,1  1.186e+00 2.786e+00  3.908  .917  6.121 1.006 1.013 1.55 4.25 0.42
8c3127  3,1  1.186e+00 2.786e+00  3.836  .841  6.053 1.002 1.013 1.519 3.826 0.354
8c3128  3,1  1.186e+00 2.786e+00  3.709  .706  5.933 1.000 1.014 1.465 3.106 0.249
8c3129  3,1  1.186e+00 2.783e+00  3.612  .700  5.925 1.002 1.008 1.471 2.999 0.245
8c3131  3,1  1.187e+00 2.783e+00  4.014  .966  6.167 1.001 1.007 1.563 4.603 0.467
8c3132  3,1  1.187e+00 2.783e+00  5.143 1.672  6.845 1.001 1.001 1.759 10.207 1.398
8c3133  3,1  1.187e+00 2.783e+00  4.701 1.419  6.595 1.000 1.010 1.7 7.918 1.007
8c3134  3,1  1.187e+00 2.783e+00  4.573 1.346  6.524 1.002 1.004 1.682 7.306 0.906
8c3135  3,1  1.187e+00 2.783e+00  4.519 1.267  6.452 1.001 1.010 1.649 6.796 0.803
8c3137  3,1  1.190e+00 2.783e+00  3.604  .719  5.941 1.006 1.009 1.487 3.084 0.258
8c3138  3,1  1.190e+00 2.783e+00  3.389  .531  5.776 1.004 1.006 1.411 2.141 0.141
8c3141  3,1  1.191e+00 2.783e+00  3.345  .376  5.645 1.000 1.000 1.342 1.498 0.071
8a-693  0,1  1.180e+00 2.785e+00  5.814 2.166  7.327 1.000 1.000 1.881 14.86 2.346
8a-694  0,1  1.180e+00 2.785e+00  5.049 1.629  6.799 1.000 1.000 1.742 9.705 1.327
8a-740  0,1  1.180e+00 2.785e+00  5.041 1.621  6.791 1.000 1.000 1.739 9.642 1.314
8a-741  0,1  1.180e+00 2.785e+00  4.260 1.133  6.321 1.000 1.000 1.608 5.695 0.642
8a-696  0,1  1.180e+00 2.785e+00  4.239 1.150  6.334 1.000 1.000 1.619 5.752 0.661
8a-696  0,1  1.182e+00 2.785e+00  4.284 1.148  6.335 1.000 1.000 1.615 5.813 0.659
8c2717  3,1  1.187e+00 2.793e+00  4.053 0.939  6.146 1.000 1.005 1.545 4.517 0.441
8c2717  3,1  1.187e+00 2.793e+00  4.039 0.940  6.146 1.010 1.005 1.547 4.507 0.442
8c2716  3,1  1.187e+00 2.793e+00  4.684 1.368  6.548 1.000 1.007 1.677 7.606 0.936
8c2716  3,1  1.187e+00 2.793e+00  4.677 1.368  6.548 1.005 1.007 1.678 7.595 0.936
8c2643  310  1.187e+00 8.932e+00  5.198 1.725  5.423 1.003 1.007 1.777 10.643 1.488
8c2642  310  1.187e+00 8.933e+00  5.232 1.734  5.432 1.006 1.007 1.775 10.769 1.503
8c1917  3,2  1.189e+00 2.812e+00  5.303 1.866  6.856 1.002 1.001 1.835 11.766 1.741
8c1433  3,1  1.186e+00 2.784e+00  6.695 2.643  7.831 1.008 1.002 1.96 20.986 3.493
8c1422  3,1  1.186e+00 2.784e+00  6.834 2.790  7.975 1.002 1.001 2.004 22.613 3.892
8c1430  3,1  1.186e+00 2.784e+00  6.822 2.834  8.013 1.005 1.007 2.029 22.93 4.016
8c2687  310  1.186e+00 8.932e+00  6.956 2.871  6.473 1.008 1.001 2.02 23.685 4.121
8c2687  310  1.186e+00 8.932e+00  6.971 2.870  6.473 1.010 1.001 2.016 23.728 4.118
8c2687  310  1.186e+00 8.932e+00  6.928 2.872  6.473 1.010 1.001 2.026 23.598 4.124
8c2687  310  1.187e+00 8.932e+00  6.932 2.872  6.473 1.008 1.001 2.027 23.632 4.124
8c2686  310  1.187e+00 8.932e+00  7.136 3.055  6.639 1.006 1.004 2.076 25.877 4.667
8c2686  310  1.186e+00 8.932e+00  7.242 3.049  6.639 1.007 1.004 2.048 26.188 4.648
8c2686  310  1.186e+00 8.932e+00  7.143 3.055  6.639 1.004 1.004 2.072 25.881 4.667
8c2686  310  1.187e+00 8.932e+00  7.176 3.052  6.639 1.007 1.004 2.065 25.997 4.657
8c2688  310  1.187e+00 8.932e+00  7.281 3.215  6.783 1.013 1.001 2.126 27.786 5.168
8c2688  310  1.186e+00 8.932e+00  7.244 3.218  6.783 1.007 1.001 2.134 27.647 5.178
8c2688  310  1.186e+00 8.932e+00  7.325 3.212  6.783 1.002 1.001 2.112 27.904 5.158
8c2688  310  1.186e+00 8.932e+00  7.288 3.215  6.783 1.007 1.001 2.122 27.789 5.168
8c2688  310  1.187e+00 8.932e+00  7.279 3.215  6.783 1.005 1.001 2.126 27.778 5.168
8c2685  310  1.187e+00 8.932e+00  7.548 3.468  7.012 1.009 1.009 2.196 31.071 6.014
8c2685  310  1.186e+00 8.932e+00  7.593 3.465  7.012 1.008 1.009 2.182 31.203 6.003
8c2706  310  1.187e+00 8.916e+00  7.765 3.580  7.121 1.014 1.005 2.202 32.997 6.408
8c2706  310  1.187e+00 8.916e+00  7.765 3.580  7.121 1.010 1.005 2.202 32.997 6.408
8c2706  310  1.187e+00 8.916e+00  7.723 3.583  7.121 1.005 1.005 2.214 32.846 6.419
8c2704  310  1.187e+00 8.916e+00  8.115 3.844  7.366 1.015 1.012 2.255 37.027 7.388
8c2704  310  1.187e+00 8.916e+00  8.098 3.845  7.366 1.008 1.012 2.26 36.959 7.392
8c2704  310  1.187e+00 8.916e+00  8.069 3.847  7.366 1.009 1.012 2.269 36.846 7.4
8c2704  310  1.187e+00 8.916e+00  8.012 3.852  7.366 1.019 1.012 2.286 36.633 7.419
8c2705  310  1.187e+00 8.916e+00  8.342 3.903  7.430 1.006 1.003 2.231 38.647 7.617
8c2705  310  1.187e+00 8.916e+00  7.920 3.934  7.430 1.016 1.003 2.359 36.984 7.738
8c2705  310  1.187e+00 8.916e+00  8.212 3.912  7.430 1.013 1.003 2.267 38.133 7.652
8c2696  310  1.186e+00 8.933e+00  7.911 3.886  7.387 1.025 1.008 2.331 36.46 7.55
8c2696  310  1.186e+00 8.933e+00  7.918 3.885  7.387 1.007 1.008 2.328 36.483 7.547
8c2696  310  1.186e+00 8.933e+00  8.038 3.876  7.387 1.010 1.008 2.291 36.95 7.512
8c2696  310  1.186e+00 8.933e+00  8.041 3.876  7.387 1.020 1.008 2.29 36.964 7.512
8c2724  3,1  1.186e+00 2.783e+00  8.274 4.008  9.214 1.015 1.008 2.3 39.33 8.032
8c2724  3,1  1.185e+00 2.783e+00  8.212 4.017  9.214 1.009 1.008 2.32 39.09 8.068
8c2648  310  1.187e+00 8.937e+00  8.426 4.065  7.572 1.016 1.001 2.293 40.657 8.262
8c2697  310  1.186e+00 8.933e+00  8.201 4.177  7.652 1.020 1.002 2.417 40.627 8.724
8c2647  310  1.187e+00 8.937e+00  8.649 4.261  7.752 1.002 1.018 2.34 43.745 9.078
8c2697  310  1.186e+00 8.933e+00  8.208 4.177  7.652 1.018 1.002 2.415 40.662 8.724
8c2697  310  1.186e+00 8.933e+00  8.324 4.168  7.652 1.012 1.002 2.375 41.148 8.686
8c2697  310  1.186e+00 8.933e+00  8.269 4.172  7.652 1.013 1.002 2.394 40.915 8.703
8c2725  3,1  1.185e+00 2.783e+00  8.984 4.523  9.756 1.014 1.012 2.386 48.152 10.229
8c2725  3,1  1.185e+00 2.783e+00  8.951 4.527  9.756 1.006 1.012 2.398 48.018 10.247
8c2699  310  1.188e+00 8.937e+00  8.960 4.624  8.079 1.029 1.018 2.455 49.22 10.691
8c2699  310  1.188e+00 8.937e+00  9.343 4.593  8.079 1.012 1.018 2.337 50.98 10.548
8c2699  310  1.187e+00 8.937e+00  9.303 4.596  8.079 1.008 1.018 2.346 50.752 10.562
8c2699  310  1.185e+00 8.937e+00  8.985 4.624  8.079 1.005 1.018 2.441 49.233 10.691
8c2726  3,1  1.185e+00 2.783e+00  9.322 4.623  9.887 1.008 1.002 2.351 51.068 10.686
8c2698  310  1.188e+00 8.937e+00  9.331 4.654  8.131 1.010 1.009 2.37 51.591 10.83
8c2698  310  1.185e+00 8.937e+00  9.223 4.665  8.131 1.009 1.009 2.398 50.985 10.881
8c2698  310  1.185e+00 8.937e+00  9.281 4.660  8.131 1.005 1.009 2.38 51.251 10.858
8c2707  310  1.187e+00 8.937e+00  9.447 4.820  8.278 1.008 1.008 2.424 54.049 11.616
8c2707  310  1.187e+00 8.937e+00  9.153 4.844  8.278 1.008 1.008 2.521 52.628 11.732
8c2707  310  1.187e+00 8.937e+00  9.479 4.817  8.278 1.026 1.008 2.413 54.199 11.602
8c2727  3,1  1.185e+00 2.783e+00  9.353 4.741  9.996 1.009 1.005 2.403 52.546 11.239
8c1417  3,1  1.186e+00 2.784e+00  4.782 1.337  6.528 1.002 1.004 1.646 7.583 0.894
8c1417  3,1  1.186e+00 2.784e+00  4.784 1.337  6.528 1.002 1.004 1.646 7.586 0.894
8c1418  3,1  1.186e+00 2.784e+00  5.330 1.693  6.876 1.001 1.003 1.738 10.702 1.433
8c1418  3,1  1.186e+00 2.784e+00  5.328 1.693  6.876 1.007 1.003 1.738 10.698 1.433
8c1422  3,1  1.186e+00 2.784e+00  6.841 2.789  7.975 1.002 1.001 2.002 22.628 3.889
8c1423  3,1  1.186e+00 2.784e+00  8.772 4.346  9.574 1.006 1.005 2.351 45.214 9.444
8c1423  3,1  1.186e+00 2.784e+00  8.760 4.348  9.574 1.002 1.005 2.355 45.173 9.453
8c1426  3,1  1.186e+00 2.784e+00  4.658 1.357  6.538 1.007 1.006 1.674 7.497 0.921
8c1428  3,1  1.186e+00 2.784e+00  5.515 1.895  7.067 1.009 1.008 1.807 12.395 1.796
8c1429  3,1  1.186e+00 2.784e+00  6.325 2.403  7.584 1.002 1.000 1.913 18.026 2.887
8c1430  3,1  1.186e+00 2.784e+00  6.832 2.833  8.013 1.007 1.007 2.026 22.955 4.013
8c1431  3,1  1.186e+00 2.784e+00  6.442 2.474  7.657 1.007 1.013 1.925 18.902 3.06
8c1433  3,1  1.186e+00 2.784e+00  6.693 2.643  7.831 1.004 1.002 1.96 20.98 3.493
8c1443  3,1  1.186e+00 2.784e+00  6.239 2.377  7.553 1.010 1.010 1.916 17.589 2.825
8c1444  3,1  1.186e+00 2.784e+00  5.303 1.783  6.953 1.002 1.003 1.787 11.214 1.59
8c1447  3,1  1.186e+00 2.782e+00  4.039 0.970  6.172 1.003 1.004 1.561 4.647 0.47
8c1465  3,1  1.186e+00 2.782e+00  6.194 2.416  7.585 1.016 1.002 1.944 17.748 2.919


# lucite
cbulk   040  1.184e+00 0.000e+00  2.172 0.000  0.000 1.005 0.000 1.184 0.0 0.0
8a-391  0,1  1.180e+00 2.785e+00  4.649 1.283  6.472 1.000 1.000 1.63 7.038 0.823
8a-391  0,1  1.180e+00 2.785e+00  4.639 1.284  6.472 1.000 1.000 1.632 7.029 0.824
8a-413  0,1  1.180e+00 2.785e+00  6.182 2.188  7.377 1.000 1.000 1.826 15.961 2.394
8a-516  0,1  1.180e+00 2.785e+00  6.005 2.097  7.282 1.000 1.000 1.813 14.859 2.199
8a-517  0,1  1.180e+00 2.785e+00  5.200 1.637  6.815 1.000 1.000 1.722 10.045 1.34
8a-519  0,1  1.180e+00 2.785e+00  4.663 1.249  6.443 1.000 1.000 1.612 6.872 0.78
8c1930  3,1  1.186e+00 2.786e+00  9.742 5.087 10.353 1.008 1.004 2.482 58.775 12.939
8c1933  3,1  1.186e+00 2.784e+00  9.558 4.663  9.951 1.015 1.007 2.316 52.859 10.872
