# full density
#ρ0	D	U	ρ	σ	p	e	Ref
#g/cc	km/s	km/s	g/cc	-	GPa	kJ/g	-
1.18	4.24	1.04	1.56	1.32	5.20	0.54	48
1.18	4.61	1.10	1.55	1.31	5.98	0.61	3
1.18	5.29	1.66	1.72	1.46	10.36	1.38	11
1.18	5.88	2.13	1.85	1.57	14.78	2.27	11
1.18	5.96	2.29	1.91	1.62	16.11	2.62	48
1.18	6.42	2.44	1.90	1.61	18.48	2.98	48
1.18	6.60	2.73	2.02	1.71	21.26	3.73	48
1.18	8.02	3.76	2.22	1.88	35.58	7.07	48
1.18	8.44	4.08	2.29	1.94	40.63	8.32	120
1.18	8.96	4.52	2.38	2.02	47.79	10.22	48
1.18	9.72	4.97	2.42	2.05	57.00	12.35	48
1.18	9.89	5.16	2.47	2.09	60.22	13.31	48
1.18	10.31	5.45	2.50	2.12	66.30	14.85	48
1.18	10.45	5.70	2.60	2.20	70.29	16.25	48
1.18	10.68	5.75	2.56	2.17	72.46	16.53	48
1.18	12.52	7.18	2.76	2.34	106.1	25.78	48
1.18	16.50	10.20	3.09	2.62	198.6	52.02	121
1.18	25.19	16.96	3.61	3.06	504.1	143.8	22


# porous
#ρ00	k	D	U	ρ	σ	P	E	Ref
#g/cc	-	km/s	km/s	g/cc	-	GPa	kJ/g	-
0.11	10.73	2.33	1.79	0.47	0.40	0.46	1.60	14
0.11	10.73	2.74	2.22	0.58	0.49	0.67	2.46	14
0.11	10.73	3.42	2.85	0.66	0.56	1.07	4.06	14
0.11	10.73	4.63	4.04	0.86	0.73	2.06	8.16	14
0.11	10.73	5.99	5.18	0.81	0.69	3.41	13.42	14
0.11	10.73	6.46	5.58	0.80	0.68	3.97	15.57	14
0.11	10.73	7.39	6.26	0.72	0.61	5.09	19.59	14
0.11	10.73	8.30	6.98	0.70	0.59	6.37	24.36	14
0.11	10.73	9.04	7.63	0.71	0.60	7.59	29.11	14
0.05	23.60	2.33	1.88	0.26	0.22	0.22	1.77	14
0.05	23.60	3.39	2.90	0.34	0.29	0.49	4.21	14
0.05	23.60	3.85	3.46	0.50	0.42	0.67	5.99	14
0.05	23.60	5.85	5.30	0.53	0.45	1.55	14.04	14
0.05	23.60	6.05	5.49	0.54	0.46	1.66	15.07	14
0.05	23.60	7.67	6.86	0.47	0.40	2.63	23.53	14
0.05	23.60	8.28	7.40	0.47	0.40	3.06	27.38	14
0.05	23.60	9.19	8.24	0.48	0.41	3.79	33.95	14
0.02	59.0	2.67	2.26	0.13	0.11	0.12	2.55	14
0.02	59.0	5.80	5.37	0.27	0.23	0.62	14.42	14
0.02	59.0	8.30	7.75	0.31	0.26	1.29	30.03	14
0.02	59.0	9.35	8.64	0.26	0.22	1.62	37.32	14
0.02	59.0	10.10	9.32	0.26	0.22	1.88	43.43	14


# double shock
#ρ0	ρ1	U1	p1	ρ2	D2	ΔU	p2	Ref
#g/cc	g/cc	km/s	GPa	km/s	km/s	km/s	GPa	-
1.18	1.915	2.450	18.40	2.61	9.62	2.54	63.30	7
1.18	2.280	4.08	40.60	2.37	12.98	0.51	55.70	120
1.18	2.280	4.08	40.60	2.55	11.31	1.21	71.80	120
1.18	2.280	4.08	40.60	2.82	11.98	2.31	103.70	120


# release from Hugoniot
#ρ0	p	U	barrier			D	Ref
#g/cc	GPa	km/s	-			km/s	-
1.18	40.60	4.08	plexiglas		8.44	120
1.18	37.40	4.37	polyethene		9.31	120
1.18	24.80	4.67	plastic_foam:0.71g/cc	7.49	120
1.18	20.70	5.16	plastic_foam:0.53g/cc	7.56	120
1.18	14.50	5.64	plastic_foam:0.34g/cc	7.56	120
1.18	1.90	7.60	Ar:16atm		8.72	120
1.18	1.50	8.14	Ar:11atm		9.28	120
1.18	0.80	8.19	Ar:6atm			9.33	120
1.18	0.17	9.27	Ar:1atm			10.30	120


# sound speed on Hugoniot
#ρ0	D	p	ρ	σ	c	Ref
#g/cc	km/s	GPa	g/cc	-	km/s	-
1.18	5.29	10.36	1.72	1.46	6.57	11
1.18	5.88	14.78	1.85	1.57	7.56	11
