#rho T p e s c^2 cv gamma alpha
7.28729 0.0 -0.8298281686634373 -0.052684758370997044 NaN 6.920810811823299 6.399052306196646E-5 2.1924652696187485 2.781796474761174E-6
7.28729 29.012125 -0.800166609544704 -0.05082825731710789 NaN 6.917336149691414 1.1343833221670167E-4 2.1850983791955385 4.917290818859519E-6
7.28729 72.53031250000001 -0.7215584407209741 -0.045891626706014176 NaN 6.926045135901656 1.8842028762277853E-4 2.184430477507814 8.15482263033634E-6
7.28729 116.0485 -0.5910307239007604 -0.03769191730044217 NaN 6.957228258714207 1.9876160539113665E-4 2.1765924947486197 8.53310948905808E-6
7.28729 145.060625 -0.49956566552062 -0.031925420759633845 NaN 6.981290884790497 2.0473512222107568E-4 2.173774998508749 8.747927094001633E-6
7.28729 185.6776 -0.36783691576530547 -0.023609699418758463 NaN 7.018191371998914 2.0783486669463883E-4 2.1668882187283693 8.805695356542386E-6
7.28729 217.5909375 -0.263101588647797 -0.01697699517366495 NaN 7.047968944744867 2.0894456537575288E-4 2.1646702522085817 8.806286166630164E-6
7.28729 232.097 -0.21528942187718933 -0.01394603224928894 NaN 7.061741333749717 2.1037585578188059E-4 2.1611353220127616 8.83486665032988E-6
7.28729 261.109125 -0.11916727770038515 -0.007842581624363049 NaN 7.089553105232305 2.116128231488804E-4 2.1558893625478848 8.83046427976118E-6
7.28729 298.1518062 0.003983431610150773 -3.875278627089851E-6 NaN 7.125230623056607 2.1248211820579468E-4 2.15202392960205 8.806523631225875E-6
7.28729 319.133375 0.07389893574209966 0.0044543329032775214 NaN 7.145522649309297 2.130057550600162E-4 2.149717787628581 8.79372205369011E-6
7.28729 330.012921875 0.11020253194144483 0.00677173900009774 NaN 7.156066469269512 2.132819499146453E-4 2.148273595945524 8.786244300676272E-6
7.28729 340.89246875 0.1465287807890662 0.009092149971785517 NaN 7.166616292803669 2.1351927592843466E-4 2.1469452493817176 8.777641759280797E-6
7.28729 351.772015625 0.18287296439777884 0.011415142942964985 NaN 7.177162912832254 2.1380624004232015E-4 2.1454591554866522 8.770447841221275E-6
7.28729 362.6515625 0.2192408027146509 0.013741257953672913 NaN 7.187716354610638 2.1409152418453743E-4 2.1440142288673028 8.763349934887234E-6
7.28729 373.531109375 0.25563264131900176 0.016070476726578787 NaN 7.198279339165262 2.143524454831626E-4 2.1426881849865618 8.755736207561766E-6
7.28729 384.41065625 0.2920462967173306 0.01840253420498373 NaN 7.2088500257771395 2.1459170148821024E-4 2.1414683318046444 8.747672925535423E-6
7.28729 395.2902031250001 0.3284798425386335 0.020737194680310746 NaN 7.219426908660464 2.148116264183087E-4 2.1403436259055684 8.739216740533179E-6
7.28729 406.1697500000001 0.3649315727620952 0.023074247839223717 NaN 7.229999134153633 2.150444140273003E-4 2.139112366838612 8.730868885504647E-6
7.28729 417.049296875 0.40140181305773115 0.025413833621840617 NaN 7.240568666028461 2.1529155864211813E-4 2.1378152175616076 8.722850652612949E-6
7.28729 427.9288437500001 0.4378918267687388 0.02775610822587938 NaN 7.251148421533208 2.155240353048282E-4 2.136657145573323 8.714805563608285E-6
7.28729 438.808390625 0.4744014549328367 0.030100912070667393 NaN 7.261738433599682 2.157429823687401E-4 2.1356262990777632 8.706734148468013E-6
7.28729 449.6879375000001 0.5109305403418896 0.03244809796030042 NaN 7.272338606577917 2.1594942984303871E-4 2.1347120164142344 8.698637082345351E-6
7.28729 460.567484375 0.5474789275170817 0.03479752990490726 NaN 7.28294212590395 2.1615256039200778E-4 2.133816717903442 8.69049644102773E-6
7.28729 471.4470312500001 0.5840463507293561 0.037149171817843406 NaN 7.293533170825334 2.1637246204774964E-4 2.1327455649230598 8.682344604981858E-6
7.28729 482.326578125 0.6206326004878862 0.039503206161151036 NaN 7.304133618920321 2.1658568229367432E-4 2.1317699294759307 8.674317478783379E-6
7.28729 493.2061250000001 0.6572381504292293 0.04185956024411894 NaN 7.314746288976087 2.167906307126487E-4 2.130908447877963 8.666424940726243E-6
7.28729 504.0856718750002 0.6938635322111655 0.04421814407301803 NaN 7.325372082487509 2.169877297819685E-4 2.1301576979560033 8.658670043145953E-6
7.28729 514.9652187500002 0.7305092972280514 0.04657887225048079 NaN 7.386121413983332 5.104815963045292E-4 2.629389353318539 2.4937475976885336E-5
7.28729 525.844765625 0.8369265027274907 0.052132680706300664 NaN 0.31453239812091677 0.0019141364303361847 2.7101024501547655 0.0022632220143086836
7.28729 536.7243125000003 1.2482044831254961 0.07295761772528894 NaN 0.4128875161635551 0.002282339837480844 2.4240425508087484 0.0018387502511916381
7.28729 547.6038593750001 1.6868335523549844 0.09778844097184106 NaN 0.5189855831968214 0.0016800193667528788 2.244474347337758 9.970285342488184E-4
7.28729 558.4834062500001 1.985788534021972 0.11606629042333694 NaN 6.954116965725099 2.1586446915123684E-4 2.906361112617006 1.2380058429062827E-5
7.28729 569.3629531250001 2.0355287422100576 0.1184147980341148 NaN 6.982635073449627 2.1533009499900813E-4 2.9024771447769444 1.2282538732417638E-5
7.28729 580.2425000000002 2.085079511460538 0.12075749189625473 NaN 7.007513206116581 2.143270759072708E-4 2.8803155219917533 1.208890949078098E-5
7.28729 603.4522 2.1894920568981453 0.12573195902993967 NaN 7.062144215141426 2.134121215756054E-4 2.8624117416706065 1.1869940806682267E-5
7.28729 626.6619 2.292812620770139 0.130685190348073 NaN 7.117267321551392 2.125101766526203E-4 2.8448664935593806 1.16563422816568E-5
7.28729 649.8716 2.3950658900372916 0.1356174877951273 NaN 7.170139009464764 2.1158032090476143E-4 2.826767559697287 1.1446474414419506E-5
7.28729 673.0812999999999 2.496224056711238 0.14052820356923054 NaN 7.22186205923251 2.108146066539811E-4 2.8105724225905293 1.1258492357666295E-5
7.28729 696.2909999999999 2.596438670884995 0.14542114734528747 NaN 7.272691208388377 2.1006943050428078E-4 2.7946450765139477 1.1077157145790742E-5
7.28729 719.5007 2.6957331490073506 0.15029679580646269 NaN 7.32259998235449 2.0935192120562646E-4 2.778837987394225 1.0902066201602231E-5
7.28729 742.7104 2.7941287669686528 0.15515579109206892 NaN 7.372037298664885 2.0873450038459595E-4 2.7642571913613487 1.0740366671382241E-5
7.28729 765.9201 2.891719429091271 0.16000045622564527 NaN 7.420436897207755 2.0808681553348776E-4 2.749208203278163 1.0579293506393241E-5
7.28729 789.1298 2.988477627818434 0.16483008878813285 NaN 7.4683537870994785 2.0753097361840873E-4 2.735115197538096 1.0429598991105419E-5
7.28729 812.3395000000002 3.0844826883816334 0.16964682042652407 NaN 7.5155517169688935 2.0698896299376054E-4 2.721212609950617 1.0284489594613918E-5
7.28729 835.5492000000002 3.179750292490511 0.17445097216092034 NaN 7.561988904152354 2.0646698464997317E-4 2.70736164802833 1.0143662691313148E-5
7.28729 858.7589000000002 3.27429396480136 0.17924300893455083 NaN 7.608012028778566 2.0601588837179942E-4 2.6942994704725582 1.0011734815513044E-5
7.28729 881.9686000000002 3.3681759275926333 0.1840245758988938 NaN 7.653185298721145 2.0554312954458557E-4 2.680935575502201 9.880548654946377E-6
7.28729 905.1783000000001 3.4613778611254786 0.18879517027268475 NaN 7.69792137764386 2.0513714267438783E-4 2.668176956762155 9.757069696608216E-6
7.28729 928.3880000000001 3.5539530295519968 0.19355634181301448 NaN 7.7420486442805 2.0474079008044437E-4 2.6555546995510504 9.636907222338363E-6
7.28729 951.5977000000001 3.645912234132996 0.19830831412854458 NaN 7.785521935937203 2.0435972030154339E-4 2.64295257504718 9.519867075353228E-6
7.28729 974.8074000000001 3.7372646947138985 0.20305144192882732 NaN 7.828608036820049 2.0402895731536736E-4 2.6308703012611283 9.408938859845674E-6
7.28729 998.0171000000003 3.8280523559065323 0.20778689281942983 NaN 7.870959791653163 2.0368033738248867E-4 2.6185611652775114 9.298611045693837E-6
7.28729 1021.2268 3.9182608448556233 0.21251425234597612 NaN 7.91297847450347 2.033993918156372E-4 2.6067966963506612 9.194979701790204E-6
7.28729 1044.4365 4.0079401824334875 0.21723509121019952 NaN 7.954466090921598 2.0311074518046337E-4 2.5951234583989105 9.09313911589548E-6
7.28729 1067.6462 4.097091240674217 0.2219492306726145 NaN 7.995227024934811 2.0281112175018644E-4 2.5831853890581993 8.991879740023962E-6
7.28729 1090.8559 4.185701278598357 0.2266564159650998 NaN 8.035568658630478 2.0256157310061452E-4 2.5715392408804654 8.895442321645745E-6
7.28729 1114.0656 4.273803284540829 0.2313578093082931 NaN 8.075561661123858 2.023515203775777E-4 2.5602517845443966 8.803398453650396E-6
7.28729 1137.2753 4.361427618338117 0.23605432739080062 NaN 8.115261053753938 2.0217304028115264E-4 2.549361300995094 8.715375100379741E-6
7.28729 1160.485 4.4486022680124915 0.24074670300381407 NaN 8.154346666611927 2.0195452248221722E-4 2.5382911760115316 8.626602751351465E-6
7.28729 1183.6947 4.535304564887695 0.24543400688426958 NaN 8.192681414279082 2.0172364761572267E-4 2.526851587150319 8.537769537095889E-6
7.28729 1206.904400000001 4.621517439675211 0.25011595222833644 NaN 8.230643531878918 2.0154510052743763E-4 2.515667698586539 8.453288145142873E-6
7.28729 1230.1141 4.70727276488448 0.2547937535480479 NaN 8.268334872283136 2.0140415501591514E-4 2.5048525317459744 8.372718276317424E-6
7.28729 1253.323800000001 4.792599704321388 0.259468283564721 NaN 8.30582457014668 2.0129093134474912E-4 2.494464067046394 8.295692677691743E-6
7.28729 1276.5335 4.87752499485297 0.26414018569395303 NaN 8.342795650534109 2.01134654783543E-4 2.483981854945667 8.217839684621294E-6
7.28729 1299.743200000001 4.9620277566553534 0.26880846069108283 NaN 8.378997566660965 2.0097371021048476E-4 2.4730596016490183 8.139837150342992E-6
7.28729 1322.952900000001 5.0460916331469265 0.27347300021295506 NaN 8.414847749121828 2.0086576096061074E-4 2.4623296870765774 8.065657945625428E-6
7.28729 1346.162600000001 5.12974582254504 0.2781350342651226 NaN 8.45050523398564 2.0078976419189476E-4 2.451983255965631 7.994850407250688E-6
7.28729 1369.372300000001 5.213016989249878 0.28279530445508716 NaN 8.486055728183416 2.0073420625247332E-4 2.442099046143289 7.92707061277233E-6
7.28729 1392.582000000001 5.295929532863825 0.2874542851619452 NaN 8.521402524406257 2.006040019799807E-4 2.4325019660558214 7.858065771231479E-6
7.28729 1415.791700000001 5.3784626736562995 0.2921102438667 NaN 8.555716487596928 2.004866788716117E-4 2.4220712564038456 7.78843141489916E-6
7.28729 1439.001400000001 5.460593845082812 0.2967634795373064 NaN 8.589420946076984 2.0043226781017948E-4 2.4114210275572803 7.721661234528918E-6
7.28729 1462.211100000001 5.542341680842805 0.3014154523435003 NaN 8.622857517650324 2.004017779849708E-4 2.4009947281989508 7.657297385924191E-6
7.28729 1485.420800000001 5.623723680447089 0.30606671748999814 NaN 8.65613847761095 2.0038275589495246E-4 2.3909138219807278 7.595109152662734E-6
7.28729 1508.630500000001 5.704756294218714 0.3107175411394932 NaN 8.689312889266006 2.0037001706667425E-4 2.3812130770061737 7.534934918525229E-6
7.28729 1531.840200000001 5.785455000762329 0.31536806912460563 NaN 8.722406402385271 2.0036103996854578E-4 2.3718967407507066 7.47664370220571E-6
7.28729 1555.049900000001 5.865834377669259 0.32001838875396355 NaN 8.755265015792522 2.003478867517572E-4 2.362746485029299 7.419361677432882E-6
7.28729 1578.259600000001 5.94589841227156 0.32466840310110584 NaN 8.7870278280268 2.0030357136894755E-4 2.352697671749893 7.359473755334902E-6
7.28729 1601.469300000001 6.025604298538315 0.3293173889015077 NaN 8.818488144461197 2.0026819331835704E-4 2.3427711530482367 7.300988420469796E-6
7.28729 1624.679000000001 6.104959870735477 0.33396555358796876 NaN 8.849820331481444 2.0024707600631362E-4 2.3331623866349815 7.244537139737796E-6
7.28729 1647.888700000001 6.183981636419753 0.3386132281479525 NaN 8.881023018022752 2.0024001851946075E-4 2.3238457073328513 7.190003765937085E-6
7.28729 1671.098400000001 6.262685082023028 0.3432607389057836 NaN 8.912074944117863 2.002488214023361E-4 2.3147744413226405 7.137296921469228E-6
7.28729 1694.308100000001 6.34108475060601 0.34790845397588543 NaN 8.94292066731402 2.002786306905615E-4 2.305865701011769 7.086359680597246E-6
7.28729 1717.517800000001 6.419194312613789 0.35255686091062416 NaN 8.973433152899998 2.0034151040627222E-4 2.2969600405005735 7.037196839537952E-6
7.28729 1740.727500000001 6.4970266303572295 0.3572067272647006 NaN 9.003149749515057 2.003965052828651E-4 2.2875298160011464 6.987090692593945E-6
7.28729 1763.937200000001 6.57456068334949 0.36185787003336434 NaN 9.032405370480777 2.0041286684681223E-4 2.2779775953880352 6.935943964547323E-6
7.28729 1787.146900000001 6.651777275123354 0.36650939254901876 NaN 9.061626332078943 2.0043388681352937E-4 2.2687822403610567 6.886392305495653E-6
7.28729 1810.356600000001 6.728690238048377 0.3711614029317947 NaN 9.090790343106068 2.0046156557094373E-4 2.259898365790361 6.838365842676118E-6
7.28729 1833.566300000001 6.805312612395059 0.3758140557302267 NaN 9.11986140967576 2.0049914886971742E-4 2.2512685731380824 6.791810355406366E-6
7.28729 1856.776000000001 6.881656702233282 0.38046758082574816 NaN 9.14877757969344 2.0055224566216135E-4 2.242811076599557 6.746695344126093E-6
7.28729 1879.985700000001 6.957734126662925 0.38512233828189324 NaN 9.177422509362444 2.006314244326154E-4 2.2343911951130186 6.7030334850778875E-6
7.28729 1903.195400000001 7.033555866825154 0.3897789334535469 NaN 9.205519731733961 2.007424496829404E-4 2.225714593545741 6.660308211523059E-6
7.28729 1926.405100000001 7.10912497078093 0.39443810548795305 NaN 9.23293017474761 2.0080407054994765E-4 2.2166452228469296 6.615506455686253E-6
7.28729 1949.614800000001 7.1844092473032175 0.39909870772419614 NaN 9.260249409057579 2.0086007620746116E-4 2.207814925523198 6.5715459892052805E-6
7.28729 1972.824500000001 7.25941453268893 0.4037606098349485 NaN 9.287523392217027 2.0092492980949424E-4 2.199257661584486 6.528959363075237E-6
7.28729 1996.034200000001 7.334153229094749 0.40842401717834786 NaN 9.31472534440434 2.010006165788259E-4 2.190931350227331 6.487689447557247E-6
7.28729 2019.243900000001 7.408637014316349 0.4130891811889575 NaN 9.341821581251754 2.0108971792910852E-4 2.182789289966544 6.447688651336756E-6
7.28729 2042.453600000001 7.482876893911211 0.4177564132151767 NaN 9.368768763673463 2.011956429104995E-4 2.1747776610398986 6.408920170027585E-6
7.28729 2065.663300000001 7.556883248884564 0.42242610372843653 NaN 9.395509815319919 2.0132297334866052E-4 2.166831891737531 6.3713601007365995E-6
7.28729 2088.873000000001 7.630665879372913 0.4270987495429669 NaN 9.421585159951805 2.0143493166224066E-4 2.1585058665465415 6.3328323080119E-6
7.28729 2112.082700000001 7.704205874814659 0.431773993876368 NaN 9.447144233842351 2.0151875612103748E-4 2.149961347329951 6.293315827389786E-6
7.28729 2135.292400000001 7.777485241217983 0.4364511837503105 NaN 9.472649951899601 2.0160908447956657E-4 2.141644176885053 6.2548928236409345E-6
7.28729 2158.502100000001 7.850513844386357 0.4411304701183559 NaN 9.498091954402046 2.017066102499255E-4 2.133533104845842 6.217518617060036E-6
7.28729 2181.711800000001 7.923301058383278 0.44581202003027354 NaN 9.523458687204188 2.0181212233241313E-4 2.1256068711937175 6.181152236270913E-6
7.28729 2204.921500000001 7.9958557957924015 0.4504960188459721 NaN 9.548737192369732 2.019265212823605E-4 2.117843990603643 6.145756302102605E-6
7.28729 2228.131200000001 8.068186535770286 0.4551826728269794 NaN 9.57391285667686 2.0205083892548968E-4 2.1102225121852003 6.111296952736442E-6
7.28729 2251.340900000001 8.14030135007738 0.4598722121831883 NaN 9.598969108093074 2.0218626213700034E-4 2.10271974700474 6.077743813508442E-6
7.28729 2274.550600000001 8.212207927255205 0.46456489467150947 NaN 9.623887047563915 2.023341618332563E-4 2.0953119538716893 6.0450700164253245E-6
7.28729 2297.760300000001 8.28391359510198 0.46926100986741076 NaN 9.648644999862023 2.0249612853173198E-4 2.0879739713709724 6.013252276522809E-6
7.28729 2320.970000000001 8.35542534158474 0.4739608842617938 NaN 9.672726102352053 2.0263813785358062E-4 2.080249798747578 5.980282934872177E-6
7.28729 2344.179700000001 8.426722505427382 0.478664054649934 NaN 9.696224665696192 2.0275372817820942E-4 2.072240262513573 5.946209873552097E-6
7.28729 2367.389400000001 8.497785668756965 0.48336990785483175 NaN 9.719671297835838 2.02874537364162E-4 2.06441328240923 5.912981990775578E-6
7.28729 2390.599100000001 8.568622604594553 0.4880785650046927 NaN 9.743060601097673 2.0300088518405407E-4 2.0567559791626335 5.880567556804736E-6
7.28729 2413.808800000001 8.639240745459409 0.4927901546495491 NaN 9.766386849183352 2.0313311634906464E-4 2.0492558110896666 5.848936831216359E-6
7.28729 2437.018500000002 8.70964720181189 0.4975048133400762 NaN 9.789643955315167 2.0327160288617825E-4 2.041900520126694 5.8180619571898466E-6
7.28729 2460.228200000001 8.779848779310445 0.5022226862615833 NaN 9.812825436775498 2.034167467852528E-4 2.0346780784586658 5.787916866352573E-6
7.28729 2483.437900000001 8.84985199497077 0.506943927929445 NaN 9.835924375445344 2.0356898295102589E-4 2.02757663528178 5.758477193595441E-6
7.28729 2506.647600000001 8.919663092307708 0.5116687029530435 NaN 9.858933373864582 2.0372878250118513E-4 2.020584463218492 5.7297202013811295E-6
7.28729 2529.857300000002 8.989288055533871 0.5163971868762613 NaN 9.881844506281645 2.0389665645777536E-4 2.0136899038850316 5.701624713161088E-6
7.28729 2553.067000000001 9.058732622882808 0.5211295671036492 NaN 9.904649264060911 2.0407315988667777E-4 2.0068813120778692 5.67417105561278E-6
7.28729 2576.276700000001 9.128002299119062 0.525866043922671 NaN 9.92733849473451 2.0425889654877448E-4 2.0001469980116338 5.64734100951393E-6
7.28729 2599.486400000002 9.19710236729243 0.5306068316338993 NaN 9.947728568155823 2.0444660935729222E-4 1.9917527917817328 5.617270883891796E-6
7.28729 2622.696100000002 9.265975672746373 0.5353519761030993 NaN 9.95955270286144 2.0459603736148232E-4 1.9768163648760135 5.572597282277406E-6
7.28729 2645.905800000001 9.334382449172164 0.5401005887514478 NaN 9.977001136273875 2.0474341187611754E-4 1.9666137648182158 5.538127325947104E-6
7.28729 2669.115500000002 9.40248518996766 0.5448526219180693 NaN 9.998482883117692 2.048964470947461E-4 1.9597900094718885 5.511169991493207E-6
7.28729 2692.325200000002 9.470402354599026 0.5496082069862042 NaN 10.022074639363765 2.050554372582352E-4 1.9547647441986404 5.488353821108312E-6
7.28729 2715.534900000002 9.538197932460047 0.5543674821683365 NaN 10.046849139285452 2.052206960171524E-4 1.950771000203979 5.468037863956079E-6
7.28729 2738.744600000001 9.605909524760717 0.5591305929566857 NaN 10.072313356847497 2.0539255799195965E-4 1.947398857654567 5.449345366839753E-6
7.28729 2761.954300000002 9.673560676440985 0.5638976926099118 NaN 10.098184277582012 2.0557138048201144E-4 1.9444122020127326 5.431773421312398E-6
7.28729 2785.164000000002 9.741166883287335 0.5686689426794852 NaN 10.124288825824328 2.0575754533958378E-4 1.9416664952879892 5.415017043324125E-6
7.28729 2808.373700000002 9.808738760864818 0.5734445135795533 NaN 10.150515168123244 2.0595146102754368E-4 1.9390685613365206 5.398882864520591E-6
7.28729 2831.583400000002 9.876283825561686 0.5782245852045643 NaN 10.176787316843225 2.0615356488163823E-4 1.9365555154745229 5.3832438081434985E-6
7.28729 2854.793100000002 9.943807548678864 0.5830093475993977 NaN 10.203051107437782 2.0636432560077513E-4 1.93408308102095 5.368013922567959E-6
7.28729 2878.002800000002 10.0113140076915 0.587799001687294 NaN 10.229266073486773 2.065842459925189E-4 1.9316187945573902 5.353133741579442E-6
7.28729 2901.212500000002 10.07880630353281 0.5925937600615065 NaN 10.255523052969618 2.0678225341979247E-4 1.929226470874954 5.33792672777326E-6
7.28729 2924.422200000002 10.14627961976248 0.5973931141287039 NaN 10.281776405281915 2.0695439159715062E-4 1.9268757937229615 5.322236385083656E-6
7.28729 2947.631900000002 10.213726823209885 0.6021964634713564 NaN 10.307873325568696 2.0712921406117456E-4 1.9244594534948711 5.306583435708234E-6
7.28729 2970.841600000002 10.281146350375634 0.6070038703909519 NaN 10.33380558296105 2.0730677698174943E-4 1.9219735563986375 5.290961098488763E-6
7.28729 2994.051300000002 10.348536510375906 0.6118153984926652 NaN 10.359564230088955 2.0748713800758598E-4 1.9194138389241207 5.2753619411098104E-6
7.28729 3017.261000000002 10.41589547169701 0.6166311127196799 NaN 10.38513951808616 2.076703563131503E-4 1.9167756217869902 5.259777793022E-6
7.28729 3040.470700000002 10.483221247261877 0.6214510793886012 NaN 10.410520799142752 2.078564926475113E-4 1.9140537569150071 5.2441996448731915E-6
7.28729 3063.680400000002 10.550511677551853 0.6262753662260022 NaN 10.435696414455645 2.0804560938492562E-4 1.911242566251512 5.22861753201515E-6
7.28729 3086.890100000002 10.617764411481826 0.6311040424061435 NaN 10.460653564979395 2.0823777057732724E-4 1.9083357708894877 5.213020399134382E-6
7.28729 3110.099800000002 10.684976884671693 0.635937178589912 NaN 10.485378161852033 2.0843304200895743E-4 1.90532640874506 5.197395942441768E-6
7.28729 3133.309500000002 10.752146294691023 0.6407748469650274 NaN 10.509854652727865 2.0863149125282477E-4 1.902206738597624 5.181730425059719E-6
7.28729 3156.519200000003 10.819269572773138 0.6456171212875582 NaN 10.534065819409564 2.0883318772954896E-4 1.898968127841701 5.166008460291476E-6
7.28729 3179.728900000002 10.88634335139675 0.6504640769248046 NaN 10.557992541166954 2.090382027683816E-4 1.8956009207015327 5.150212756215787E-6
7.28729 3202.938600000002 10.953363927012921 0.6553157908995979 NaN 10.581613516868181 2.0924660967062885E-4 1.892094282924151 5.134323813550366E-6
7.28729 3226.148300000002 11.020327217047393 0.6601723419360703 NaN 10.604904937423996 2.0945848377549299E-4 1.8884360179991795 5.118319566717672E-6
7.28729 3249.358000000003 11.08722871012512 0.6650338105069545 NaN 10.627840098029122 2.096739025286323E-4 1.8846123487807434 5.102174955626995E-6
7.28729 3272.567700000002 11.154063408236642 0.6699002788824732 NaN 10.650388937083287 2.0989294555315993E-4 1.880607656833665 5.085861412423469E-6
7.28729 3295.777400000002 11.220825759281473 0.6747718311808784 NaN 10.672517485374152 2.1011569472384473E-4 1.8764041698782976 5.06934624339712E-6
7.28729 3318.987100000002 11.287509578066699 0.6796485534207104 NaN 10.694187204789001 2.1034223424388639E-4 1.8719815851429085 5.052591880802836E-6
7.28729 3342.196800000003 11.354107953386922 0.6845305335748408 NaN 10.715354190277251 2.105726507250986E-4 1.8673166131353942 5.035554972382257E-6
7.28729 3365.406500000002 11.420613138237103 0.689417861626375 NaN 10.73596820148748 2.108070332710003E-4 1.862382421979727 5.018185267020041E-6
7.28729 3388.616200000003 11.487016419473129 0.6943106296264852 NaN 10.755971480876262 2.1104547356375146E-4 1.8571479567212184 5.00042424267396E-6
7.28729 3411.825900000002 11.553307962285073 0.6992089317542576 NaN 10.775297302298744 2.1128806595401044E-4 1.8515771003266315 4.982203406048185E-6
7.28729 3435.035600000003 11.619476623612735 0.7041128643786305 NaN 10.793868176924859 2.115349075551584E-4 1.84562763280049 4.963442171066188E-6
7.28729 3458.245300000002 11.685509727015065 0.7090225261225133 NaN 10.811593620083691 2.1178609834080986E-4 1.8392499308455568 4.94404519236735E-6
7.28729 3481.455000000003 11.751392789366676 0.7139380179291742 NaN 10.83002690685508 2.120139454235358E-4 1.8334144574820537 4.925263740971202E-6
7.28729 3504.664700000002 11.817137475957638 0.7188587979982707 NaN 10.849813650985375 2.122178558200017E-4 1.8285126475883173 4.907853144373116E-6
7.28729 3527.874400000002 11.882769450557301 0.7237843107664961 NaN 10.869637512122152 2.124241351892195E-4 1.8237198480746475 4.890810879249545E-6
7.28729 3551.084100000002 11.948293022316637 0.7287146112169973 NaN 10.889492910885005 2.1263282040907963E-4 1.8190295554193583 4.874121445512079E-6
7.28729 3574.293800000002 12.013712283489857 0.733649755188846 NaN 10.909374563723027 2.1284394907867903E-4 1.8144356560155233 4.8577702857494175E-6
7.28729 3597.503500000002 12.079031122911477 0.7385897993937774 NaN 10.929277460034113 2.1305755953522344E-4 1.809932397171403 4.84174371743146E-6
7.28729 3620.713200000002 12.144253238480749 0.7435348014333221 NaN 10.949196841199843 2.1327369087169152E-4 1.805514360571823 4.82602887076273E-6
7.28729 3643.922900000002 12.209382148737868 0.7484848198163467 NaN 10.969128181346456 2.1349238295465024E-4 1.801176437962401 4.810613631640548E-6
7.28729 3667.132600000002 12.274421203608 0.7534399139770094 NaN 10.989067169680894 2.1371367644280588E-4 1.7969138088459824 4.79548658925301E-6
7.28729 3690.342300000002 12.339373594382156 0.758400144293144 NaN 11.009009694239163 2.1393761280588818E-4 1.7927219200032072 4.780636987891569E-6
7.28729 3713.552000000002 12.404242362997396 0.7633655721050847 NaN 11.028951826936089 2.1416423434433585E-4 1.7885964666676697 4.766054682596589E-6
7.28729 3736.761700000002 12.4690304106731 0.7683362597349465 NaN 11.04888980978378 2.1439358420919028E-4 1.784533375204816 4.751730098287586E-6
7.28729 3759.971400000002 12.533740505954793 0.7733122705063665 NaN 11.06882004217703 2.146257064228282E-4 1.7805287871587843 4.737654192081996E-6
7.28729 3783.181100000002 12.598375292212477 0.7782936687647284 NaN 11.088739069157263 2.148606459001297E-4 1.7765790445436744 4.723818418508558E-6
7.28729 3806.390800000002 12.662937294636107 0.7832805198978766 NaN 11.108643570559364 2.15098448470387E-4 1.7726806762675562 4.7102146973705435E-6
7.28729 3829.600500000002 12.727428926767056 0.7882728903573397 NaN 11.128530350969022 2.153391608996916E-4 1.7688303855959913 4.696835384039456E-6
7.28729 3852.810200000002 12.791852496601235 0.7932708476800734 NaN 11.148396330421832 2.155828309140564E-4 1.7650250385574378 4.683673241957169E-6
7.28729 3876.019900000002 12.856210212296133 0.7982744605107394 NaN 11.168238535776323 2.158295072231493E-4 1.7612616532148357 4.670721417173243E-6
7.28729 3899.229600000002 12.920504187511533 0.8032837986245365 NaN 11.188054092708171 2.1607923954483114E-4 1.7575373897281115 4.657973414745195E-6
7.28729 3922.439300000002 12.984736446411025 0.8082989329506001 NaN 11.207840218269213 2.1633207863033384E-4 1.753849541141 4.64542307684575E-6
7.28729 3945.649000000002 13.048908928349192 0.8133199355959866 NaN 11.227594213970022 2.1658807629003116E-4 1.750195524834187 4.633064562439787E-6
7.28729 3968.858700000002 13.113023492267246 0.8183468798702553 NaN 11.247313459335526 2.1684728542026923E-4 1.7465728745860962 4.620892328406376E-6
7.28729 3992.068400000002 13.177081920818118 0.8233798403106741 NaN 11.266995405898294 2.1710976003075976E-4 1.7429792331948821 4.6089011119864515E-6
7.28729 4015.278100000002 13.241085924240158 0.82841889270806 NaN 11.28663757159781 2.173755552728701E-4 1.7394123456153705 4.597085914453249E-6
7.28729 4038.487800000002 13.305037143997163 0.8334641141332768 NaN 11.306237535549357 2.1764472746872357E-4 1.735870052572263 4.585441985915433E-6
7.28729 4061.697500000003 13.368937156201092 0.8385155829644079 NaN 11.32519151879508 2.1789587614595785E-4 1.7320224589335949 4.572891765630814E-6
7.28729 4084.907200000003 13.432769105900393 0.8435728808809927 NaN 11.343565928013318 2.1812862515532228E-4 1.7279143005191446 4.559520878903708E-6
7.28729 4108.116900000002 13.49651767495212 0.8486355808322599 NaN 11.361970243427615 2.1836314484291092E-4 1.7238812337345142 4.546393079762241E-6
7.28729 4131.326600000002 13.560185829526723 0.8537037239151205 NaN 11.380400198745999 2.185994532325836E-4 1.7199192124014568 4.533499079138156E-6
7.28729 4154.536300000004 13.623776396750614 0.8587773516448133 NaN 11.398851760613036 2.1883756857831924E-4 1.716024421355174 4.5208301061658505E-6
7.28729 4177.746000000003 13.687292072759274 0.8638565059602451 NaN 11.417321112072534 2.1907750936769313E-4 1.7121932605152808 4.508377873521228E-6
7.28729 4200.955700000002 13.750735430197128 0.8689412292294164 NaN 11.435804637354748 2.1931929432572782E-4 1.7084223302194277 4.496134545441826E-6
7.28729 4224.165400000001 13.814108925207918 0.8740315642549279 NaN 11.454298907856748 2.1956294241817805E-4 1.7047084177077214 4.484092708184085E-6
7.28729 4247.375100000003 13.877414903955506 0.8791275542795716 NaN 11.472800669223005 2.198084728557343E-4 1.701048484656198 4.472245342732417E-6
7.28729 4270.584800000004 13.9406556087116 0.8842292429920116 NaN 11.491306829431066 2.2005590509742597E-4 1.6974396556684364 4.460585799536262E-6
7.28729 4293.794500000002 14.003833183543538 0.8893366745325507 NaN 11.509814447779243 2.2030525885452626E-4 1.6938792076370282 4.449107775121483E-6
7.28729 4317.004200000003 14.066949679632378 0.894449893498987 NaN 11.528320724710673 2.205565540948855E-4 1.6903645599078159 4.4378052904335034E-6
7.28729 4340.213900000004 14.130007060249177 0.8995689449525632 NaN 11.546822992409023 2.2080981104649378E-4 1.6868932651730097 4.426672670727541E-6
7.28729 4363.423600000003 14.193007205414698 0.9046938744240087 NaN 11.565318706076313 2.2106505020167103E-4 1.6834630010334006 4.4157045269193615E-6
7.28729 4386.633300000003 14.255951916265815 0.9098247279196746 NaN 11.58380543586849 2.2132229232150176E-4 1.6800715621764732 4.404895738264776E-6
7.28729 4409.843000000001 14.318842919150008 0.9149615519277684 NaN 11.602280859402498 2.2158155843961654E-4 1.6767168531157528 4.3942414362452586E-6
7.28729 4433.052700000003 14.381681869467394 0.9201043934246849 NaN 11.620742754812527 2.2184286986706248E-4 1.6733968814486022 4.383736989595606E-6
7.28729 4456.262400000004 14.444470355278357 0.9252532998814387 NaN 11.63918899429722 2.2210624819617145E-4 1.670109751589669 4.373377990346127E-6
7.28729 4479.472100000002 14.50720990069319 0.9304083192701968 NaN 11.657617538126557 2.2237171530527228E-4 1.6668536589436103 4.3631602408363084E-6
7.28729 4502.681800000003 14.569901969059167 0.9355695000709179 NaN 11.676026429058425 2.2263929336341812E-4 1.6636268844759523 4.3530797415976385E-6
7.28729 4525.891500000004 14.632547965958697 0.9407368912780951 NaN 11.694413787154929 2.2290900483475315E-4 1.6604277896637094 4.343132680056684E-6
7.28729 4549.101200000003 14.695149242031883 0.945910542407608 NaN 11.712777804944084 2.2318087248329206E-4 1.6572548117804593 4.333315419977836E-6
7.28729 4572.310900000003 14.757707095635038 0.9510905035036835 NaN 11.731116742914399 2.2345491937799297E-4 1.6541064595044148 4.323624491619999E-6
7.28729 4595.520600000001 14.820222775346402 0.9562768251459703 NaN 11.749428925314193 2.237311688972462E-4 1.6509813088145686 4.314056582511152E-6
7.28729 4618.730300000003 14.882697482329068 0.9614695584567252 NaN 11.767712736223897 2.2400964473446474E-4 1.6478779991595112 4.30460852884654E-6
7.28729 4641.940000000004 14.945132372560595 0.966668755108119 NaN 11.78007534800793 2.244650839028709E-4 1.6419226305218884 4.293261705735312E-6
7.28729 4699.964250000001 15.100971702483976 0.9796931732527695 NaN 11.823469833792743 2.2510224543066424E-4 1.6333317011934525 4.267202159213575E-6
7.28729 4757.988500000002 15.25643569147155 0.9927545622171999 NaN 11.86696775373303 2.2574790187530273E-4 1.6250463224133498 4.2421268690892565E-6
7.28729 4816.012750000001 15.4115547128541 1.0058534149125877 NaN 11.91052561352947 2.2640220506401287E-4 1.6170303942929496 4.2179541579145725E-6
7.28729 4874.037 15.566355948839634 1.018990233059773 NaN 11.954105366652568 2.2706531023455602E-4 1.6092524196776994 4.194612326587614E-6
7.28729 4932.061249999999 15.720863798879554 1.0321655273871502 NaN 11.997673574501396 2.277373761274896E-4 1.6016848133271084 4.172038196423935E-6
7.28729 4990.085500000001 15.875100226889105 1.0453798178339162 NaN 12.041200711853936 2.2841856508167756E-4 1.5943033290374369 4.150175894611685E-6
7.28729 5048.109750000002 16.029085057743412 1.058633633758857 NaN 12.08466058974353 2.291090431327785E-4 1.5870865822551334 4.128975837740863E-6
7.28729 5106.134 16.182836231489063 1.0719275141548537 NaN 12.128029873757402 2.2980898011448894E-4 1.5800156504240022 4.1083938773485905E-6
7.28729 5164.158250000002 16.336370022143228 1.0852620078692623 NaN 12.171287680242182 2.3051854976384724E-4 1.5730737369318937 4.088390578648268E-6
7.28729 5222.1825 16.489701226705176 1.0986376738303967 NaN 12.213426709375296 2.3121031727286738E-4 1.5658090278074108 4.067639152967569E-6
7.28729 5280.206750000001 16.642782332505366 1.112053479082417 NaN 12.254622400096471 2.318826625277632E-4 1.5583165745953695 4.0462990928379725E-6
7.28729 5338.231 16.795573959935904 1.1255082966635934 NaN 12.295913599972371 2.3256148173520107E-4 1.5510587992838225 4.025679463177985E-6
7.28729 5396.25525 16.94809917149868 1.139002502220167 NaN 12.337263910183 2.3324685835805303E-4 1.544009507332512 4.005722550710419E-6
7.28729 5454.279499999998 17.100378643200866 1.1525364762412489 NaN 12.378641607979434 2.339388772097835E-4 1.537145818010746 3.9863775379990065E-6
7.28729 5512.30375 17.252430965467067 1.1661106041371891 NaN 12.420018936328283 2.3463762448098282E-4 1.5304476741193422 3.967599510929686E-6
7.28729 5570.328000000001 17.404272899640343 1.17972527631948 NaN 12.461371515189706 2.3534318776604335E-4 1.523897434270081 3.949348629589953E-6
7.28729 5628.35225 17.5559195975358 1.1933808882822137 NaN 12.502677851326126 2.36055656091016E-4 1.5174795322105705 3.931589432524915E-6
7.28729 5686.376500000001 17.7073847901102 1.207077840685153 NaN 12.543918928357431 2.3677511994151743E-4 1.5111801908955391 3.9142902503990965E-6
7.28729 5744.40075 17.858680950199975 1.2208165394384194 NaN 12.585077862484436 2.3750167129184575E-4 1.5049871814744065 3.897422709832099E-6
7.28729 5802.425 18.009819433392845 1.2345973957888754 NaN 12.62530170978781 2.3821467090179172E-4 1.4985505799425662 3.880003280625461E-6
7.28729 5860.449249999999 18.16076330991424 1.2484196234069482 NaN 12.664737535910662 2.3891321910293043E-4 1.491942108004633 3.862156827287454E-6
7.28729 5918.4735 18.311482218257577 1.2622823837604817 NaN 12.70426471218708 2.396167574337375E-4 1.4855197409360412 3.844855542073938E-6
7.28729 5976.49775 18.461994244614626 1.2761859663980064 NaN 12.743851262696118 2.403253335855991E-4 1.4792633700704596 3.828056245962673E-6
7.28729 6034.522000000001 18.612315587020017 1.2901306636353107 NaN 12.783469459041054 2.4103899582157148E-4 1.473155459188422 3.8117209394251852E-6
7.28729 6092.546250000002 18.762460795488963 1.304116770588611 NaN 12.823095168492669 2.417577929846654E-4 1.4671806605677766 3.795816050625159E-6
7.28729 6150.570500000001 18.912442976414134 1.318144585208201 NaN 12.86270731491759 2.4248177450626003E-4 1.4613254962267819 3.7803118085152405E-6
7.28729 6208.59475 19.062273967277527 1.3322144083125957 NaN 12.90228743086829 2.4321099041452489E-4 1.45557809201918 3.7651817176691772E-6
7.28729 6266.618999999999 19.21196448658853 1.3463265436231553 NaN 12.94181928372584 2.439454913432737E-4 1.4499279547946873 3.7504021163883152E-6
7.28729 6324.643250000001 19.361524263051788 1.3604812977992309 NaN 12.98128856231522 2.4468532854064984E-4 1.4443657848463975 3.735951803328692E-6
7.28729 6382.667499999999 19.51096214724602 1.374678980473805 NaN 13.019803908329761 2.454132492879192E-4 1.4385551235981289 3.720951570920121E-6
7.28729 6440.691750000001 19.660241623303076 1.3889189002038003 NaN 13.05760459361611 2.461293926142081E-4 1.4325961584281854 3.7055928195269426E-6
7.28729 6498.716000000001 19.809336544775014 1.4032003736131953 NaN 13.095630201930803 2.468503657834705E-4 1.4268409460073963 3.690769162331361E-6
7.28729 6556.740250000001 19.95826748362054 1.4175236809500067 NaN 13.133819376998959 2.4757621237657553E-4 1.421259631557179 3.6764210424316954E-6
7.28729 6614.764500000001 20.10705206372665 1.4318891049909983 NaN 13.172121742169981 2.483069764677314E-4 1.4158275448659978 3.6624987930184135E-6
7.28729 6672.78875 20.255705470754936 1.4462969310703058 NaN 13.210495645952495 2.4904270263099033E-4 1.4105241580891557 3.6489606870405457E-6
7.28729 6730.813000000001 20.404240859713035 1.4607474471084423 NaN 13.248906426648762 2.497834359473926E-4 1.4053322799329846 3.6357714225333405E-6
7.28729 6788.837250000001 20.552669683413257 1.4752409436417129 NaN 13.287325064346042 2.5052922201156716E-4 1.4002374268937166 3.622900935780743E-6
7.28729 6846.861500000001 20.701001959173325 1.4897777138520174 NaN 13.325727124858622 2.512801069390401E-4 1.3952273284543302 3.6103234636223092E-6
7.28729 6904.885750000001 20.849246486895176 1.504358053597075 NaN 13.364091925834401 2.520361373732874E-4 1.3902915345993705 3.5980167968241513E-6
7.28729 6962.910000000002 20.997411028558687 1.518982261441057 NaN 13.401404070213168 2.5278106890644033E-4 1.3850748079976458 3.585101217865839E-6
7.28729 7020.934250000002 21.145455899139655 1.5336496933785517 NaN 13.437804829989279 2.535135054536516E-4 1.3796375642972516 3.5716733169929507E-6
7.28729 7078.958500000001 21.29334688348674 1.5483596243973705 NaN 13.47433370875911 2.5424798821507485E-4 1.3743438932058067 3.558603408956647E-6
7.28729 7136.982750000001 21.441097237654613 1.563112173227559 NaN 13.510960203770257 2.549845248321655E-4 1.3691789120453597 3.545861413775734E-6
7.28729 7195.007000000001 21.588718737534993 1.577907459042552 NaN 13.54765827991137 2.5572312298208146E-4 1.364129762453108 3.5334210954457535E-6
7.28729 7253.031250000002 21.736221879854835 1.592745601461245 NaN 13.584405633751276 2.5646379037800123E-4 1.3591852882419546 3.5212594677429285E-6
7.28729 7311.055500000001 21.88361605128484 1.6076267205500858 NaN 13.6211830937432 2.5720653476919063E-4 1.354335771485137 3.509356305075674E-6
7.28729 7369.079750000002 22.03090967140919 1.6225509368251672 NaN 13.657974128721746 2.57951363941368E-4 1.3495727151089187 3.4976937376705477E-6
7.28729 7427.104000000002 22.17811031415236 1.637518371254342 NaN 13.694764443039695 2.5869828571678364E-4 1.3448886628571157 3.4862559148381035E-6
7.28729 7485.128250000002 22.32522481135723 1.652529145259344 NaN 13.731541641442433 2.594473079544772E-4 1.3402770494684204 3.4750287235313805E-6
7.28729 7543.152500000002 22.472259341502685 1.6675833807179217 NaN 13.768294950365382 2.601984385504728E-4 1.3357320754081314 3.4639995520335106E-6
7.28729 7601.176750000001 22.619219505989964 1.6826811999659839 NaN 13.80501498512865 2.609516854380239E-4 1.331248601663398 3.4531570906755793E-6
7.28729 7659.201000000002 22.766110394983773 1.6978227257997611 NaN 13.841693554661118 2.617070565877452E-4 1.3268220610141093 3.442491163080431E-6
7.28729 7717.225250000002 22.9129366444395 1.7130080814779727 NaN 13.87832349703655 2.6246456000792644E-4 1.322448382896097 3.431992582693691E-6
7.28729 7775.249500000002 23.059702485663223 1.7282373907240125 NaN 13.914898540442623 2.6322420374463786E-4 1.3181239295289826 3.4216530303420042E-6
7.28729 7833.273750000002 23.206411788520718 1.7435107777281424 NaN 13.951413185209056 2.639859958820756E-4 1.3138454414211571 3.4114649493683218E-6
7.28729 7891.298000000003 23.353068099225396 1.7588283671497034 NaN 13.987862603369855 2.647499445426267E-4 1.3096099907111745 3.4014214554978387E-6
7.28729 7949.322250000002 23.499674673482225 1.7741902841193304 NaN 14.024242552865747 2.6551605788723676E-4 1.3054149410841585 3.391516259113981E-6
7.28729 8007.346500000002 23.64623450564037 1.789596654241194 NaN 14.060549304012882 2.66284344115472E-4 1.301257913227143 3.381743598019442E-6
7.28729 8065.370750000001 23.792750354404095 1.8050476035952359 NaN 14.096779576301845 2.6705481146590133E-4 1.29713675496338 3.3720981790864708E-6
7.28729 8123.395000000002 23.939224765567015 1.8205432587394366 NaN 14.131786080190887 2.6781473649179844E-4 1.2927011497839116 3.3617816168497277E-6
7.28729 8181.419250000003 24.08561368121825 1.8360830079633208 NaN 14.165903235285368 2.6856444077725633E-4 1.2880629803002723 3.351006608837887E-6
7.28729 8239.443500000005 24.23188568013002 1.8516662582160912 NaN 14.20035576216983 2.6931564536313967E-4 1.2835972390187995 3.3406046417273654E-6
7.28729 8297.467750000002 24.378058271505807 1.8672930965515524 NaN 14.235055547955739 2.700683542668329E-4 1.2792733752739123 3.3305184226664924E-6
7.28729 8355.492000000002 24.52414563378214 1.8829636102566198 NaN 14.269935423149915 2.708225715193752E-4 1.2750677768998508 3.320703252211073E-6
7.28729 8413.516250000002 24.670159370850968 1.898677886852103 NaN 14.304943554131462 2.71578301165272E-4 1.2709619587802041 3.31112379237898E-6
7.28729 8471.540500000003 24.81610907115939 1.9144360140934922 NaN 14.34003950212577 2.72335547262642E-4 1.2669412800472095 3.3017517653163555E-6
7.28729 8529.564750000003 24.962002727148594 1.9302380799717467 NaN 14.3751914076211 2.7309431388332654E-4 1.2629940206796084 3.2925642880806944E-6
7.28729 8587.589000000004 25.10784705411293 1.9460841727140914 NaN 14.410373948684214 2.738546051127348E-4 1.259110706865504 3.2835426499701212E-6
7.28729 8645.613250000002 25.253647735540373 1.9619743807848036 NaN 14.445566840208798 2.746164250502258E-4 1.2552836113828885 3.274671402714547E-6
7.28729 8703.637500000003 25.39940961398153 1.9779087928860242 NaN 14.480753716994746 2.7537977780884844E-4 1.2515063789749306 3.265937675119865E-6
7.28729 8761.661750000005 25.545136841055157 1.99388749795855 NaN 14.515921292920977 2.7614466751568745E-4 1.2477737422159931 3.2573306509298174E-6
7.28729 8819.686000000003 25.690832996446428 2.009910585182647 NaN 14.551058721272755 2.7691109831153515E-4 1.2440813037298684 3.2488411668565123E-6
7.28729 8877.710250000004 25.836501183127385 2.02597814397885 NaN 14.586157103308665 2.7767907435144706E-4 1.2404253676234909 3.2404614001237954E-6
7.28729 8935.734500000002 25.982144104164632 2.0420902640087863 NaN 14.621209107314352 2.784485998042849E-4 1.2368028078306839 3.232184623382557E-6
7.28729 8993.758750000003 26.127764125138892 2.0582470351759805 NaN 14.656208670762599 2.7921967885323804E-4 1.2332109644062226 3.2240050108647695E-6
7.28729 9051.783000000007 26.273363325226008 2.0744485476266816 NaN 14.691150765658236 2.7999231569554583E-4 1.2296475611948103 3.2159174838429337E-6
7.28729 9109.807250000002 26.41894353927181 2.0906948917506774 NaN 14.726031212265065 2.8076651454268635E-4 1.2261106399832977 3.2079175865299198E-6
7.28729 9167.831500000004 26.564506392660938 2.1069861581821314 NaN 14.760846530249005 2.8154227962040785E-4 1.2225985074712782 3.2000013857226687E-6
7.28729 9225.855750000002 26.710053330379264 2.1233224378003954 NaN 14.795593818918245 2.823196151688706E-4 1.2191096922847802 3.1921653891236014E-6
7.28729 9283.880000000003 26.855585641367863 2.139703821730858 NaN 14.828575547548715 2.8309049435731084E-4 1.2151829393760984 3.183475145564516E-6
7.28729 9341.904250000001 27.001045291554668 2.1561299353480696 NaN 14.861036477232389 2.8385497697946586E-4 1.2111574286966855 3.17454843558037E-6
7.28729 9399.928500000002 27.14641459150289 2.1726004074960708 NaN 14.894507852031255 2.8462017140857307E-4 1.2074523108284552 3.166237238528957E-6
7.28729 9457.952750000004 27.291729860860542 2.1891152794769253 NaN 14.928445366155259 2.853860785366525E-4 1.2039224494261311 3.1582802234815516E-6
7.28729 9515.977000000004 27.437010213409724 2.2056745926444554 NaN 14.962604151357093 2.861526992571232E-4 1.2004996828845482 3.1505520387220404E-6
7.28729 9574.001250000007 27.58226668314075 2.2222783884043262 NaN 14.996861848792246 2.869200344649735E-4 1.1971484513108477 3.142985944518696E-6
7.28729 9632.025500000002 27.727506091378928 2.2389267082141293 NaN 15.031152403258366 2.8768808505632074E-4 1.1938486793588363 3.135543482797803E-6
7.28729 9690.049750000004 27.872732884411796 2.255619593583459 NaN 15.065437995081352 2.8845685192900675E-4 1.1905883093960434 3.1282010555456634E-6
7.28729 9748.074000000004 28.017950085439747 2.2723570860740008 NaN 15.099695962151143 2.892263359821442E-4 1.1873597260503705 3.12094341321528E-6
7.28729 9806.098250000005 28.163159822244758 2.289139227299613 NaN 15.13391223679192 2.899965381162767E-4 1.184157913531474 3.1137602576234695E-6
7.28729 9864.122500000001 28.30836363610331 2.3059660589264053 NaN 15.143626212152702 2.923121837293744E-4 1.1746849770082084 3.1115185735838625E-6
7.28729 10154.24375 29.034325696724128 2.3907720350602006 NaN 15.313575121786407 2.961848408948366E-4 1.159242085547465 3.0767649567910795E-6
7.28729 10444.365 29.7602353291391 2.4767015513316615 NaN 15.481201700037294 3.000576807446263E-4 1.1440188163681138 3.0427564661634966E-6
7.28729 10734.48625 30.485979420089283 2.5637546607413935 NaN 15.646739824058896 3.03922578440482E-4 1.129102522991198 3.0095837205526934E-6
7.28729 11024.6075 31.211486968986247 2.6519290591017692 NaN 15.811586051387879 3.0779278908096575E-4 1.1148058621311998 2.977941733506254E-6
7.28729 11314.72875 31.936929940725612 2.7412262878109255 NaN 15.977964368761185 3.116683231887895E-4 1.1014984576460907 2.948418019239845E-6
7.28729 11604.85 32.66273860883339 2.8316478913198613 NaN 16.11617631474659 3.17488704064399E-4 1.082434008537115 2.9261840859502424E-6
7.28729 12185.0925 34.11587137368655 3.0158683306879484 NaN 16.444400117393048 3.252217810304679E-4 1.0578853207723948 2.8710061757334676E-6
7.28729 12765.335 35.570639586906275 3.204575829967519 NaN 16.770077749991493 3.329445962709723E-4 1.034824237909206 2.819274960116668E-6
7.28729 13345.5775 37.0274872824916 3.397764434869279 NaN 17.093686785198624 3.406406086762164E-4 1.0131894558666628 2.7706730916173565E-6
7.28729 13925.82 38.48684806079788 3.5954185932490885 NaN 17.41703261414888 3.483287812587365E-4 0.993079455378177 2.7254181250986363E-6
7.28729 14506.0625 39.94952679090266 3.797533756108611 NaN 17.73793644468794 3.560020760404795E-4 0.973774299918428 2.6818945128158466E-6
7.28729 15086.305 41.41536631411825 4.004101290715529 NaN 18.060277067165302 3.635969955790579E-4 0.9559186446219 2.64089270495855E-6
7.28729 15666.5475 42.88502608614831 4.215075720422811 NaN 18.285757106616842 3.7876128590573987E-4 0.9226143509189858 2.6224474150066698E-6
7.28729 17407.275 47.31787195510408 4.874395906734295 NaN 19.251637068612755 4.0122793288815885E-4 0.8785001249290261 2.5124606546672886E-6
7.28729 19148.0025 51.78913099321833 5.572824403280866 NaN 20.21701488265928 4.2334809492854765E-4 0.8401370171756347 2.414152200442277E-6
7.28729 20888.73 56.30087628102455 6.3097580741956 NaN 21.144454472799843 4.486735067940095E-4 0.8010772546509348 2.332610839035461E-6
7.28729 23209.7 62.37999194638379 7.351115823259293 NaN 22.40623558303194 4.805252208145405E-4 0.7581352367172509 2.2311456319690376E-6
7.28729 26110.9125 70.08207969194122 8.745221600451696 NaN 24.043439284942963 5.150002468207349E-4 0.7177051004019787 2.1095548688936463E-6
7.28729 29012.125 77.8965413112867 10.239346754031098 NaN 25.69859106190422 5.485363757905267E-4 0.6832508344696749 2.0012909766290716E-6
7.28729 31913.3375 85.8202991842654 11.830767344179273 NaN 27.371736588050627 5.812503127149937E-4 0.6536218679513259 1.904677136718964E-6
7.28729 34814.55 93.85251494700991 13.517098017056924 NaN 28.91142929602141 6.287370441162404E-4 0.616088109543238 1.8385534530596435E-6
7.28729 40616.975 110.2315180205326 17.165297560263095 NaN 32.35108108076309 6.897319707234906E-4 0.5756087261185322 1.6840418320716084E-6
7.28729 46419.4 127.01891322383929 21.167415590488346 NaN 35.61122462384025 7.76451364572124E-4 0.529379387000635 1.583902056727772E-6
7.28729 58024.25 161.77948153992315 30.178017208643162 NaN 45.176953254046154 7.331153390460089E-4 0.5915195807057961 1.3172203766552876E-6
7.28729 75431.52500000001 216.78905467092378 42.93955752213528 NaN 55.191177678675125 9.577920566774431E-4 0.48008146802780044 1.1432743468557174E-6
7.28729 92838.8 275.1178511887626 59.612107245535114 NaN 67.23232471469208 0.0010813531317773327 0.45252010944629895 9.987602395527787E-7
7.28729 116048.5 357.8817622952265 84.70998902814746 NaN 83.95622288499557 0.0012313368249819289 0.42696556109623324 8.593117884567777E-7
7.28729 145060.625 469.0332569428451 120.43368691162631 NaN 106.41593684427811 0.0013641738885562258 0.41381007588392843 7.279441632054437E-7
7.28729 174072.75 588.3815979080188 160.0112702881556 NaN 128.36197436109455 0.0016119981963073 0.38435975519373994 6.623690303540947E-7
7.28729 232097.0 850.3675761278276 253.54625663023944 NaN 177.44223975332017 0.0018692374027920013 0.3684807242082353 5.326674675704356E-7
7.28729 290121.25 1141.610126254342 362.00735499919324 NaN 230.89547206141808 0.002079178333856961 0.36242431573317346 4.4784486553343624E-7
7.28729 348145.5 1460.2386540612736 482.650118437493 NaN 287.3681342253587 0.002384412389663492 0.35360527132867076 4.026200879331623E-7
7.28729 464194.0 2173.265176238751 759.3575996393567 NaN 414.2060633029281 0.0027483954493606718 0.3463803272723434 3.153914634313999E-7
7.28729 580242.5 2978.343294923887 1078.3047689444886 NaN 558.6123996998042 0.003342713478748409 0.34114094438044945 2.8012790643643704E-7
7.28729 928388.0 5871.419269390718 2242.0554243600927 NaN 1082.5698479324642 0.003970797508453644 0.3391738889985581 1.707175510771647E-7
7.28729 1160485.0 8149.324917887699 3163.6656136796582 NaN 1489.735353392291 0.004670103842761591 0.3406123991896925 1.4652502826955862E-7
7.28729 1740727.5 14875.413447562016 5873.45834266325 NaN 2682.868572238094 0.005776800751809986 0.3474164998023826 1.0265317305930548E-7
7.28729 2901212.5 31847.819486280547 12577.34896312746 NaN 5693.63251222416 0.0069518624770543895 0.3601930742455253 6.035052392369954E-8
7.28729 4641940.0 63611.686811236184 24678.647153154157 NaN 11427.767198649288 0.007822933980892956 0.3776869144363926 3.547922839048687E-8
7.28729 6962910.0 113584.88946591648 42835.44223478728 NaN 20700.86891775537 0.008232004732663374 0.39691688197501923 2.165960610448008E-8
7.28729 9283880.0 168848.69175937376 61941.67825915699 NaN 31237.37237280068 0.008303563450713602 0.4120191610147096 1.5029390705995182E-8
7.28729 1.0444365E7 197781.29464124393 71577.83909025836 NaN 36863.020226067085 0.008303563450713626 0.41896107023589657 1.2950341223526037E-8
7.28729 1.160485E7 227201.36879081922 81213.99992135976 NaN 43290.02336342345 0.008065277123464604 0.4460410977691568 1.140355594235228E-8
7.28729 1.7407275E7 379315.5691508958 128012.16553447887 NaN 75874.4111726486 0.007327753961700789 0.5007001560242663 6.6357072704688415E-9
7.28729 2.9012125E7 689595.8598928972 213049.65109692226 NaN 147679.68034091103 0.006203711001641248 0.5855970602057675 3.3756984907380965E-9
7.28729 6.96291E7 1764882.0652044083 465025.6257578098 NaN 394225.9147154401 0.005664789016472754 0.6351514911577333 1.252419552365532E-9
7.28729 1.160485E8 2981983.11418582 727981.7330290651 NaN 675705.9014332388 0.005474653804406135 0.6547309099822676 7.279402628179575E-10
7.28729 2.32097E8 6013256.384275898 1363307.0950496905 NaN 1372008.128802913 0.0053919104097841465 0.6638412649503753 3.580009468748568E-10
7.28729 5.802425E8 1.5094257965534665E7 3240476.440619197 NaN 3451206.486732083 0.0053666301987136894 0.6662414433178836 1.4216618772333767E-10
7.28729 1.160485E9 3.0212764879732847E7 6354423.363696325 NaN 6908558.709037891 0.0053666301987136894 0.6662414433178836 7.101985955809918E-11
