#rho T p e s c^2 cv gamma alpha
0.0 0.0 0.0 -0.06536388158977131 NaN NaN 1.050581912105578E-4 NaN NaN
7.287289999999999E-6 0.0 -8.318191336947891E-11 2.332171393052009 NaN -3.871486102168039E-5 1.0657060642044929E-4 0.6577702382646218 -248466.53242493788
1.457458E-5 0.0 -3.10593745967811E-10 2.332160250332257 NaN -8.085837322683159E-5 1.0640946248577158E-4 0.6588156248011149 -59487.14032509082
3.643645E-5 0.0 -1.77137297065063E-9 2.332129889780312 NaN -1.649275892576292E-4 1.0624456583261684E-4 0.659927178373998 -11667.380803850167
7.28729E-5 0.0 -6.611771663887337E-9 2.332083078883617 NaN -3.0776839690884475E-4 1.0613476025937826E-4 0.6607043928914588 -3126.617558258451
1.457458E-4 0.0 -2.467132069186026E-8 2.331995700667687 NaN -6.427264128668903E-4 1.0603564716968721E-4 0.6614505177614506 -748.7331400245902
3.643645E-4 0.0 -1.407050467602485E-7 2.331754538411761 NaN -0.0013110048304183157 1.0592951982252676E-4 0.6623601504464698 -146.88276888157077
7.28729E-4 0.0 -5.25191250352507E-7 2.331382706544236 NaN -0.002446356055658811 1.0586820562499141E-4 0.6630174723419457 -39.373571089651556
0.001457458 0.0 -1.959710877131871E-6 2.330688637312479 NaN -0.00510827230100315 1.0582353891160633E-4 0.6636818688899127 -9.433484630185553
0.003643645 0.0 -1.117641250791689E-5 2.32877296804305 NaN -0.010422647405532118 1.0580061270403659E-4 0.6645900263545131 -1.851517832079566
0.00728729 0.0 -4.172510733066157E-5 2.325820020353203 NaN -0.017101003957630947 1.0581742161690401E-4 0.6653638103378938 -0.5649742970457146
0.010930935 0.0 -9.015390669572049E-5 2.323017607924291 NaN -0.025773520972064787 1.0584298956301692E-4 0.665899165944977 -0.2501724632863655
0.018218225 0.0 -2.379507541566642E-4 2.317667288501423 NaN -0.04011090543368593 1.05897616386876E-4 0.6667053266438868 -0.09661656273462957
0.02914916 0.0 -5.812146330783252E-4 2.310024379207082 NaN -0.05959246633970629 1.0597591785830119E-4 0.6676609761320447 -0.040732941719199584
0.04372374 0.0 -0.00125572263651203 2.300264906974015 NaN -0.08983320683248931 1.0607119376540333E-4 0.6687694213038876 -0.018060079490021634
0.0728729 0.0 -0.003314425888493127 2.281635499279539 NaN -0.1360724951214328 1.062423995430838E-4 0.6708104624411158 -0.007187225933859431
0.10930935 0.0 -0.007160748771867016 2.259374394706961 NaN -0.20517062510034426 1.0643559679071656E-4 0.673388291903058 -0.0031958027584788945
0.18218225 0.0 -0.01889748429491893 2.216880210606413 NaN -0.31967265058333155 1.0679405220458533E-4 0.6790534811986667 -0.001245201118922993
0.2914916 0.0 -0.04614125244514292 2.15619019142852 NaN -0.47601970756686335 1.0731867476256562E-4 0.689404426610698 -5.332101298197158E-4
0.4372374 0.0 -0.09961413369771986 2.078753102173786 NaN -0.6567796036201888 1.0805418730933283E-4 0.7073277236564818 -2.661492958317437E-4
0.5829832000000001 0.0 -0.1718503896402204 2.003988210970561 NaN -0.8347089978740077 1.08868679856606E-4 0.7307863699629572 -1.6349416610416878E-4
0.728729 0.0 -0.2621092396970917 1.931200410111167 NaN -1.0265355880257947 1.0978774359619952E-4 0.7607714578399423 -1.1165238568984285E-4
0.91091125 0.0 -0.3992744957292852 1.842439758420782 NaN -1.2492592145861132 1.1111277908295275E-4 0.8085532217035565 -7.894852031181782E-5
1.0930935 0.0 -0.5623004143026209 1.755758855746322 NaN -1.4768175153033638 1.126661430351633E-4 0.8694359770055186 -6.068018385634777E-5
1.27527575 0.0 -0.7498696504000294 1.670903354782422 NaN -1.7116888526283451 1.1447854933011593E-4 0.9449725432511759 -4.9558069870769464E-5
1.457458 0.0 -0.9604795153510102 1.587717266937233 NaN -2.010972166805694 1.1651816609937937E-4 1.035452140587034 -4.116437848878313E-5
1.8218225 0.0 -1.444573740883033 1.426057670302338 NaN -2.5120513654638374 1.2089873554715444E-4 1.2443391820721805 -3.287198713927521E-5
2.186187 0.0 -2.000368139199913 1.270497909147841 NaN -3.0435680637615055 1.2580690389721728E-4 1.496068968981961 -2.828692660910291E-5
2.5505515 0.0 -2.610554845035479 1.121115076220074 NaN -3.6299269791044595 1.326917480693042E-4 1.8212002026180205 -2.610174963377302E-5
2.914916 0.0 -3.253979514852804 0.9782057966075334 NaN -4.268445281558294 1.407644749130666E-4 2.2214209642680336 -2.5132064650407768E-5
3.2792805 0.0 -3.905692156696058 0.8422082796610344 NaN -4.837868049024574 1.4984015732949182E-4 2.60079050065303 -2.456410839273508E-5
3.643645 0.0 -4.539785411710411 0.7136645400693898 NaN -5.341804674067633 1.5947989885181063E-4 3.0041333077487256 -2.4615070907822658E-5
4.0080095 0.0 -5.122337344339627 0.5931998145871573 NaN -5.671298871214622 1.688053273272445E-4 3.376800380470309 -2.507727020793713E-5
4.372374 0.0 -5.616292713421823 0.4815111947910617 NaN -5.735315358247222 1.7639216365372432E-4 3.689013559708585 -2.594865984958469E-5
4.7367385 0.0 -5.979489695013091 0.3793607676911427 NaN -5.4414828997766085 1.8014668488280325E-4 3.9081189274903734 -2.7314758657236055E-5
5.101102999999999 0.0 -6.16459159460149 0.2875695952919429 NaN -4.700386402635806 1.7710191076994073E-4 3.993412004527309 -2.9496447397304835E-5
5.4654675 0.0 -6.118834530512561 0.2070180792204788 NaN -3.4758293921144756 1.6544815749684717E-4 3.917660912502794 -3.4119527721220946E-5
5.829832 0.0 -5.787202111038226 0.1385930824227656 NaN -10.175776806738762 1.5051133301043955E-4 3.766508530946536 -9.55618491977059E-6
6.012014249999999 0.0 -6.959874708889665 0.08058314187632147 NaN 0.015149793194130023 1.0480326793234159E-4 2.4751828191901826 0.0028481010960727977
6.194196499999999 0.0 -6.435085524776706 0.04776084798708094 NaN 0.9460337816422432 9.860464878580734E-5 2.4476001902280218 4.118568044973652E-5
6.37637875 0.0 -5.799484474961787 0.01948666184894577 NaN 1.9213439636928509 9.247143313844093E-5 2.415749428117394 1.8233928513025252E-5
6.558561 0.0 -5.049161099953314 -0.004201294494244289 NaN 2.9365159911701384 8.644016195693832E-5 2.379629766922827 1.0680314279069162E-5
6.74074325 0.0 -4.180426285869909 -0.02327591093070895 NaN 3.986805135754589 8.054556204319857E-5 2.339240626260017 7.0110605794218435E-6
6.922925499999999 0.0 -3.189803236926802 -0.03771994322041807 NaN 4.858932733956612 7.481985869086057E-5 2.29458170834208 5.103755559085431E-6
6.995798399999999 0.0 -2.758673831796743 -0.04219874413432112 NaN 5.193776508695594 7.258990302571523E-5 2.2757145453173364 4.546460874318189E-6
7.015625394272075 0.0 -2.637904323513385 -0.04328887455312104 NaN 5.313580160426676 7.198678925412629E-5 2.2703929889810794 4.38429948513528E-6
7.035452388544152 0.0 -2.515626147043915 -0.04432404736890697 NaN 5.434136215963946 7.138537455196412E-5 2.2649940445101135 4.229156515215985E-6
7.055279382816229 0.0 -2.391826056214871 -0.04530425580474031 NaN 5.55529878972357 7.078574207568807E-5 2.2595196810844387 4.08075272627221E-6
7.075106377088304 0.0 -2.266493605657109 -0.04622949245948244 NaN 5.675096254113092 7.01899969606292E-5 2.2540436922830995 3.940318682229423E-6
7.094933371360381 0.0 -2.139656876902466 -0.04709974767157908 NaN 5.794752741774775 6.96001528631024E-5 2.2486352651207215 3.806676577082457E-6
7.114760365632457 0.0 -2.011319009894648 -0.04791502973812229 NaN 5.914943880991106 6.901194598897156E-5 2.2431408795677212 3.678492867349716E-6
7.134587359904534 0.0 -1.881470590495276 -0.04867535111400052 NaN 6.0356678432855 6.842544799994738E-5 2.237561119228353 3.555481022166119E-6
7.154414354176611 0.0 -1.750102125682132 -0.04938072425034019 NaN 6.156922811685545 6.784073052345023E-5 2.2318966660648702 3.437374107576342E-6
7.174241348448686 0.0 -1.617204042721198 -0.0500311615945069 NaN 6.27870698949529 6.725786515261486E-5 2.226148306359504 3.323923141001384E-6
7.194068342720763 0.0 -1.482766688328198 -0.05062667559010711 NaN 6.401018609861862 6.667692344631368E-5 2.220316936940244 3.2148956088802236E-6
7.21389533699284 0.0 -1.346780327819635 -0.0511672786769892 NaN 6.522827300871027 6.609797692916865E-5 2.2144035716840644 3.1105645854420763E-6
7.233722331264916 0.0 -1.209255539198016 -0.05165295010762794 NaN 6.644240492722769 6.552573136222903E-5 2.2085687394952145 3.0110337256180095E-6
7.253549325536992 0.0 -1.070200002360124 -0.05208368303901544 NaN 6.766571255379644 6.49554862187654E-5 2.202634561440998 2.9150033569519125E-6
7.273376319809068 0.0 -0.9295958533611767 -0.05245951683274426 NaN 6.889724487786597 6.438719921530768E-5 2.1966516189599554 2.8224275674087146E-6
7.293203314081145 0.0 -0.7874269026669007 -0.05278048602475447 NaN 7.012206932108168 6.382193569679645E-5 2.190690937094397 2.733871132565225E-6
7.313030308353222 0.0 -0.6437063794882073 -0.05304655612089645 NaN 7.135032446949134 6.326099926057155E-5 2.1847358142196547 2.6487541490901035E-6
7.332857302625298 0.0 -0.4984273125050644 -0.05325774949178808 NaN 7.258761525706171 6.27020635523704E-5 2.178761315631412 2.5665854459290826E-6
7.352684296897374 0.0 -0.3515716250751978 -0.05341411598105991 NaN 7.38295135813863 6.214514763063827E-5 2.172821864926037 2.487456077028588E-6
7.37251129116945 0.0 -0.2031299776772361 -0.05351567362402289 NaN 7.506129298815215 6.159333052186834E-5 2.166943937948942 2.4118476788425474E-6
7.392338285441526 0.0 -0.05312223650773993 -0.05356234813302184 NaN 7.629586622049569 6.104539026277229E-5 2.1611066830390535 2.3390862718878587E-6
7.412165279713604 0.0 0.09845744644872222 -0.05355416929081637 NaN 7.753482548422593 6.049947042934159E-5 2.1553142822451874 2.268925684405529E-6
7.431992273985681 0.0 0.2516180631787614 -0.05349117828330076 NaN 7.877822307688347 5.995557374046914E-5 2.1495659942440706 2.2012477048932975E-6
7.451819268257757 0.0 0.4063686743826407 -0.05337341625514782 NaN 8.002611130197407 5.941370290811828E-5 2.1438610552731454 2.135940882301985E-6
7.471646262529832 0.0 0.562718410131752 -0.05320092430986035 NaN 8.127854244167526 5.887386063733837E-5 2.1381986779467304 2.0729000539046754E-6
7.491473256801909 0.0 0.720676470533876 -0.05297374350982273 NaN 8.2534640424534 5.8336049626279355E-5 2.1325780500222353 2.012048542241695E-6
7.511300251073985 0.0 0.8802502858602399 -0.05269190491582547 NaN 8.377806404058424 5.780203384517438E-5 2.1269892028453574 1.953722879312775E-6
7.531127245346061 0.0 1.041414886215354 -0.05235526934388609 NaN 8.502014318654979 5.727476603966485E-5 2.1214183404985354 1.8976137802313877E-6
7.550954239618138 0.0 1.204167972772279 -0.05196383291609897 NaN 8.626766674976132 5.6749528242435886E-5 2.115890435190566 1.8433403961628942E-6
7.570781233890215 0.0 1.368520684926855 -0.05151766562109223 NaN 8.75207111665809 5.622631985714388E-5 2.1104046322994243 1.7908279149786622E-6
7.590608228162291 0.0 1.534484266473541 -0.05101683732836411 NaN 8.87793529314929 5.570514028507239E-5 2.104960040731789 1.7400053191387779E-6
7.610435222434368 0.0 1.702070066831397 -0.05046141778853589 NaN 9.00436685564395 5.518598892513912E-5 2.0995557310124684 1.6908051506579562E-6
7.630262216706444 0.0 1.871289542287278 -0.04985147663360491 NaN 9.131373452695918 5.466886517391736E-5 2.094190733284462 1.6431632932859754E-6
7.65008921097852 0.0 2.042154257256622 -0.04918708337719655 NaN 9.257741811953437 5.4153768425637006E-5 2.0888640352160057 1.597229385724995E-6
7.669916205250596 0.0 2.2146516785163 -0.04846813758000746 NaN 9.382948489410639 5.364727257309451E-5 2.083539869002099 1.5531718515415601E-6
7.689743199522672 0.0 2.388759183070395 -0.04769448335723676 NaN 9.508584482714209 5.314337674515106E-5 2.07825316954673 1.5104970848912258E-6
7.709570193794749 0.0 2.564485659372646 -0.04686619534366717 NaN 9.634664652079737 5.264151363628795E-5 2.0730064485402577 1.4691368474942653E-6
7.729397188066827 0.0 2.741840238998595 -0.04598334928857308 NaN 9.761194234966828 5.2141678942493956E-5 2.067799053194531 1.429041245514853E-6
7.749224182338902 0.0 2.920832122326868 -0.04504602080125944 NaN 9.888178457029598 5.164386837045892E-5 2.0626303035909856 1.3901627227414835E-6
7.769051176610978 0.0 3.101470579188486 -0.04405428535138467 NaN 10.015622528375642 5.114807763754404E-5 2.0574994912788926 1.352455927356818E-6
7.788878170883055 0.0 3.283764949523443 -0.04300821826928289 NaN 10.143531639560994 5.065430247174677E-5 2.0524058778042766 1.315877587678863E-6
7.808705165155131 0.0 3.467724644044727 -0.04190789474628541 NaN 10.27191095732942 5.016253861167207E-5 2.047348693174025 1.2803863961794476E-6
7.828532159427207 0.0 3.653359144909953 -0.04075338983504142 NaN 10.399880024672598 4.967278180650565E-5 2.0423271342438656 1.2460489986437172E-6
7.848359153699283 0.0 3.840660447706058 -0.03954461028594385 NaN 10.526068245868078 4.9190683062310003E-5 2.0373080460757707 1.2130941357638093E-6
7.868186147971359 0.0 4.029593748744982 -0.03828122478665217 NaN 10.652715764318426 4.8712686493368937E-5 2.032314924650565 1.1811311479970484E-6
7.888013142243437 0.0 4.220168655228478 -0.03696334502424158 NaN 10.77995567852545 4.823672071864073E-5 2.0273594335857754 1.1500690785771258E-6
7.907840136515514 0.0 4.412397261298023 -0.03559110540144296 NaN 10.907796426780155 4.776277353593261E-5 2.0224408055003193 1.1198773266597912E-6
7.92766713078759 0.0 4.606291780188601 -0.03416463987936834 NaN 11.036246439621943 4.7290832806854555E-5 2.0175582218075165 1.0905265467692744E-6
7.947494125059666 0.0 4.801864545698198 -0.03268408197932355 NaN 11.165314132967364 4.6820886456458906E-5 2.0127108099845565 1.0619885862030097E-6
7.967321119331742 0.0 4.999128013679147 -0.03114956478461161 NaN 11.295007900708862 4.635292247288361E-5 2.0078976406992495 1.0342364261254085E-6
7.987148113603818 0.0 5.198094763551605 -0.02956122094232792 NaN 11.425336106749107 4.5886928906999085E-5 2.0031177247872223 1.0072441261004224E-6
8.006975107875894 0.0 5.398777499839814 -0.02791918266514488 NaN 11.555693378440793 4.5422893872049E-5 1.9983700100699104 9.810388699256593E-7
8.02680210214797 0.0 5.601176885945031 -0.0262234290830347 NaN 11.683443121719716 4.496680515276738E-5 1.993616297645765 9.559170401833655E-7
8.046629096420048 0.0 5.805241846604781 -0.02447330802191917 NaN 11.811073001275897 4.451776525627442E-5 1.9888653816114812 9.316127131804112E-7
8.066456090692125 0.0 6.010970818657284 -0.022668815467381 NaN 11.939026635292183 4.407075491208727E-5 1.984149111895733 9.079733498371738E-7
8.086283084964201 0.0 6.218370619749993 -0.02081005353171452 NaN 12.067307219367216 4.362576264447852E-5 1.9794671829086512 8.849770894237844E-7
8.106110079236277 0.0 6.427448104824901 -0.01889712407167816 NaN 12.195917940764794 4.3182777025712905E-5 1.974819272726256 8.626029401213839E-7
8.125937073508354 0.0 6.638210166373948 -0.01693012868929279 NaN 12.324861975554311 4.274178667583043E-5 1.9702050422239095 8.408307374057921E-7
8.14576406778043 0.0 6.850663734696289 -0.01490916873263948 NaN 12.454142485608878 4.230278026244377E-5 1.965624134170316 8.19641104778538E-7
8.165591062052506 0.0 7.064815778158168 -0.01283434529664954 NaN 12.58376261535433 4.18657465005221E-5 1.9610761722731493 7.990154166958369E-7
8.18541805632458 0.0 7.280673303454349 -0.01070575922389756 NaN 12.713725488372567 4.143067415219285E-5 1.9565607601820658 7.789357635501812E-7
8.205245050596657 0.0 7.498243355872281 -0.008523511105385309 NaN 12.844034203746595 4.099755202652726E-5 1.9520774804391432 7.593849185764259E-7
8.225072044868735 0.0 7.717533019557989 -0.006287701281327847 NaN 12.974691832197623 4.056636897933898E-5 1.947625893377049 7.403463065583206E-7
8.244899039140812 0.0 7.938549417784369 -0.003998429841934215 NaN 13.105701411972584 4.0137113912976544E-5 1.9432055359627798 7.2180397422427E-7
8.264726033412888 0.0 8.161299713221787 -0.001655796628184821 NaN 13.237065944472976 3.970977577612432E-5 1.9388159205805917 7.037425622260018E-7
8.284553027684964 0.0 8.385791108210755 7.400987673926767E-4 NaN 13.368788389609817 3.928434356359651E-5 1.9344565337537005 6.86147278603409E-7
8.30438002195704 0.0 8.612030845036973 0.003189156999951204 NaN 13.500871660864581 3.886080631613289E-5 1.9301268347986076 6.690038736441868E-7
8.324207016229117 0.0 8.840026206208629 0.005691278971554654 NaN 13.633318620040626 3.843915312020831E-5 1.925826254408793 6.522986160540996E-7
8.344034010501193 0.0 9.06978451473604 0.008246365830411419 NaN 13.766132071682 3.801937310781901E-5 1.9215541931641362 6.360182703589108E-7
8.36386100477327 0.0 9.301313134413606 0.01085431897011057 NaN 13.899242423992646 3.760145545629769E-5 1.9173100199604658 6.20153302792521E-7
8.383687999045346 0.0 9.534618035955203 0.01351506511380123 NaN 14.029399263536442 3.718766469758525E-5 1.9130766873812026 6.048631173011644E-7
8.403514993317422 0.0 9.76964110843283 0.01622963673815838 NaN 14.158095928019515 3.6787213811044795E-5 1.9087905982019904 5.901866123866866E-7
8.423341987589499 0.0 10.0063556091077 0.01899847251038769 NaN 14.287241670249914 3.6388792578944815E-5 1.904535238202808 5.758691767013356E-7
8.443168981861575 0.0 10.24477092748011 0.02182137301874122 NaN 14.416842090993132 3.599237600059262E-5 1.900310422822246 5.619005336215605E-7
8.462995976133652 0.0 10.48489652267686 0.02469813982734905 NaN 14.546902768162594 3.5597939283932105E-5 1.8961159281297266 5.482707462072752E-7
8.482822970405728 0.0 10.7267419240978 0.02762857547025706 NaN 14.677429249510594 3.520545784373841E-5 1.891951488728471 5.349702038316657E-7
8.502649964677804 0.0 10.97031673206966 0.03061248344550784 NaN 14.808427044783464 3.481490729982279E-5 1.8878167955313814 5.219896094252733E-7
8.52247695894988 0.0 11.2156306185072 0.03364966820926659 NaN 14.93990161733642 3.442626347527696E-5 1.8837114934326893 5.093199673096004E-7
8.542303953221959 0.0 11.4626933275816 0.03673993516998626 NaN 15.071858375138664 3.403950239470597E-5 1.8796351788162646 4.9695257157555E-7
8.562130947494033 0.0 11.71151467639651 0.03988309068261866 NaN 15.204302661167407 3.365460028249544E-5 1.87558739695371 4.848789949944061E-7
8.58195794176611 0.0 11.96210455567198 0.04307894204286936 NaN 15.337239743075628 3.32715335610989E-5 1.8715676392286689 4.7309107842131885E-7
8.601784936038186 0.0 12.21447293043529 0.04632729748148668 NaN 15.470674802193924 3.289027884931523E-5 1.8675753402106063 4.6158092067090016E-7
8.621611930310262 0.0 12.46862984072048 0.04962796615860118 NaN 15.604612921705431 3.2510812960618954E-5 1.8636098745570508 4.503408688424702E-7
8.641438924582339 0.0 12.72458540227524 0.05298075815810086 NaN 15.739059074002261 3.213311290147407E-5 1.8596705537242388 4.3936350906715405E-7
8.661265918854415 0.0 12.98234980727597 0.05638548448204856 NaN 15.87401810714868 3.17571558696931E-5 1.8557566224813506 4.286416576589228E-7
8.681092913126493 0.0 13.24193332505112 0.05984195704514176 NaN 16.009494730359265 3.1382919252765297E-5 1.8518672552161504 4.1816835264938193E-7
8.70091990739857 0.0 13.50334630281224 0.06334998866920608 NaN 16.145493498492716 3.101038062626517E-5 1.8480015520145037 4.0793684568616935E-7
8.720746901670646 0.0 13.76659916639411 0.06690939307773787 NaN 16.28201879537672 3.0639517752233274E-5 1.844158534485754 3.9794059427587086E-7
8.740573895942722 0.0 14.03170242100274 0.07051998489047916 NaN 16.417099328093272 3.0270308577555865E-5 1.8403371413368705 3.8821996367785833E-7
8.760400890214797 0.0 14.29862748398514 0.07418248992931166 NaN 16.54823130491041 2.996794832316145E-5 1.8364785503851928 3.796359293965881E-7
8.780227884486873 0.0 14.56729816105886 0.07789868938077646 NaN 16.679417300009437 2.9684912605654118E-5 1.8326276730431967 3.7146966373737863E-7
8.80005487875895 0.0 14.83771655560593 0.08166849990407848 NaN 16.81082231308481 2.9403829140501476E-5 1.8288002745180818 3.6349281473464684E-7
8.819881873031026 0.0 15.10988753120653 0.08549177422729819 NaN 16.94244834212571 2.9124679152435747E-5 1.824996365925015 3.5570028652544574E-7
8.839708867303102 0.0 15.38381596950354 0.08936836561743865 NaN 17.074297382686012 2.8847443984265602E-5 1.8212159459978783 3.4808714086737904E-7
8.859535861575178 0.0 15.65950677028646 0.09329812787796304 NaN 16.928740132810937 2.8572105096079717E-5 1.8174590005490203 3.462352273961392E-7
8.879362855847255 0.0 15.93146025753123 0.09728087765810366 NaN -14.183408726366833 2.889902875247225E-5 -7.899707559031361 1.812724645496753E-6
8.899189850119331 0.0 15.93126877131239 0.1012785963821554 NaN -13.315428333491715 3.051868997214761E-5 -7.437608919810331 1.9155505309506524E-6
8.919016844391408 0.0 15.93125545269116 0.1052585419848061 NaN -12.572140580413432 3.2131049821038856E-5 -7.044362987526143 2.0185542661456765E-6
8.938843838663484 0.0 15.93146533221976 0.1092208329277631 NaN -11.967585596041422 3.373590510814349E-5 -6.71191261174237 2.116658364863443E-6
8.95867083293556 0.0 15.93136379848665 0.1131655841583348 NaN -11.225794961156886 3.533412133941908E-5 -6.38195749019471 2.2422679941809295E-6
8.978497827207635 0.0 15.93380953033604 0.1170929267367909 NaN -10.816057668073862 3.690173636870083E-5 -6.096083113084918 2.3164610667507136E-6
8.998324821479711 0.0 15.93385784062562 0.1210029494906186 NaN -10.329663480274723 3.848541751947827E-5 -5.833997630395145 2.4155421009507422E-6
9.018151815751786 0.0 15.93387639684391 0.1248957791740199 NaN -9.887048305117773 4.006287628926539E-5 -5.598099019858402 2.5153504639742315E-6
9.037978810023864 0.0 15.93395667792183 0.1287715295334064 NaN -9.48011139937276 4.1632417236111E-5 -5.377368634208212 2.612863231823046E-6
9.05780580429594 0.0 15.9339604356144 0.1326303118241262 NaN 4.269588521884774 4.302338129125239E-5 -3.5846404062514963 -3.987871059032696E-6
9.077632798568017 0.0 16.14364036879267 0.1364928440812374 NaN 18.073506591494777 4.249939819498526E-5 2.2756348431891116 5.894816932254984E-7
9.097459792840093 0.0 16.42174416098925 0.1404038583704462 NaN 18.231228246792185 4.202924201718816E-5 2.2694995000168725 5.75102924411583E-7
9.117286787112167 0.0 16.70199029427022 0.1443649073244011 NaN 18.38902857905531 4.156112191148705E-5 2.2633841500777523 5.610752726367611E-7
9.137113781384246 0.0 16.9843807619951 0.1483760122589205 NaN 18.53734621140346 4.110331791964878E-5 2.257229864902812 5.477672634866707E-7
9.156940775656322 0.0 17.26873019219923 0.1524366992270341 NaN 18.682235863001193 4.066886170645239E-5 2.250970969419776 5.351218136836194E-7
9.176767769928398 0.0 17.55497675895094 0.1565467944130939 NaN 18.827636019647123 4.023664943431696E-5 2.244764214730401 5.227656032410231E-7
9.196594764200473 0.0 17.84313131160185 0.1607063097020862 NaN 18.973554420345263 3.9806665009468226E-5 2.23860942185936 5.106911992946118E-7
9.216421758472547 0.0 18.13320478238874 0.1649152569828106 NaN 19.119998773598148 3.937889232815656E-5 2.232506374687697 4.988913831789406E-7
9.236248752744626 0.0 18.42520818722645 0.169173648147879 NaN 19.266976748446805 3.8953315276668384E-5 2.22645481770716 4.873591430371263E-7
9.256075747016702 0.0 18.7191526265101 0.1734814950937192 NaN 19.41449596482175 3.8529917731361625E-5 2.2204544536597393 4.7608766673315845E-7
9.275902741288778 0.0 19.01504928592646 0.1778388097205755 NaN 19.56256398319698 3.810868355855377E-5 2.2145049410281405 4.6507033504376764E-7
9.295729735560855 0.0 19.31290943727477 0.1822456039325107 NaN 19.71118829352274 3.7689596614611757E-5 2.2086058914228617 4.543007151320771E-7
9.31555672983293 0.0 19.61274443929691 0.1867018896374075 NaN 19.86037630333138 3.727264074592619E-5 2.202756866802665 4.437725542757868E-7
9.335383724105005 0.0 19.91456573851738 0.1912076787469696 NaN 20.010135325006733 3.6857799788874976E-5 2.196957376547493 4.334797738444105E-7
9.355210718377084 0.0 20.2183848700929 0.1957629831767236 NaN 20.160472562143738 3.644505756985678E-5 2.1912068743756334 4.234164635156937E-7
9.37503771264916 0.0 20.52421345867194 0.2003678148460212 NaN 20.311395094927782 3.603439790525471E-5 2.1855047550814284 4.135768757162353E-7
9.394864706921236 0.0 20.83206321926426 0.2050221856780391 NaN 20.462909864525802 3.5625804601435336E-5 2.1798503511024565 4.039554202800723E-7
9.41469170119331 0.0 21.14194595812063 0.2097261075997816 NaN 20.615023656292202 3.5219261454777394E-5 2.174242928868773 3.9454665931124903E-7
9.434518695465385 0.0 21.45387357362293 0.2144795925420832 NaN 20.767743081877295 3.481475225158759E-5 2.168681684968534 3.853453022451546E-7
9.454345689737464 0.0 21.76785805718441 0.2192826524396076 NaN 20.921074560038225 3.441226076823075E-5 2.1631657420843498 3.7634620109983404E-7
9.47417268400954 0.0 22.08391149416088 0.2241352992308513 NaN 21.07502429606159 3.401177077094512E-5 2.1576941446804967 3.6754434590227655E-7
9.493999678281616 0.0 22.40204606477238 0.2290375448581439 NaN 21.22959825981478 3.361326601600887E-5 2.1522658544584594 3.5893486029302835E-7
9.513826672553693 0.0 22.72227404503582 0.2339894012676507 NaN 21.38480216219179 3.321673024956692E-5 2.1468797455263053 3.50512997289824E-7
9.533653666825767 0.0 23.04460780770869 0.2389908804093736 NaN 21.540641429941285 3.2822147207824196E-5 2.141534599302401 3.4227413521561554E-7
9.553480661097844 0.0 23.3690598232438 0.2440419942371525 NaN 21.697121178666293 3.242950061682464E-5 2.136229099075308 3.342137737677263E-7
9.573307655369922 0.0 23.6956426607555 0.2491427547086666 NaN 21.85424618397929 3.203877419264634E-5 2.1309618242732205 3.2632753024092415E-7
9.593134649641998 0.0 24.02436898899738 0.2542931737854384 NaN 22.01202085054007 3.1649951641203544E-5 2.1257312443540397 3.186111358811109E-7
9.612961643914073 0.0 24.35525157735142 0.2594932634328313 NaN 22.170449178976202 3.126301665837675E-5 2.1205357123359385 3.1106043237611843E-7
9.632788638186147 0.0 24.68830329682922 0.2647430356200538 NaN 22.329534730396613 3.087795293005191E-5 2.1153734579154397 3.0367136847145415E-7
9.652615632458224 0.0 25.02353712108504 0.2700425023201605 NaN 22.48928058833004 3.0494744131891817E-5 2.1102425801328697 2.9643999670239615E-7
9.672442626730302 0.0 25.36096612744106 0.2753916755100531 NaN 22.649689318011433 3.0113373929554202E-5 2.105141039603755 2.8936247025015017E-7
9.692269621002378 0.0 25.70060349792485 0.2807905671704827 NaN 22.810762922690138 2.9733825978584602E-5 2.1000666502340737 2.8243503990409786E-7
9.712096615274454 0.0 26.04246252031948 0.2862391892860509 NaN 22.972502796746273 2.9356083924406776E-5 2.095017070381796 2.7565405112974564E-7
9.73192360954653 0.0 26.38655658922616 0.2917375538452116 NaN 23.13490967544221 2.898013140235717E-5 2.089989793461316 2.690159412415308E-7
9.751750603818605 0.0 26.73289920713978 0.2972856728402726 NaN 23.297983580957922 2.860595203765045E-5 2.0849821379128435 2.625172366715201E-7
9.771577598090682 0.0 27.08150398553734 0.3028835582673952 NaN 23.46172376446577 2.8233529445381432E-5 2.079991236485441 2.5615455033014884E-7
9.79140459236276 0.0 27.43238464598002 0.3085312221266005 NaN 23.626128643881547 2.7862847230521255E-5 2.075014024811689 2.499245790591251E-7
9.811231586634836 0.0 27.78555502122795 0.314228676421765 NaN 23.791195737004482 2.749388898791546E-5 2.07004722918259 2.438241011677746E-7
9.83105858090691 0.0 28.14102905636923 0.3199759331606278 NaN 23.95543171341071 2.712663830228016E-5 2.065087353485762 2.3786476681572033E-7
9.850885575178985 0.0 28.49879127019516 0.3257732208129581 NaN 24.116416788270506 2.6873126435378062E-5 2.059879140641244 2.3300856209535885E-7
9.870712569451062 0.0 28.85879295825434 0.3316208787603434 NaN 24.276924358088536 2.6640952175326235E-5 2.054678476241029 2.284291078713271E-7
9.89053956372314 0.0 29.22102628436497 0.3375188486662797 NaN 24.437128812895317 2.6410887387536797E-5 2.0495316124128307 2.239584495188826E-7
9.910366557995216 0.0 29.5854842367162 0.3434670656486228 NaN 24.597029731301657 2.6182908594686265E-5 2.044437686919769 2.1959345077342165E-7
9.930193552267292 0.0 29.9521598328413 0.3494654649367426 NaN 24.75662663224573 2.5956992396114457E-5 2.039395826721036 2.1533107856156104E-7
9.950020546539369 0.0 30.32104611946443 0.3555139818712874 NaN 24.915918970987136 2.5733115467809175E-5 2.034405147924292 2.1116839909648403E-7
9.969847540811443 0.0 30.69213617234804 0.3616125519039395 NaN 25.07490613489089 2.551125456212305E-5 2.0294647556546184 2.0710257413367063E-7
9.98967453508352 0.0 31.06542309614145 0.367761110597178 NaN 25.233587439334137 2.5291386507497993E-5 2.0245737439590976 2.0313085739101712E-7
10.0095015293556 0.0 31.44090002423049 0.3739595936240439 NaN 25.39196212361893 2.507348820822221E-5 2.019731195715762 1.9925059112321755E-7
10.02932852362767 0.0 31.81856011858801 0.3802079367679024 NaN 25.550029346736046 2.485753664422737E-5 2.0149361825182464 1.9545920284134353E-7
10.04915551789975 0.0 32.19839656962493 0.386506075922202 NaN 25.707788183407136 2.464350887079588E-5 2.0101877645775055 1.91754202170365E-7
10.06898251217182 0.0 32.58040259604299 0.3928539470902454 NaN 25.865237619889392 2.4431382018415447E-5 2.0054849906475716 1.8813317784440078E-7
10.0888095064439 0.0 32.96457144468769 0.3992514863849506 NaN 26.02237654992594 2.4221133292365793E-5 2.000826897889229 1.8459379481889005E-7
10.10863650071598 0.0 33.35089639040264 0.4056986300286177 NaN 26.1792037706084 2.4012739972645956E-5 1.99621251179539 1.8113379151216437E-7
10.12846349498805 0.0 33.73937073588428 0.41219531435269 NaN 26.33571797831655 2.3806179413698757E-5 1.9916408460881743 1.7775097715658819E-7
10.14829048926013 0.0 34.12998781153826 0.4187414757975293 NaN 26.49191776464393 2.360142904410849E-5 1.9871109026100726 1.7444322925828492E-7
10.16811748353221 0.0 34.52274097533595 0.4253370509121756 NaN 26.647801612313522 2.3398466366442096E-5 1.9826216712389848 1.712084911642135E-7
10.18794447780428 0.0 34.91762361267245 0.43198197635412 NaN 26.803367890943473 2.3197268956948792E-5 1.9781721297548622 1.6804476972412447E-7
10.20777147207636 0.0 35.31462913622486 0.4386761888890685 NaN 26.95861485322012 2.29978144653821E-5 1.9737612437756147 1.6495013305153985E-7
10.22759846634844 0.0 35.71375098581214 0.4454196253907146 NaN 27.113540630523918 2.2800080614756863E-5 1.9693879666092535 1.6192270837091113E-7
10.24742546062051 0.0 36.11498262825521 0.4522122228405083 NaN 27.268143228928533 2.2604045201045014E-5 1.9650512391709027 1.5896067995379392E-7
10.26725245489259 0.0 36.51831755723817 0.4590539183274235 NaN 27.422420525153107 2.2409686093039717E-5 1.960749989861159 1.5606228713569218E-7
10.28707944916466 0.0 36.9237492931707 0.4659446490477348 NaN 27.57637026219347 2.221698123206838E-5 1.9564831344392994 1.5322582241204205E-7
10.30690644343674 0.0 37.33127138305045 0.4728843523047813 NaN 27.72999004547538 2.2025908631879752E-5 1.9522495759298488 1.50449629610243E-7
10.32673343770881 0.0 37.74087740032721 0.4798729655087436 NaN 27.88327733828432 2.1836446378045034E-5 1.948048204442425 1.4773210212753845E-7
10.34656043198089 0.0 38.15256094476738 0.4869104261764153 NaN 28.03622945796705 2.1648572628340558E-5 1.9438778971129238 1.450716812495088E-7
10.36638742625297 0.0 38.56631564231925 0.493996671930973 NaN 28.188843571382577 2.1462265611932695E-5 1.9397375178975007 1.424668545188736E-7
10.38621442052504 0.0 38.98213514497963 0.501131640501757 NaN 28.341116690751395 2.127750362947543E-5 1.935625917473036 1.3991615417939477E-7
10.40604141479712 0.0 39.4000131306606 0.5083152697240387 NaN 28.493045669361287 2.1094265052767865E-5 1.931541933057089 1.3741815567170515E-7
10.4258684090692 0.0 39.81994330305738 0.5155474975387976 NaN 28.64462719728323 2.0912528324650907E-5 1.9274843882894077 1.3497147619279786E-7
10.44569540334127 0.0 40.24191939151724 0.5228282619924975 NaN 28.79585779670913 2.073227195858631E-5 1.9234520929940015 1.325747733018742E-7
10.46552239761335 0.0 40.66593515090895 0.5301575012368634 NaN 28.94673381787541 2.0553474538624163E-5 1.9194438430776541 1.3022674358846416E-7
10.48534939188543 0.0 41.09198436149294 0.5375351535286543 NaN 29.097251434162967 2.0376114719004894E-5 1.9154584202579614 1.279261213807791E-7
10.5051763861575 0.0 41.52006082879252 0.5449611572294462 NaN 29.247406637909272 2.0200171224121016E-5 1.9114945919695117 1.2567167751381692E-7
10.52500338042958 0.0 41.95015838346551 0.5524354508054021 NaN 29.398053769815473 2.0025622848157397E-5 1.9075511110611814 1.2345861256746294E-7
10.54483037470165 0.0 42.38228790333094 0.5599583002834042 NaN 29.554576058206866 1.9872110867344865E-5 1.9034419720068423 1.213722242708873E-7
10.56465736897373 0.0 42.81658177246882 0.5675322674808112 NaN 29.711185685015472 1.9746872070038826E-5 1.8991222865705324 1.1947467085287665E-7
10.58448436324581 0.0 43.25306111562144 0.5751577001523758 NaN 29.867342321985262 1.9623512975342334E-5 1.8948488802268384 1.1762104971963313E-7
10.60431135751788 0.0 43.69171591832181 0.5828343408498778 NaN 30.023047089194776 1.9502006102564218E-5 1.8906210355552764 1.1581012636784043E-7
10.62413835178996 0.0 44.1325362271952 0.590561933839366 NaN 30.178300999940607 1.9382324274773478E-5 1.8864380200436128 1.1404070474977642E-7
10.64396534606204 0.0 44.57551214949393 0.5983402250869146 NaN 30.333104957934673 1.9264440615301654E-5 1.8822990864569036 1.1231162592503173E-7
10.66379234033411 0.0 45.02063385263638 0.6061689622445151 NaN 30.48745975428653 1.9148328544237494E-5 1.878203473100576 1.1062176675990138E-7
10.68361933460619 0.0 45.46789156375057 0.6140478946361219 NaN 30.641366065033587 1.903396177491018E-5 1.8741504041835546 1.0897003868178554E-7
10.70344632887826 0.0 45.91727556922137 0.6219767732438224 NaN 30.794824448493127 1.89213143106251E-5 1.8701390901692185 1.073553864836729E-7
10.72327332315034 0.0 46.36877621424206 0.6299553506941505 NaN 30.94783534295506 1.881036044124656E-5 1.866168728110748 1.0577678717219555E-7
10.74310031742242 0.0 46.82238390236995 0.6379833812445322 NaN 31.100399064301858 1.870107473985702E-5 1.8622385020077348 1.0423324886224455E-7
10.76292731169449 0.0 47.27808909508633 0.6460606207698779 NaN 31.252515804011722 1.8593432059534973E-5 1.8583475832236902 1.0272380971695269E-7
10.78275430596657 0.0 47.7358823113595 0.6541868267492787 NaN 31.404185626998167 1.8487407530098376E-5 1.8544951307816862 1.0124753692198519E-7
10.80258130023865 0.0 48.19575412721298 0.6623617582528692 NaN 31.555408469954425 1.838297655493609E-5 1.8506802918386591 9.98035257076575E-8
10.82240829451072 0.0 48.6576951752965 0.6705851759287905 NaN 31.706184139489437 1.8280114807858466E-5 1.846902202037415 9.839089840235854E-8
10.8422352887828 0.0 49.12169614446164 0.6788568419902962 NaN 31.856512310634105 1.8178798229967054E-5 1.8431599859049972 9.700880352327475E-8
10.86206228305487 0.0 49.58774777934061 0.6871765202029768 NaN 32.006392525292014 1.807900302660852E-5 1.8394527572763446 9.565641490334699E-8
10.88188927732695 0.0 50.05584087992961 0.6955439758721194 NaN 32.155824191092734 1.7980705664378274E-5 1.8357796197028182 9.433293084924526E-8
10.90171627159902 0.0 50.52596630117511 0.7039589758301776 NaN 32.30480658004133 1.7883882868032294E-5 1.8321396668728407 9.303757333158413E-8
10.9215432658711 0.0 50.99811495256446 0.712421288424375 NaN 32.45333882757239 1.778851161764385E-5 1.8285319830221518 9.176958720484317E-8
10.94137026014318 0.0 51.4722777977195 0.7209306835044177 NaN 32.60141993166123 1.769456914560714E-5 1.8249556433827046 9.052823945721512E-8
10.96119725441526 0.0 51.94844585399485 0.7294869324103423 NaN 32.74904875193282 1.760203293383229E-5 1.8214097145928514 8.931281848720352E-8
10.98102424868733 0.0 52.42661019207833 0.7380898079604608 NaN 32.89622400907288 1.7510880710817876E-5 1.8178932551405822 8.812263340700674E-8
11.00085124295941 0.0 52.90676193559647 0.7467390844394459 NaN 33.04294428435437 1.7421090448895682E-5 1.8144053157977185 8.695701337154651E-8
11.02067823723148 0.0 53.3888922607221 0.7554345375865069 NaN 33.18920801905096 1.73326403614601E-5 1.8109449400433233 8.581530693169736E-8
11.04050523150356 0.0 53.87299239578669 0.7641759445837032 NaN 33.33501351435916 1.7245508900197575E-5 1.8075111645188096 8.469688141121084E-8
11.06033222577564 0.0 54.35905362089509 0.772963084044351 NaN 33.48035893110498 1.7159674752427017E-5 1.8041030194542071 8.36011223059667E-8
11.08015922004771 0.0 54.84706726754441 0.7817957360015542 NaN 33.62524228960641 1.707511683837513E-5 1.8007195290971183 8.25274327043258E-8
11.09998621431979 0.0 55.33702471824556 0.7906736818968366 NaN 33.76966146999611 1.6991814308581896E-5 1.7973597121647535 8.147523272889206E-8
11.11981320859186 0.0 55.82891740614913 0.7995967045688951 NaN 33.913614212060466 1.6909746541306015E-5 1.7940225822612084 8.044395899789099E-8
11.13964020286394 0.0 56.32273681467344 0.8085645882424439 NaN 34.05709811579619 1.6828893139884457E-5 1.79070714832101 7.943306410503303E-8
11.15946719713602 0.0 56.81847447713674 0.8175771185171834 NaN 34.20011064153734 1.674923393027568E-5 1.7874124150191506 7.844201611830245E-8
11.17929419140809 0.0 57.31612197639182 0.8266340823568548 NaN 34.34264911068944 1.6670748958465082E-5 1.7841373832386114 7.747029809700074E-8
11.19912118568017 0.0 57.81567094446497 0.8357352680784217 NaN 34.48471070603212 1.6593418488069473E-5 1.7808810504268358 7.651740762296713E-8
11.21894817995224 0.0 58.31711306219667 0.8448804653413291 NaN 34.62629247251377 1.651722299788793E-5 1.7776424110625972 7.558285635173906E-8
11.23877517422432 0.0 58.82044005888686 0.8540694651368936 NaN 34.76770169583067 1.6442143179349368E-5 1.7744204570548339 7.466550301723717E-8
11.2586021684964 0.0 59.32564986580052 0.8633046527278312 NaN 34.90748181401239 1.633990057817739E-5 1.7708367522073545 7.362493812367004E-8
11.27842916276848 0.0 59.83275105933327 0.8725884175453203 NaN 35.047612494280166 1.6239194625500058E-5 1.7672797943728469 7.260436716324129E-8
11.29825615704055 0.0 60.34175136042376 0.8819205267830561 NaN 35.18810620065076 1.6140058864702488E-5 1.763750916199857 7.160363262692562E-8
11.31808315131263 0.0 60.8526585320773 0.8913007491090817 NaN 35.32897102781998 1.604246826709844E-5 1.7602505991331692 7.062229405711001E-8
11.3379101455847 0.0 61.36548037966721 0.9007288546650082 NaN 35.47021482126592 1.5946398075425755E-5 1.7567792628248884 6.965991948036938E-8
11.35773713985678 0.0 61.88022475122482 0.910204615054308 NaN 35.611845158484115 1.585182380081942E-5 1.7533372636091038 6.871608522149051E-8
11.37756413412885 0.0 62.39689953773068 0.9197278033307034 NaN 35.75386932958835 1.575872121978841E-5 1.7499248929771685 6.779037572158347E-8
11.39739112840093 0.0 62.91551267340946 0.9292981939866855 NaN 35.8962943184628 1.56670663711811E-5 1.7465423761717793 6.688238336240828E-8
11.41721812267301 0.0 63.43607213602589 0.9389155629421168 NaN 36.03912678310627 1.5576835553376395E-5 1.7431898707333653 6.599170829390382E-8
11.43704511694508 0.0 63.95858594718455 0.9485796875329708 NaN 36.18237303598995 1.5488005321203196E-5 1.7398674651110229 6.51179582654989E-8
11.45687211121716 0.0 64.48306217263064 0.9582903465001466 NaN 36.32603902453128 1.5400552483315277E-5 1.736575177311545 6.4260748462987E-8
11.47669910548924 0.0 65.00950892255487 0.9680473199784226 NaN 36.47013031100459 1.5314454099041822E-5 1.7333129535754161 6.341970134753186E-8
11.49652609976131 0.0 65.53793435189915 0.9778503894854818 NaN 36.61465205259165 1.5229687475835017E-5 1.73008066708948 6.259444650051931E-8
11.51635309403339 0.0 66.0683466606665 0.9876993379110695 NaN 36.75960898132374 1.5146230166434398E-5 1.7268781167401173 6.178462047105505E-8
11.53618008830546 0.0 66.600754094232 0.9975939495062264 NaN 36.90500538356971 1.5064059966146037E-5 1.7237050258785362 6.098986662725325E-8
11.55600708257754 0.0 67.13516494365761 1.007534009872651 NaN 37.05084507997581 1.4983154910056674E-5 1.7205610411719594 6.020983501159604E-8
11.57583407684962 0.0 67.67158754600867 1.017519305952131 NaN 37.19713140465382 1.4903493270519521E-5 1.717445731416567 5.9444182199244005E-8
11.59566107112169 0.0 68.2100302846737 1.027549626016103 NaN 37.34386718466119 1.4825053554437279E-5 1.7143585864504378 5.8692571160455516E-8
11.61548806539377 0.0 68.75050158968614 1.037624759655287 NaN 37.491054719579274 1.474781450059488E-5 1.7112990160899435 5.7954671125689435E-8
11.63531505966585 0.0 69.29300993804985 1.047744497769431 NaN 37.63869576028638 1.4671755077229512E-5 1.708266349049833 5.723015745415275E-8
11.65514205393792 0.0 69.83756385406599 1.057908632557145 NaN 37.7867914883362 1.4596854479359525E-5 1.7052598319644912 5.6518711505613887E-8
11.67496904821 0.0 70.38417190966403 1.068116957505834 NaN 37.935342494982464 1.4523092126480736E-5 1.702278628402519 5.5820020515635786E-8
11.69479604248207 0.0 70.93284272473429 1.078369267381716 NaN 38.084348759856745 1.4450447659795859E-5 1.6993218179044283 5.513377747192434E-8
11.71462303675415 0.0 71.48358496746428 1.088665358219951 NaN 38.233809630274216 1.4378900940002632E-5 1.6963883951191245 5.4459680996731644E-8
11.73445003102623 0.0 72.0364073546771 1.099005027314836 NaN 38.38372379965279 1.4308432044638061E-5 1.693477268884313 5.3797435228542054E-8
11.7542770252983 0.0 72.59131865217321 1.109388073210104 NaN 38.5340892859436 1.4239021266279831E-5 1.6905872613362134 5.3146749709454E-8
11.77410401957038 0.0 73.14832767507498 1.119814295689326 NaN 38.684903410982216 1.4170649109293576E-5 1.687717107193647 5.250733927277418E-8
11.79393101384246 0.0 73.7074432881739 1.130283495766375 NaN 38.836162778258036 1.4103296288118484E-5 1.684865452863956 5.1878923934373164E-8
11.81375800811453 0.0 74.2686744062807 1.140795475675991 NaN 38.98786325173426 1.4036943724802875E-5 1.682030855733683 5.1261228786946506E-8
11.83358500238661 0.0 74.83202999457947 1.15135003886444 NaN 39.13999993381746 1.397157254682294E-5 1.679211783364908 5.065398389488391E-8
11.85341199665868 0.0 75.39751906898269 1.161946989980237 NaN 39.29256714370571 1.3907164084740777E-5 1.6764066128102062 5.005692419299964E-8
11.87323899093076 0.0 75.96515069649189 1.172586134864993 NaN 39.4455583957526 1.3843699869655767E-5 1.673613629944943 4.9469789386273005E-8
11.89306598520284 0.0 76.5349339955589 1.183267280544285 NaN 39.59896637672614 1.3781161631972357E-5 1.670831028681355 4.889232385344833E-8
11.91289297947491 0.0 77.10687813645201 1.193990235218678 NaN 39.75278292436359 1.3719531297933025E-5 1.6680569104287744 4.832427654950076E-8
11.93271997374699 0.0 77.6809923416243 1.204754808254775 NaN 39.905291370164235 1.3658790988630974E-5 1.6652892833451889 4.7767444899299144E-8
11.95254696801907 0.0 78.25725202882788 1.215561270032794 NaN 40.04945102277404 1.3585748651054276E-5 1.6623908127505196 4.7180189318404734E-8
11.97237396229114 0.0 78.8355109204111 1.226411601407319 NaN 40.19235650005739 1.3503981491738053E-5 1.6594070527415639 4.656836840369026E-8
11.99220095656322 0.0 79.4157581680984 1.23730602071463 NaN 40.33566806695098 1.3423498190464398E-5 1.656443843575626 4.596785871124785E-8
12.01202795083529 0.0 79.99800217923966 1.248244489634746 NaN 40.4793926080095 1.3344279763894327E-5 1.6535014461917166 4.537842268482575E-8
12.03185494510737 0.0 80.58225140865025 1.259226969892091 NaN 40.623536827056405 1.3266307271938838E-5 1.6505800860617876 4.4799826686460536E-8
12.05168193937944 0.0 81.16851435894579 1.270253423255411 NaN 40.768107232638705 1.318956181796557E-5 1.647679951988094 4.4231840924169985E-8
12.07150893365152 0.0 81.75679958088124 1.281323811537731 NaN 40.91311012384142 1.3114024548354887E-5 1.6448011949554495 4.367423937950353E-8
12.0913359279236 0.0 82.34711567369116 1.292438096596265 NaN 41.058551575201854 1.3039676652783065E-5 1.6419439269168 4.3126799737677234E-8
12.11116292219568 0.0 82.93947128543495 1.303596240332382 NaN 41.20443742228206 1.296649936377073E-5 1.6391082197173843 4.258930331912484E-8
12.13098991646775 0.0 83.53387511334257 1.314798204691515 NaN 41.35077324636774 1.2894473956805315E-5 1.6362941039236667 4.20615350122085E-8
12.15081691073983 0.0 84.13033590416552 1.326043951663115 NaN 41.4975643593988 1.2823581750249223E-5 1.633501567714841 4.15432832074444E-8
12.1706439050119 0.0 84.72886245452919 1.337333443280579 NaN 41.644815788632734 1.275380410514848E-5 1.6307305558178817 4.1034339733574665E-8
12.19047089928398 0.0 85.32946361128919 1.348666641621191 NaN 41.792532261094195 1.2685122425125597E-5 1.6279809683940822 4.053449979364366E-8
12.21029789355605 0.0 85.93214827189009 1.360043508806053 NaN 41.940718187985524 1.261751815639487E-5 1.6252526600171577 4.004356190455315E-8
12.23012488782813 0.0 86.53692538472816 1.371464007000031 NaN 42.08937764857137 1.2550972787754724E-5 1.6225454385661096 3.956132783560798E-8
12.24995188210021 0.0 87.14380394951554 1.38292809841168 NaN 42.23851437500095 1.248546785004432E-5 1.6198590643179809 3.908760255009338E-8
12.26977887637228 0.0 87.75279301764975 1.394435745293187 NaN 42.38813173517689 1.2420984916755832E-5 1.6171932488064287 3.862219414724908E-8
12.28960587064436 0.0 88.36390169258446 1.405986909940315 NaN 42.538232717689525 1.23575056031543E-5 1.614547653969633 3.816491380529266E-8
12.30943286491644 0.0 88.97713913020493 1.417581554692328 NaN 42.68881991449149 1.2295011566920512E-5 1.6119218910726176 3.77155757264616E-8
12.32925985918851 0.0 89.59251453920506 1.429219641931931 NaN 42.83989550516405 1.22334845074622E-5 1.609315519847991 3.72739970822705E-8
12.34908685346059 0.0 90.21003718146984 1.440901134085216 NaN 42.99146123995811 1.2172906166266093E-5 1.6067280475041201 3.683999796053319E-8
12.36891384773266 0.0 90.82971637245896 1.452625993621587 NaN 43.14351842296546 1.2113258326545867E-5 1.6041589278212351 3.6413401312742016E-8
12.38874084200474 0.0 91.45156148159568 1.464394183053711 NaN 43.29606789566804 1.2054522813272743E-5 1.6016075602839923 3.599403290367951E-8
12.40856783627681 0.0 92.07558193265702 1.476205664937442 NaN 43.44911001976197 1.1996681492930591E-5 1.5990732891964996 3.5581721260959463E-8
12.42839483054889 0.0 92.70178720416973 1.488060401871772 NaN 43.60264465982522 1.193971627359245E-5 1.5965554027709423 3.5176297625628126E-8
12.44822182482097 0.0 93.33018682980725 1.499958356498754 NaN 43.7566711663331 1.1883609104882276E-5 1.5940531323193512 3.4777595904982205E-8
12.46804881909304 0.0 93.96079039879243 1.511899491503456 NaN 43.91118835810197 1.1828341977668784E-5 1.591565651413848 3.438545262488163E-8
12.48787581336512 0.0 94.59360755630183 1.523883769613884 NaN 44.066194504710985 1.1773896924057812E-5 1.589092075023347 3.3999706883002094E-8
12.5077028076372 0.0 95.22864800387526 1.53591115360094 NaN 44.221687309009 1.1720256017300465E-5 1.5866314587633197 3.362020030475906E-8
12.52752980190927 0.0 95.86592149982724 1.547981606278334 NaN 44.3776638883225 1.1667401371877314E-5 1.584182797962537 3.3246776997346595E-8
12.54735679618135 0.0 96.50543785966374 1.560095090502547 NaN 44.53412075761985 1.1615315143169286E-5 1.5817450270180649 3.287928350777696E-8
12.56718379045342 0.0 97.14720695650082 1.57225156917275 NaN 44.691053810022446 1.1563979527381138E-5 1.5793170184696321 3.2517568778257414E-8
12.5870107847255 0.0 97.79123872148904 1.58445100523076 NaN 44.84845829879727 1.1513376761709826E-5 1.5768975822531373 3.2161484105474714E-8
12.60683777899758 0.0 98.43754314423965 1.596693361660966 NaN 45.00632881870397 1.1463489123908258E-5 1.5744854649431193 3.1810883098946893E-8
12.62666477326965 0.0 99.08613027325578 1.608978601490273 NaN 45.16456620430261 1.1414298932499596E-5 1.5720793488360816 3.1465686488415137E-8
12.64649176754173 0.0 99.73700837083696 1.621306738218466 NaN 45.31733813881271 1.1363138786658545E-5 1.5696579243992543 3.112209829940518E-8
12.66631876181381 0.0 100.3900733766074 1.633680744280115 NaN 45.46604674210397 1.1296925053960398E-5 1.5671247733746374 3.0741582223287597E-8
12.68614575608588 0.0 101.0452644894616 1.646102073278613 NaN 45.61500474068431 1.1231773579460698E-5 1.5646038031136889 3.0367937736819205E-8
12.70597275035796 0.0 101.7025872730648 1.658570307483403 NaN 45.76422001413991 1.1167664382629263E-5 1.5620956945858258 3.000101891473646E-8
12.72579974463004 0.0 102.3620473105105 1.671085034066035 NaN 45.913700094482046 1.1104577841640643E-5 1.5596010715391293 2.964068252534895E-8
12.74562673890211 0.0 103.0236502044072 1.683645845028486 NaN 46.063452148877694 1.1042494686485962E-5 1.5571204997327335 2.9286787974498212E-8
12.76545373317419 0.0 103.6874015769619 1.696252337132695 NaN 46.213482963072856 1.0981395991816883E-5 1.5546544862225022 2.8939197249599273E-8
12.78528072744626 0.0 104.3533070700675 1.708904111831371 NaN 46.363798924336486 1.0921263170447781E-5 1.5522034786977381 2.8597774866934707E-8
12.80510772171834 0.0 105.0213723453879 1.721600775199964 NaN 46.514406005741094 1.0862077966574732E-5 1.5497678649181421 2.8262387819423498E-8
12.82493471599042 0.0 105.6916030844452 1.73434193786985 NaN 46.66530974864323 1.0803822449446055E-5 1.5473479720192593 2.7932905524502014E-8
12.84476171026249 0.0 106.3640049887068 1.747127214962646 NaN 46.81651524755494 1.074647900675734E-5 1.5449440661046985 2.7609199775307322E-8
12.86458870453457 0.0 107.0385837796729 1.759956226025674 NaN 46.96802713296342 1.0690030338934269E-5 1.5425563515924678 2.7291144691155627E-8
12.88441569880664 0.0 107.7153451989645 1.772828594968525 NaN 47.119849555577545 1.0634459452588871E-5 1.5401849707982609 2.6978616669564122E-8
12.90424269307872 0.0 108.3942950084123 1.785743950000723 NaN 47.27198617056494 1.0579749654978374E-5 1.537830003486778 2.6671494340504078E-8
12.9240696873508 0.0 109.0754389901449 1.798701923570436 NaN 47.42444012213042 1.052588454792832E-5 1.5354914665153656 2.63696585209427E-8
12.94389668162288 0.0 109.7587829466794 1.811702152304262 NaN 47.577214027389495 1.0472848022337345E-5 1.5331693133993864 2.6072992170139053E-8
12.96372367589495 0.0 110.4443327010102 1.824744276947992 NaN 47.73030996022118 1.042062425262073E-5 1.5308634338897493 2.5781380345286155E-8
12.98355067016703 0.0 111.1320940967005 1.837827942308444 NaN 47.88372943765291 1.036919769116926E-5 1.5285736538588872 2.549471016129831E-8
13.0033776644391 0.0 111.822072997972 1.850952797196199 NaN 48.03747340329228 1.0318553063213718E-5 1.5262997348733214 2.5212870748125532E-8
13.02320465871118 0.0 112.5142752897974 1.864118494369386 NaN 48.19154221307643 1.0268675361421505E-5 1.5240413740156358 2.493575321062841E-8
13.04303165298325 0.0 113.2087068779915 1.877324690478343 NaN 48.34593561922516 1.0219549840906554E-5 1.5217982035570423 2.466325058819831E-8
13.06285864725533 0.0 113.905373689304 1.890571046011253 NaN 48.50065275746278 1.0171162014262201E-5 1.5195697909683294 2.439525781852787E-8
13.08268564152741 0.0 114.6042816715121 1.903857225240659 NaN 48.65569213043286 1.0123497646762428E-5 1.5173556385430282 2.413167169766921E-8
13.10251263579948 0.0 115.305436793514 1.917182896170893 NaN 48.811051594234925 1.007654275127994E-5 1.5151551833799612 2.387239084392579E-8
13.12233963007156 0.0 116.0088450454224 1.930547730486356 NaN 48.966728344220826 1.0030283584053776E-5 1.5129677972589801 2.3617315662661824E-8
13.14216662434364 0.0 116.7145124386593 1.943951403500682 NaN 49.122718900099265 9.984706639760433E-6 1.5107927864975619 2.3366348309758302E-8
13.16199361861571 0.0 117.4224450060504 1.957393594106719 NaN 49.27901909272716 9.939798647082501E-6 1.5086293919716707 2.311939265826691E-8
13.18182061288779 0.0 118.1326488019214 1.970873984727355 NaN 49.43562404909609 9.895546564652291E-6 1.506476788949324 2.2876354264142023E-8
13.20164760715986 0.0 118.8451299021918 1.984392261267119 NaN 49.592528180149756 9.851937576207165E-6 1.5043340872513822 2.263714033408949E-8
13.22147460143194 0.0 119.5598944044739 1.997948113064638 NaN 49.74972516538971 9.80895908690055E-6 1.502200331053959 2.2401659692374146E-8
13.24130159570402 0.0 120.2769484281676 2.011541232845793 NaN 49.90720794009074 9.7665987188782E-6 1.5000744989961665 2.2169822749624524E-8
13.26112858997609 0.0 120.9962981145589 2.025171316677704 NaN 50.06496868236268 9.724844307237152E-6 1.4979555042773496 2.1941541472651298E-8
13.28095558424817 0.0 121.7179496269173 2.038838063923427 NaN 50.22299879851733 9.68368389639795E-6 1.4958421945427622 2.171672935307832E-8
13.30078257852024 0.0 122.4419091505949 2.052541177197407 NaN 50.38128891151633 9.643105735788075E-6 1.4937333521731957 2.1495301379245765E-8
13.32060957279232 0.0 123.1681828931243 2.066280362321622 NaN 50.539828845593796 9.603098276321327E-6 1.4916276940800437 2.1277174004605006E-8
13.3404365670644 0.0 123.8967770843195 2.080055328282485 NaN 50.69600411407813 9.563650166708835E-6 1.4895238720932549 2.1063346778574668E-8
13.36026356133647 0.0 124.6276463567657 2.093866926478031 NaN 50.8448921160105 9.514241432122752E-6 1.4873736541607283 2.0832044593587923E-8
13.38009055560855 0.0 125.3606567723937 2.107718122756145 NaN 50.993666018397896 9.461477592801156E-6 1.4852116487059313 2.059548502269053E-8
13.39991754988062 0.0 126.0958106068854 2.121609037076857 NaN 51.14293736358468 9.409587609073688E-6 1.4830582384157311 2.0362964395544078E-8
13.4197445441527 0.0 126.8331184918189 2.135539610969166 NaN 51.29271640804215 9.358553502201152E-6 1.480913950043754 2.013439588266145E-8
13.43957153842478 0.0 127.5725911292001 2.149509786076781 NaN 51.44301316290087 9.308357361820828E-6 1.4787792723808335 1.990969379797339E-8
13.45939853269685 0.0 128.3142392920475 2.163519504157847 NaN 51.5938373710595 9.258981346619958E-6 1.4766546546164931 1.9688773581834603E-8
13.47922552696893 0.0 129.0580738249812 2.177568707084659 NaN 51.74519848784671 9.210407682743831E-6 1.474540505083809 1.9471551782918942E-8
13.49905252124101 0.0 129.80410564482 2.191657336843391 NaN 51.89710565634597 9.16261866491319E-6 1.4724371895354131 1.9257946041613765E-8
13.51887951551308 0.0 130.552345741182 2.205785335533804 NaN 52.04956768671978 9.11559665498537E-6 1.4703450298431013 1.9047875072060937E-8
13.53870650978516 0.0 131.3028051770935 2.219952645368987 NaN 52.20259303231022 9.069324082612508E-6 1.4682643023988073 1.8841258645862354E-8
13.55853350405723 0.0 132.0554950896021 2.234159208675055 NaN 52.35618976689746 9.023783444476179E-6 1.4661952367088364 1.8638017574856883E-8
13.57836049832931 0.0 132.8104266903977 2.248404967890901 NaN 52.51036556342322 8.978957304195566E-6 1.4641380141372973 1.8438073696629343E-8
13.59818749260139 0.0 133.5676112664378 2.262689865567892 NaN 52.665127667792795 8.934828292205E-6 1.4620927662073862 1.8241349856041516E-8
13.61801448687346 0.0 134.3270601805813 2.277013844369623 NaN 52.82048287863215 8.891379105264132E-6 1.4600595735560278 1.804776989215007E-8
13.63784148114554 0.0 135.0887848722267 2.291376847071615 NaN 52.9764375209579 8.848592506335481E-6 1.458038464266744 1.785725862015719E-8
13.65766847541762 0.0 135.8527968579584 2.305778816561069 NaN 53.132997423925545 8.806451324461975E-6 1.4560294127087698 1.76697418182599E-8
13.67749546968969 0.0 136.6191077321978 2.320219695836563 NaN 53.29016789649466 8.764938454323047E-6 1.4540323381619795 1.748514621186958E-8
13.69732246396177 0.0 137.3877291678634 2.334699428007818 NaN 53.44795370189143 8.724036856066264E-6 1.4520471033677471 1.7303399457924604E-8
13.71714945823384 0.0 138.1586729170348 2.349217956295393 NaN 53.606359036411824 8.683729555077711E-6 1.4500735135686986 1.712443013353083E-8
13.73697645250592 0.0 138.9319508116261 2.363775224030436 NaN 53.76538749963645 8.643999641874853E-6 1.4481113146957012 1.69481677174579E-8
13.756803446778 0.0 139.7075747640637 2.378371174654402 NaN 53.92504207434232 8.604830271647318E-6 1.4461601925817376 1.6774542580075687E-8
13.77663044105007 0.0 140.4855567679739 2.393005751718801 NaN 54.085325097055446 8.566204664088519E-6 1.4442197712885616 1.6603485966404155E-8
13.79645743532215 0.0 141.2659088988744 2.407678898884912 NaN 54.246238236238085 8.528106103150744E-6 1.4422896121853788 1.6434929985476712E-8
13.81628442959423 0.0 142.0486433148752 2.422390559923528 NaN 54.407782462357915 8.490517937106384E-6 1.440369212308735 1.6268807594557992E-8
13.8361114238663 0.0 142.833772257386 2.437140678714685 NaN 54.56995802459287 8.453423577721357E-6 1.438458003395136 1.6105052587449206E-8
13.85593841813838 0.0 143.6213080518306 2.451929199247402 NaN 54.73276442280455 8.416806500561237E-6 1.4365553504634814 1.5943599581363867E-8
13.87576541241045 0.0 144.4112631083686 2.466756065619412 NaN 54.89620038060157 8.380650244409606E-6 1.4346605505841832 1.578438400402251E-8
13.89559240668253 0.0 145.2036499226256 2.481621222036893 NaN 55.06026381698083 8.344938411375182E-6 1.4327728315061496 1.5627342081038972E-8
13.91541940095461 0.0 145.9984810764294 2.496524612814222 NaN 55.22495181893808 8.309654666310169E-6 1.430891350440635 1.547241082362648E-8
13.93524639522668 0.0 146.7957692385557 2.511466182373704 NaN 55.39026061259537 8.274782736764326E-6 1.4290151927479833 1.531952801684247E-8
13.95507338949876 0.0 147.5955271654787 2.526445875245293 NaN 55.5561855332152 8.240306412785984E-6 1.4271433705048735 1.51686322067747E-8
13.97490038377084 0.0 148.3977677021332 2.541463636066365 NaN 55.722720996633036 8.206209546692429E-6 1.4252748213179993 1.501966269014946E-8
13.99472737804291 0.0 149.2025037826813 2.556519409581429 NaN 55.88986046683928 8.172476052549475E-6 1.423408406762443 1.4872559500696114E-8
14.01455437231499 0.0 150.0097484312896 2.571613140641892 NaN 56.0575964249242 8.139089906477599E-6 1.4215429109944733 1.472726339880127E-8
14.03438136658706 0.0 150.8195147629126 2.586744774205775 NaN 56.22531639518548 8.106035145993737E-6 1.4196770393781148 1.4583872510438309E-8
14.05420836085914 0.0 151.6318040097276 2.601914422345228 NaN 56.383122248440145 8.0680015830301E-6 1.4178067390501974 1.4435356095239418E-8
14.07403535513122 0.0 152.4464220329075 2.617124869916431 NaN 56.5372817516842 8.017369819523698E-6 1.4159284813279327 1.4266573316576029E-8
14.09386234940329 0.0 153.2633001345638 2.632377029482114 NaN 56.69156430419854 7.96743383791707E-6 1.4140499619241313 1.4100507824450442E-8
14.11368934367537 0.0 154.0824428606979 2.647670776344878 NaN 56.845975286460266 7.918185551602808E-6 1.4121716214581455 1.3937114838938357E-8
14.13351633794744 0.0 154.9038547695118 2.663005986303883 NaN 57.000520115118675 7.869616929537989E-6 1.4102938969083205 1.3776350237445008E-8
14.15334333221952 0.0 155.727540431448 2.67838253565235 NaN 57.15520423811501 7.821719997040136E-6 1.408417221180824 1.3618170546257526E-8
14.1731703264916 0.0 156.5535044292317 2.693800301175137 NaN 57.3100331290783 7.774486834455523E-6 1.4065420226968477 1.3462532928858063E-8
14.19299732076367 0.0 157.3817513579111 2.709259160146276 NaN 57.46501228351965 7.727909577250998E-6 1.4046687251042145 1.3309395177641318E-8
14.21282431503575 0.0 158.2122858249003 2.724758990326567 NaN 57.62014720953473 7.681980415570092E-6 1.4027977465154449 1.3158715701597596E-8
14.23265130930782 0.0 159.0451124500189 2.740299669961144 NaN 57.775443427843534 7.636691593636043E-6 1.4009294996114845 1.3010453519932144E-8
14.2524783035799 0.0 159.8802358655355 2.755881077777102 NaN 57.93090646214635 7.592035409506879E-6 1.3990643908530709 1.2864568250183447E-8
14.27230529785198 0.0 160.7176607162091 2.771503092981099 NaN 58.08654183318211 7.548004214830512E-6 1.3972028200736424 1.2721020099254659E-8
14.29213229212406 0.0 161.5573916593309 2.787165595257 NaN 58.24235505722688 7.50459041414061E-6 1.395345180442216 1.257976985615577E-8
14.31195928639613 0.0 162.3994333647669 2.802868464763505 NaN 58.39835163427026 7.461786464902521E-6 1.3934918575454962 1.2440778880343177E-8
14.33178628066821 0.0 163.2437905150005 2.818611582131829 NaN 58.554537046955666 7.419584876656077E-6 1.3916432294019265 1.2304009094790203E-8
14.35161327494028 0.0 164.0904678051749 2.834394828463362 NaN 58.71091675024858 7.377978211183976E-6 1.3897996657132128 1.2169422975992537E-8
14.37144026921236 0.0 164.9394699431358 2.850218085327361 NaN 58.867496169993025 7.336959081516821E-6 1.3879615278502537 1.20369835467921E-8
14.39126726348444 0.0 165.790801649475 2.866081234758655 NaN 59.02428069220847 7.296520152208647E-6 1.386129168088511 1.1906654366708872E-8
14.41109425775651 0.0 166.6444676575726 2.881984159255345 NaN 59.18127565888146 7.256654138709336E-6 1.3843029293942226 1.1778399524367983E-8
14.43092125202859 0.0 167.5004727136412 2.897926741776553 NaN 59.338486361891185 7.217353806522728E-6 1.3824831450440833 1.1652183628590847E-8
14.45074824630066 0.0 168.3588215767692 2.913908865740147 NaN 59.49591803518624 7.178611971864825E-6 1.3806701381501274 1.1527971801551913E-8
14.47057524057274 0.0 169.2195190189641 2.929930415020496 NaN 59.65357584914269 7.140421500500456E-6 1.378864221321024 1.1405729669785383E-8
14.49040223484482 0.0 170.0825698251968 2.945991273946255 NaN 59.81146490384419 7.10277530746775E-6 1.3770656962909773 1.1285423356651781E-8
14.51022922911689 0.0 170.9479787934455 2.962091327298122 NaN 59.96959022244231 7.065666357399584E-6 1.3752748535433719 1.1167019475754279E-8
14.53005622338897 0.0 171.81575073474 2.978230460306647 NaN 60.12795674403752 7.0290876632071826E-6 1.373491971886269 1.1050485121518631E-8
14.54988321766104 0.0 172.6858904732058 2.994408558650035 NaN 60.28656931765435 6.993032286462787E-6 1.3717173181715687 1.0935787863511476E-8
14.56971021193312 0.0 173.558402846109 3.010625508451965 NaN 60.445432695209924 6.957493336863915E-6 1.3699511468845857 1.0822895738487996E-8
14.58953720620519 0.0 174.4332927039012 3.026881196279422 NaN 60.60455152457398 6.922463971697612E-6 1.3681936998073303 1.0711777243091122E-8
14.60936420047727 0.0 175.3105649102644 3.043175509140552 NaN 60.76393034262235 6.887937395580234E-6 1.3664452056347547 1.0602401326670998E-8
14.62919119474935 0.0 176.1902243421554 3.059508334482495 NaN 60.923573569822985 6.853906860518672E-6 1.3647058797682154 1.049473738576249E-8
14.64901818902143 0.0 177.0722758898519 3.075879560189275 NaN 61.08348550125366 6.8203656650072415E-6 1.362975923792607 1.038875525528889E-8
14.6688451832935 0.0 177.9567244569984 3.092289074579682 NaN 61.24367029988455 6.787307154226674E-6 1.361255525179268 1.0284425202890516E-8
14.68867217756558 0.0 178.8435749606508 3.108736766405164 NaN 61.4041319925505 6.754724719049155E-6 1.359544857178871 1.0181717922444837E-8
14.70849917183766 0.0 179.7328323313228 3.125222524847721 NaN 61.56487446204798 6.722611796482237E-6 1.35784407843667 1.0080604528349732E-8
14.72832616610973 0.0 180.6245015130319 3.14174623951784 NaN 61.72590143588895 6.690961868872863E-6 1.3561533323292423 9.981056546474683E-9
14.74815316038181 0.0 181.5185874633464 3.158307800452426 NaN 61.887216486436856 6.659768463708386E-6 1.3544727472287885 9.8830459110993E-9
14.76798015465388 0.0 182.4150951534307 3.174907098112743 NaN 62.0488230194818 6.629025153203272E-6 1.352802435860842 9.786544956708843E-9
14.78780714892596 0.0 183.3140295680924 3.191544023382348 NaN 62.210724268805244 6.598725554406254E-6 1.3511424951096616 9.69152641295717E-9
14.80763414319803 0.0 184.2153957058293 3.208218467565095 NaN 62.372923289823085 6.568863328036995E-6 1.3494930058136139 9.597963397849282E-9
14.82746113747011 0.0 185.1191985788764 3.224930322383081 NaN 62.53542295169697 6.539432179266746E-6 1.3478540323828772 9.50582941278762E-9
14.84728813174219 0.0 186.025443213253 3.241679479974663 NaN 62.69822593312949 6.5104258565703235E-6 1.3462256227723857 9.415098336779243E-9
14.86711512601427 0.0 186.93413464881 3.258465832892429 NaN 62.86133471240384 6.4818381518485605E-6 1.3446078079612125 9.325744419923634E-9
14.88694212028634 0.0 187.8452779392778 3.275289274101242 NaN 63.024751562229255 6.453662899632346E-6 1.3430006018518834 9.237742277847174E-9
14.90676911455842 0.0 188.758878152314 3.292149696976248 NaN 63.18847854583895 6.4258939776336715E-6 1.3414040012383108 9.151066888367839E-9
14.92659610883049 0.0 189.6749403695517 3.309046995300918 NaN 63.35251750457726 6.398525305643535E-6 1.339817985158483 9.06569358283193E-9
14.94642310310257 0.0 190.5934696866465 3.325981063265075 NaN 63.516870057288465 6.371550845899302E-6 1.338242515113473 8.98159804381864E-9
14.96625009737464 0.0 191.5144712133267 3.342951795462994 NaN 63.68153759033118 6.344964601982599E-6 1.336677534633081 8.898756297666283E-9
14.98607709164672 0.0 192.4379500734406 3.35995908689143 NaN 63.84652125232554 6.318760619293838E-6 1.3351229691451383 8.817144710657986E-9
15.0059040859188 0.0 193.363911405006 3.377002832947729 NaN 64.01182194934975 6.292932984256246E-6 1.333578725937826 8.736739983981984E-9
15.02573108019087 0.0 194.2923603602586 3.394082929427896 NaN 64.17744033465355 6.2674758247444624E-6 1.3320446936760946 8.65751914824693E-9
15.04555807446295 0.0 195.2233021057017 3.411199272524711 NaN 64.34337680700449 6.242383308599762E-6 1.3305207425803969 8.579459558546371E-9
15.06538506873502 0.0 196.1567418221554 3.428351758825839 NaN 64.50963150148327 6.217649644548468E-6 1.3290067240651147 8.502538890365603E-9
15.0852120630071 0.0 197.0926847048067 3.445540285311962 NaN 64.67620428450678 6.19326908132946E-6 1.3275024706615612 8.426735134322246E-9
15.10503905727918 0.0 198.0311359632585 3.462764749354899 NaN 64.84309474768769 6.169235907296189E-6 1.326007795891352 8.352026591430154E-9
15.12486605155126 0.0 198.97210082158 3.480025048715754 NaN 65.01030220229538 6.145544450630973E-6 1.3245224941644393 8.278391869295864E-9
15.14469304582333 0.0 199.9155845183572 3.497321081543085 NaN 65.17782567252003 6.122189078732717E-6 1.3230463406111765 8.205809876954405E-9
15.16452004009541 0.0 200.8615923067437 3.514652746371067 NaN 65.34566389025761 6.099164197895471E-6 1.3215790910075105 8.134259820526517E-9
15.18434703436748 0.0 201.81012945451 3.532019942117652 NaN 65.51381528826211 6.076464253277807E-6 1.320120481614011 8.063721198962682E-9
15.20417402863956 0.0 202.7612012440954 3.54942256808277 NaN 65.6822779967989 6.0540837284742305E-6 1.3186702292364543 7.994173800205458E-9
15.22400102291163 0.0 203.7148129726595 3.566860523946529 NaN 65.85104983324774 6.032017145316183E-6 1.3172280308196687 7.925597695706183E-9
15.24382801718371 0.0 204.6709699521324 3.584333709767418 NaN 66.02012830487303 6.010259063581212E-6 1.3157935639627028 7.857973238831539E-9
15.26365501145579 0.0 205.6296775092669 3.601842025980523 NaN 66.18951059245384 5.988804080671525E-6 1.3143664860630875 7.79128105729455E-9
15.28348200572786 0.0 206.5909409856898 3.61938537339575 NaN 66.3591935527347 5.967646831552757E-6 1.312946434839387 7.725502051996303E-9
15.30330899999994 0.0 207.5547657379548 3.636963653196083 NaN 68.87734413190707 5.94678198835599E-6 1.3115330281138133 7.399451178629659E-9
16.032038 0.0 244.7850681161558 4.306954881902945 NaN 75.02021938309842 5.164977078814238E-6 1.2608416356917023 5.414543870295597E-9
16.760767 0.0 285.4256045816873 5.026135044702075 NaN 81.3314097905742 4.409907743129691E-6 1.2128311940966756 3.9235362849048715E-9
17.489496 0.0 329.6431581665028 5.788569915947101 NaN 87.82478086984678 3.953921192817426E-6 1.1731987566826927 3.019988114141054E-9
18.218225 0.0 377.5295836004264 6.588807735008113 NaN 98.46342931588593 3.393073941101263E-6 1.1383165424171375 2.1531552848997354E-9
20.0400475 0.0 513.9376575288451 8.790220203403813 NaN 115.62233261884275 2.5494139360185024E-6 1.0552180525742094 1.1610263987563045E-9
21.86187 0.0 675.2795433125059 11.24334934079199 NaN 133.6224650356343 1.967764875188903E-6 0.994633917822072 6.699921006649342E-10
23.6836925 0.0 862.7446284707196 13.9295911237294 NaN 152.05310841836064 1.5777823458138095E-6 0.9364538231436348 4.1028793175603415E-10
25.505515 0.0 1077.610671372379 16.85231577306726 NaN 171.02485134192537 1.2902140452735423E-6 0.8907410488534426 2.6346317025315376E-10
27.3273375 0.0 1320.625303629547 19.9499717983154 NaN 190.68563633629478 1.0781343607477503E-6 0.8506995680950256 1.7600856367114472E-10
29.14916 0.0 1593.123661306292 23.26164764963829 NaN 219.367991158364 9.027761023093331E-7 0.815719163658757 1.1516524004517865E-10
32.792805 0.0 2229.980057874792 30.49094830153949 NaN 261.15870474461224 6.808156855718157E-7 0.756243640506803 6.011851107628144E-11
36.43645 0.0 2994.170973598996 38.37454807576977 NaN 304.3582979737793 5.387940133568832E-7 0.7056555006403683 3.4284221234212834E-11
40.080095 0.0 3891.859242481881 46.89968636271383 NaN 348.75614088147915 4.406724173755687E-7 0.6623349301193491 2.0880597492219603E-11
43.72374 0.0 4928.265146023653 56.02170850480741 NaN 394.1829063169424 3.6971473551119123E-7 0.6247199115278558 1.3400994171080144E-11
47.367385 0.0 6107.962274543373 65.67689075276473 NaN 440.51992863440074 3.166769918333969E-7 0.591351674412337 8.974646930637109E-12
51.01103 0.0 7435.217916197185 75.84217171818612 NaN 487.61340376338524 2.759787227996111E-7 0.5611926245377782 6.22655497872172E-12
54.654675 0.0 8913.865952723982 86.48804973327987 NaN 535.3952609094363 2.4388155219829274E-7 0.533930476812601 4.450018564550107E-12
58.29832 0.0 10547.36390493491 97.57970113496516 NaN 583.7734971991806 2.1811760500690199E-7 0.5089509141808723 3.2618666682574144E-12
61.94196499999999 0.0 12338.92163278628 109.095820300096 NaN 632.6814994273188 1.9705695826875987E-7 0.4859823722847282 2.443667865337562E-12
65.58561 0.0 14291.45321438262 121.0121615447001 NaN 682.0562326081064 1.795879240237464E-7 0.4647490321605275 1.8658076962769437E-12
69.229255 0.0 16407.62738217999 133.3051746442961 NaN 731.8954793696817 1.6493101389652562E-7 0.4450256251763684 1.448600480718896E-12
72.8729 0.0 18690.08865277028 145.9477279445821 NaN 805.6674936735616 1.515107700055673E-7 0.42726539451802076 1.1026034082187084E-12
80.16019 0.0 23762.65851256242 172.2428320945367 NaN 907.5869896011587 1.3170876989617842E-7 0.393975581886186 7.132421488654359E-13
87.44748 0.0 29525.425631954 199.8075399791797 NaN 1010.7817786630333 1.1668092239970748E-7 0.3646797822360366 4.814008329552616E-13
94.73476999999998 0.0 35994.00843063005 228.49986180111 NaN 1165.0852728834996 1.0404377101404783E-7 0.3392098191368922 3.1975502794737614E-13
109.30935 0.0 51096.24908712848 288.9171859404896 NaN 1402.8271830143156 8.662906567292322E-8 0.29555753952005753 1.6697220726201409E-13
127.527575 0.0 74136.29006691686 369.4714036336887 NaN 1671.881451463789 7.249147746321627E-8 0.25243587047852806 8.58278902820624E-14
145.7458 0.0 101921.4798205692 454.7659652564404 NaN 1943.9682456584492 6.280161290614583E-8 0.21869472315932156 4.8475677428074974E-14
163.964025 0.0 134550.9194861616 543.9462692042428 NaN 2218.8492685107976 5.570970789345046E-8 0.19186697256237256 2.9380198979849746E-14
182.18225 0.0 172105.9838590553 636.4457003272638 NaN 2633.3244503328974 5.003416815678933E-8 0.1698060255025879 1.770962429236723E-14
218.6187 0.0 262210.0519105236 831.0350257377374 NaN 3193.1276362382373 4.235680118028966E-8 0.13681268370428867 8.301296584890876E-15
255.05515 0.0 372577.3438892498 1035.249374802436 NaN 3757.0666938418644 3.7193241868905206E-8 0.11320289388995103 4.393782572055033E-15
291.4916 0.0 503446.254693785 1248.36428328384 NaN 4606.905231072559 3.318040219691217E-8 0.0955932141539248 2.3619646185722385E-15
364.3645 0.0 827133.287497229 1691.516629858344 NaN 5743.03783046112 2.7928768490266042E-8 0.07181019290948147 9.584294396981108E-16
437.2374 0.0 1233765.788825233 2153.401463509276 NaN 6878.106511762241 2.444720441716903E-8 0.056620255800705184 4.602722914788045E-16
510.1103 0.0 1723350.667752658 2630.229687360139 NaN 8009.08921825307 2.1906354511365938E-8 0.0462119929439793 2.47786468238738E-16
582.9832 0.0 2295619.158460037 3117.699942235123 NaN 9134.313269083868 1.9960332017163695E-8 0.038694220789503166 1.4503804081465759E-16
655.8561 0.0 2950159.6565659 3613.553978943175 NaN 10252.053110856 1.8408206934053434E-8 0.03306862783554755 9.053327950413404E-17
728.729 0.0 3686416.749737063 4115.426669562891 NaN 12191.404295097382 1.7063422676805673E-8 0.028598927671146173 5.492829413637999E-17
910.91125 0.0 5881117.323379709 5396.406201099349 NaN 14918.30174473931 1.470122946386475E-8 0.02115703434889492 2.2888271401283175E-17
1093.0935 0.0 8574081.701171117 6695.278311354893 NaN 18911.85801054067 1.297572995719347E-8 0.016485473164144917 1.0347649389905759E-17
1457.458 0.0 1.541777545798882E7 9328.674486859278 NaN 26600.040654016535 1.0782412617993292E-8 0.010989827359718965 3.0565286331476597E-18
2186.187 0.0 3.471727713847253E7 14628.25669437515 NaN 36348.61187442216 8.216577735139636E-9 0.006419166525560868 6.637346234322419E-19
2914.916 0.0 6.113127939335303E7 19898.98356490136 NaN 50071.38353304865 6.808202479213E-9 0.004360958667297436 2.034224113821029E-19
4372.374 0.0 1.339749224033063E8 30252.72697752541 NaN 67239.02701258654 5.249164990281346E-9 0.0025511611774152333 4.55501065815332E-20
5829.832000000001 0.0 2.318590496947559E8 40330.82218158516 NaN 83288.92628580666 4.3747848398493966E-9 0.0016110826531785783 1.4515473820322966E-20
7287.29 0.0 3.531557755981786E8 50148.251010728 NaN 126785.26124973876 3.732761841109747E-9 0.0013594922451944322 5.4925269156197786E-21
14574.58 0.0 1.276596629512516E9 96155.53240423562 NaN 248388.40295716262 2.31780334154369E-9 9.730785821959618E-4 6.230130371336866E-22
36436.45 0.0 6.704968261212196E9 215799.8360042921 NaN 445675.31157527457 1.2689985834463396E-9 0.0 0.0
72872.9 0.0 2.294379446765911E10 385204.7682939456 NaN 732877.541201626 8.065413921666853E-10 0.0 0.0
145745.8 0.0 7.635070623989107E10 673642.9197427646 NaN 732877.541201626 1.3000965724477913E-9 0.0 0.0
