#rho T p e s c^2 cv gamma alpha
0.0 293.0 0.0 -0.034581831565077666 NaN NaN 1.0505819121055841E-4 NaN NaN
7.287289999999999E-6 293.0 1.495893161821025E-7 2.367292978001825 NaN 0.03131427791059454 1.3322849600883973E-4 0.526371667755635 307.3131725098448
1.457458E-5 293.0 2.990459626200007E-7 2.3668336063993927 NaN 0.031515937053889616 1.3032469268728573E-4 0.5380901797462289 152.67063180066748
3.643645E-5 293.0 7.466727377524481E-7 2.3662905469776443 NaN 0.03172803365134052 1.2698466536774217E-4 0.5522379228284896 60.659425260029145
7.28729E-5 293.0 1.4903886477587608E-6 2.3658943872717413 NaN 0.03179966045232761 1.2470698101293677E-4 0.5623282112609578 30.261615035427067
1.457458E-4 293.0 2.9696345415573644E-6 2.3654872969603593 NaN 0.03167345152507042 1.226221610851169E-4 0.5719032944647491 15.191481313925106
3.643645E-4 293.0 7.346527671971821E-6 2.364873268085844 NaN 0.03126833671514824 1.2018339880839744E-4 0.5835515766083446 6.155777180929465
7.28729E-4 293.0 1.4452521739442463E-5 2.3642565494246295 NaN 0.030328517911510783 1.1857582985548217E-4 0.5915220277947018 3.173582949952338
0.001457458 293.0 2.800480730251779E-5 2.3633465996052587 NaN 0.027870126252399582 1.1715247483729769E-4 0.5988020078736697 1.727029400295903
0.003643645 293.0 6.378011273957817E-5 2.361192693717017 NaN 0.022846173697043174 1.155627244984332E-4 0.607263147271954 0.843034148505218
0.00728729 293.0 1.0829214730434477E-4 2.3580958734389856 NaN 0.01643431305137943 1.1458088113824835E-4 0.6127415934725428 0.5862352262110724
0.010930935 293.0 1.349953984325244E-4 2.3552228194976967 NaN 0.007965468332022928 1.140869378369691E-4 0.6156136836373757 0.8066322117977412
0.018218225 293.0 1.376387331516974E-4 2.349798460353321 NaN -0.006048147916193358 1.1354977161683508E-4 0.6188898358066669 -0.6377803726423116
0.02914916 293.0 2.0416893632867414E-5 2.3421035010191757 NaN -0.02512114531620624 1.1314419183822186E-4 0.6215526079518255 -0.09603834733159901
0.04372374 293.0 -3.520583352116975E-4 2.3323120715634045 NaN -0.05485265512912513 1.1286220067046327E-4 0.6236306621182695 -0.029346817870347288
0.0728729 293.0 -0.001804597574200503 2.3136616201030136 NaN -0.10016125931771323 1.1260048615805552E-4 0.6260624222688556 -0.00965810836243444
0.10930935 293.0 -0.004889222927005161 2.291401180928713 NaN -0.16804047597069843 1.1246958155297221E-4 0.6279936228935917 -0.0038452014565161143
0.18218225 293.0 -0.015087885848994018 2.2489350917376147 NaN -0.2799702983879379 1.1240735908625319E-4 0.6308740987897438 -0.0013903348866124998
0.2914916 293.0 -0.039980123352509576 2.1883089502118667 NaN -0.43170915132475834 1.1246893526692339E-4 0.634916877779848 -5.674559533700097E-4
0.4372374 293.0 -0.09020789143354326 2.110975557623971 NaN -0.6044798074078942 1.1264917778569982E-4 0.6412049299041607 -2.732912820338106E-4
0.5829832000000001 293.0 -0.15902770298023708 2.036331904241229 NaN -0.7713263124016367 1.1289030389320083E-4 0.6491629262741574 -1.629731894269228E-4
0.728729 293.0 -0.24563655118593639 1.9636840776004545 NaN -0.9476389919407361 1.1318208065794665E-4 0.65924611944521 -1.0804788761824674E-4
0.91091125 293.0 -0.3777958191346232 1.875128207171216 NaN -1.1438765234408472 1.1361943422518688E-4 0.6754385148690072 -7.365177727668657E-5
1.0930935 293.0 -0.5351542484972525 1.7886900298535735 NaN -1.3345467329626282 1.1414519838507619E-4 0.6963447393516842 -5.448674296089477E-5
1.27527575 293.0 -0.7161763340914057 1.7041208026469934 NaN -1.5196115567299355 1.1477049040073306E-4 0.7227575592890141 -4.280418089827151E-5
1.457458 293.0 -0.9190766067298309 1.6212711441504095 NaN -1.7495542626852334 1.1550628511232207E-4 0.7554238189321038 -3.4219434283278866E-5
1.8218225 293.0 -1.3829789808392525 1.4604560686123311 NaN -2.0911187618492253 1.1743698324169881E-4 0.8471397783339013 -2.6114108329280487E-5
2.186187 293.0 -1.9105931214873428 1.3059454035902989 NaN -2.4374266732442558 1.2030568201853282E-4 0.9866868350958867 -2.2276482002429074E-5
2.5505515 293.0 -2.4845120258712634 1.1576995158448085 NaN -2.725354057156772 1.2345918512572676E-4 1.135212122577636 -2.016245442452622E-5
2.914916 293.0 -3.074613127021736 1.016192746029441 NaN -2.98278964165842 1.2621742443476278E-4 1.3109284266775356 -1.9030474827357228E-5
3.2792805 293.0 -3.657611064753698 0.8819645149616118 NaN -3.1971530148813385 1.3049762601949862E-4 1.5301261627871394 -1.9045302000054604E-5
3.643645 293.0 -4.2006949707245 0.7555110667518891 NaN -3.350274310668558 1.3573811309455753E-4 1.7882280496180805 -1.9884207484910236E-5
4.0080095 293.0 -4.67023593734018 0.6374200169636445 NaN -3.396201841818049 1.4206233227665686E-4 2.06690525250667 -2.1571347437476183E-5
4.372374 293.0 -5.0301517606665795 0.5283203245708495 NaN -3.2913369144789972 1.4950133972587757E-4 2.3533932234350146 -2.444837167350868E-5
4.7367385 293.0 -5.242904334308727 0.4288566533317579 NaN -2.9890236713665894 1.5805824561250658E-4 2.632571891610039 -2.9389258800049133E-5
5.101102999999999 293.0 -5.270281328206563 0.33967643737064307 NaN -2.444393848993861 1.676919815713853E-4 2.8884176862261537 -3.8845169185958176E-5
5.4654675 293.0 -5.073590685099765 0.2614281661288949 NaN -1.6247977333945514 1.7830516368489192E-4 3.105251109393313 -6.234965078267034E-5
5.829832 293.0 -4.615291091928295 0.1947329070550351 NaN -1.0672585766652092 1.8974923528835444E-4 3.269872915144537 -9.972067624968571E-5
6.012014249999999 293.0 -4.338119931475581 0.16355606555499838 NaN -2.9309226259840058 5.325929649059042E-4 4.0649989979802825 -1.228659416618734E-4
6.194196499999999 293.0 -4.337704641126996 0.12269002742907412 NaN -3.151741945992388 4.666900271479104E-4 4.510152930948046 -1.0781623413514992E-4
6.37637875 293.0 -4.336492806715331 0.0841686939997176 NaN -2.790887596506013 4.0362730188883304E-4 5.058604552770241 -1.1473470782549734E-4
6.558561 293.0 -4.2181829241123 0.04958423381244135 NaN 3.267557249428359 2.1288534283234867E-4 2.336034943268506 2.3205628135378772E-5
6.74074325 293.0 -3.34917469496805 0.0299665782750789 NaN 4.283570730307525 2.1259347974070088E-4 2.297306075813253 1.691434068744293E-5
6.922925499999999 293.0 -2.360836050051082 0.01497413194111869 NaN 5.124993494018 2.1228387583511362E-4 2.254372733870909 1.3488378831315205E-5
6.995798399999999 293.0 -1.9313397072358605 0.010274991240314182 NaN 5.447865586955852 2.1215540031758654E-4 2.2360204083745816 1.2447042843924188E-5
7.015625394272075 293.0 -1.8110856793729484 0.009124832317318508 NaN 5.5638102645820116 2.1211985947923475E-4 2.230913115444367 1.212342373047758E-5
7.035452388544152 293.0 -1.6893534639703045 0.008029616536806405 NaN 5.68049407611207 2.1208407385841323E-4 2.2257554225360723 1.181156264084694E-5
7.055279382816229 293.0 -1.5661298312605385 0.006989360962488798 NaN 5.797773614037541 2.1204804650125616E-4 2.22054645896646 1.1511148865455135E-5
7.075106377088304 293.0 -1.4414043531903822 0.0060040803809739965 NaN 5.913704171545835 2.1201188050810684E-4 2.215285326590945 1.122528301857145E-5
7.094933371360381 293.0 -1.3152050977061778 0.00507376095022604 NaN 6.029528051717631 2.1197567673773214E-4 2.209974778209309 1.0950695585209484E-5
7.114760365632457 293.0 -1.1875351862847967 0.004198393398327928 NaN 6.145869931077231 2.11939225028686E-4 2.204616098773735 1.0685643343699426E-5
7.134587359904534 293.0 -1.058385205533459 0.0033779733851480743 NaN 6.262730593579728 2.119025287978565E-4 2.199208751337599 1.0429656485371645E-5
7.154414354176611 293.0 -0.9277456615496946 0.002612496571012088 NaN 6.380110801136616 2.118655914613979E-4 2.193752193282053 1.0182295293068879E-5
7.174241348448686 293.0 -0.7956069790587862 0.001901958616702665 NaN 6.4980112927719125 2.1182841643472268E-4 2.188245876242789 9.94314777276911E-6
7.194068342720763 293.0 -0.6619595005400669 0.001246355183459437 NaN 6.616432783754574 2.11791007132508E-4 2.1826892460356038 9.711827505357857E-6
7.21389533699284 293.0 -0.5267934853420219 6.456819329791535E-4 NaN 6.734052598668721 2.1175336696869538E-4 2.177081742580853 9.489836257177746E-6
7.233722331264916 293.0 -0.3901253471569591 9.995084108156693E-5 NaN 6.851413336205423 2.11715709997183E-4 2.1714083070822974 9.275825657940789E-6
7.253549325536992 293.0 -0.2519605291623531 -3.9083703185974466E-4 NaN 6.970378587582982 2.116778216973029E-4 2.165676905783881 9.0669680934182E-6
7.273376319809068 293.0 -0.11226734112672608 -8.267091079120622E-4 NaN 7.090819835800497 2.1163970212218836E-4 2.1599230423964664 8.863452263179164E-6
7.293203314081145 293.0 0.028983320003307 -0.001207689163555489 NaN 7.210095415996298 2.1160139958522454E-4 2.1541797160131537 8.66844375069073E-6
7.313030308353222 293.0 0.17176810660395725 -0.0015337479138195767 NaN 7.329977192882967 2.115629697784803E-4 2.1484206722131067 8.479280077021726E-6
7.332857302625298 293.0 0.3160990125943455 -0.001804907284817644 NaN 7.451474201032516 2.1152431165568874E-4 2.1426592863659106 8.294648218708921E-6
7.352684296897374 293.0 0.4620080471733633 -0.002021212713576497 NaN 7.573980315084865 2.1148542701244951E-4 2.1369317051421217 8.115233083944487E-6
7.37251129116945 293.0 0.6095150473422859 -0.0021826805390073025 NaN 7.695150465200683 2.1144644890251044E-4 2.131265212461344 7.943379827216124E-6
7.392338285441526 293.0 0.7585932305024108 -0.0022892405871485734 NaN 7.816561355722656 2.1140732348390843E-4 2.125641356449282 7.777006198349519E-6
7.412165279713604 293.0 0.9092472683216964 -0.002340921070717995 NaN 7.938427444515066 2.113679712196296E-4 2.1200566420379188 7.615651613150739E-6
7.431992273985681 293.0 1.0614860872456364 -0.002337761340846775 NaN 8.060753395901369 2.113283928329131E-4 2.114510578264578 7.459106842490821E-6
7.451819268257757 293.0 1.2153186812659809 -0.002279800711053076 NaN 8.183543895315337 2.1128858904577254E-4 2.1090026763773393 7.30717392194043E-6
7.471646262529832 293.0 1.3707541125607154 -0.002167078457286957 NaN 8.306803649392883 2.1124856057899258E-4 2.103532449757446 7.15966540682929E-6
7.491473256801909 293.0 1.5278015121415485 -0.0019996338179751345 NaN 8.430444890657483 2.11208308152138E-4 2.0980994138421423 7.016480666713173E-6
7.511300251073985 293.0 1.686468246603175 -0.0017774967834560578 NaN 8.552845973051436 2.111679080575356E-4 2.0927032051753023 6.87875408330788E-6
7.531127245346061 293.0 1.8467295157604442 -0.001500533702263513 NaN 8.67513566304587 2.1112748509145396E-4 2.087344173346836 6.745320316063953E-6
7.550954239618138 293.0 2.008583058594972 -0.0011687400930257977 NaN 8.797984059601207 2.110868363690573E-4 2.0820218651086546 6.615481023236582E-6
7.570781233890215 293.0 2.172039935680673 -7.821837823316037E-4 NaN 8.921398222744674 2.110459629763357E-4 2.076735781204591 6.489103072189674E-6
7.590608228162291 293.0 2.337111310270816 -3.409324849451686E-4 NaN 9.045385253586288 2.1100486599615685E-4 2.071485423291328 6.366059694745328E-6
7.610435222434368 293.0 2.503808449492394 1.549461959635583E-4 NaN 9.169952294917335 2.1096354650827672E-4 2.0662702938436985 6.246230112875267E-6
7.630262216706444 293.0 2.672142725557085 7.053847685890707E-4 NaN 9.295106531810063 2.1092200558935021E-4 2.0610898960595816 6.129499190475969E-6
7.65008921097852 293.0 2.842125616989207 0.0013103158522610354 NaN 9.419641780702332 2.1088024431293508E-4 2.0559437337651074 6.016532041888487E-6
7.669916205250596 293.0 3.0137446515677304 0.001969836137741417 NaN 9.543051185792615 2.1083854365239389E-4 2.0508321236052973 5.907479818996809E-6
7.689743199522672 293.0 3.186977393510545 0.002684098709231424 NaN 9.66690464778751 2.107966430899899E-4 2.045754930242693 5.801202500314686E-6
7.709570193794749 293.0 3.361832672605115 0.0034530306777316912 NaN 9.791215481040899 2.107545194761636E-4 2.0407117002276163 5.697597629102813E-6
7.729397188066827 293.0 3.5383195572186548 0.004276557940907056 NaN 9.915988422783705 2.1071217388317148E-4 2.0357020079259174 5.596573307630875E-6
7.749224182338902 293.0 3.716447183422025 0.005154606530285633 NaN 10.04122822743589 2.1066960737994126E-4 2.0307254293921724 5.498041704013067E-6
7.769051176610978 293.0 3.8962247556228307 0.006087102610957008 NaN 10.16693966675951 2.10626821032082E-4 2.0257815423054817 5.401918831143725E-6
7.788878170883055 293.0 4.077661547205526 0.007073972481270858 NaN 10.293127530004076 2.1058381590189677E-4 2.020869925905781 5.308124339881852E-6
7.808705165155131 293.0 4.260766901178743 0.008115142572536295 NaN 10.41979662405871 2.105405930483929E-4 2.015990160930136 5.216581325416005E-6
7.828532159427207 293.0 4.445550230829922 0.009210539448722122 NaN 10.54607120120364 2.1049715352728992E-4 2.011141829549717 5.127644256460806E-6
7.848359153699283 293.0 4.632003561283569 0.010360253770344025 NaN 10.67060821567518 2.1045373928742572E-4 2.006325162099435 5.041850025338646E-6
7.868186147971359 293.0 4.820092345622463 0.011564611814298936 NaN 10.795622380440456 2.104101914994162E-4 2.001540354195487 4.958026129008586E-6
7.888013142243437 293.0 5.009826136803405 0.012823503967857659 NaN 10.921239224665793 2.1036642280796366E-4 1.9967868873604406 4.876054962795959E-6
7.907840136515514 293.0 5.201216948355284 0.014136797829845654 NaN 11.047466712105207 2.103224349829723E-4 1.9920643194545908 4.795880742611129E-6
7.92766713078759 293.0 5.394276911072706 0.015504361427344092 NaN 11.17431285541108 2.1027822978463047E-4 1.9873722085459051 4.717449845687191E-6
7.947494125059666 293.0 5.589018274450286 0.016926063213959633 NaN 11.301785717000046 2.1023380896346915E-4 1.9827101128211242 4.640710707366473E-6
7.967321119331742 293.0 5.785453408138033 0.018401772068102475 NaN 11.429893409930385 2.101891742604139E-4 1.9780775904965553 4.565613723736248E-6
7.987148113603818 293.0 5.9835948034181685 0.0199313572912726 NaN 11.558644098783827 2.10144327406842E-4 1.9734741997282088 4.492111159733164E-6
8.006975107875894 293.0 6.183455074703979 0.021514688606355605 NaN 11.68743521215404 2.1009927012463587E-4 1.968899498521834 4.420388060917945E-6
8.02680210214797 293.0 6.385034850962984 0.02315178565038191 NaN 11.81367593689488 2.1005426203583687E-4 1.964353666470302 4.351345525094023E-6
8.046629096420048 293.0 6.588283404299237 0.024843293185630243 NaN 11.939835019281734 2.1000925303422206E-4 1.9598373095418968 4.283967250472283E-6
8.066456090692125 293.0 6.793199205721814 0.026589216129764774 NaN 12.066329903034513 2.0996402512339583E-4 1.9553499060441848 4.218046911446656E-6
8.086283084964201 293.0 6.999789029692025 0.02838945339345767 NaN 12.193163268431757 2.099185795644887E-4 1.9508911366218236 4.153541790644412E-6
8.106110079236277 293.0 7.208059687422838 0.030243904137622315 NaN 12.320337798894725 2.0987291761339838E-4 1.9464606838480862 4.090410771915234E-6
8.125937073508354 293.0 7.418018027128493 0.03215246777263979 NaN 12.447856180946612 2.0982704052080066E-4 1.9420582321864601 4.028614266727562E-6
8.14576406778043 293.0 7.629670934275902 0.034115043957586355 NaN 12.575721104205885 2.0978094953218773E-4 1.937683467951687 3.968114144562831E-6
8.165591062052506 293.0 7.8430253318385965 0.03613153259946779 NaN 12.703935261325714 2.097346458878792E-4 1.9333360792721572 3.908873667087234E-6
8.18541805632458 293.0 8.05808818055214 0.03820183385245121 NaN 12.832501347988053 2.096881308230432E-4 1.9290157560519003 3.850857425828074E-6
8.205245050596657 293.0 8.274866479172246 0.040325848117105684 NaN 12.961422062855526 2.0964140556773352E-4 1.9247221899331977 3.794031283170419E-6
8.225072044868735 293.0 8.493367264734532 0.04250347603964031 NaN 13.090700107543652 2.0959447134689314E-4 1.9204550742599422 3.7383623164507013E-6
8.244899039140812 293.0 8.713597612816605 0.04473461851114811 NaN 13.220338186586439 2.095473293803928E-4 1.9162141040406255 3.6838187649663105E-6
8.264726033412888 293.0 8.93556463780239 0.04701917666685225 NaN 13.35033900740164 2.0949998088303575E-4 1.9119989759126463 3.6303699797257082E-6
8.284553027684964 293.0 9.159275493148467 0.04935705188535481 NaN 13.480705280255572 2.0945242706459622E-4 1.9078093881059357 3.5779863757727987E-6
8.30438002195704 293.0 9.384737371652694 0.05174814578788824 NaN 13.61143971822602 2.0940466912983406E-4 1.903645040407607 3.5266393869357103E-6
8.324207016229117 293.0 9.61195750572503 0.05419236023756926 NaN 13.742545037165813 2.0935670827850576E-4 1.899505634127036 3.476301422856179E-6
8.344034010501193 293.0 9.840943167660596 0.05668959733865662 NaN 13.874023955664276 2.0930854570541473E-4 1.8953908720603105 3.426945828166227E-6
8.36386100477327 293.0 10.071701669915015 0.0592397594358104 NaN 14.005806833891883 2.0926018260039963E-4 1.891300458456328 3.378564298980215E-6
8.383687999045346 293.0 10.304238930678578 0.061842773502125116 NaN 14.13468175712167 2.0921171993808067E-4 1.8872343075641864 3.331890271049107E-6
8.403514993317422 293.0 10.538497173557547 0.06449966265020919 NaN 14.262213672240327 2.0916354596798675E-4 1.883193916028579 3.2864960935493664E-6
8.423341987589499 293.0 10.774449881958585 0.0672108647895009 NaN 14.390203656773844 2.0911515511996267E-4 1.8791786154934018 3.241919273470276E-6
8.443168981861575 293.0 11.012106389186473 0.06997618170618825 NaN 14.518656614396578 2.090665497141629E-4 1.875188093098083 3.1981400175683436E-6
8.462995976133652 293.0 11.25147609721722 0.07279541614978897 NaN 14.647577461044904 2.0901773205204616E-4 1.8712220370363453 3.1551391445903817E-6
8.482822970405728 293.0 11.492568477330899 0.07566837182730539 NaN 14.776971125200582 2.0896870441653684E-4 1.8672801365117053 3.1128980619960057E-6
8.502649964677804 293.0 11.735393070751295 0.0785948533974206 NaN 8.384602159055365 2.0891946907216336E-4 1.8633620816920384 5.460587945247858E-6
8.52247695894988 293.0 11.850643066456383 0.08255812881518707 NaN 1.2199951300686167 2.3970839034989785E-4 -0.3646499063399713 -8.406890855637886E-6
8.542303953221959 293.0 11.884885212793543 0.08714215170060423 NaN -2.436725836821534 2.8829559857708085E-4 -3.0027856472640275 4.158920845323928E-5
8.562130947494033 293.0 11.919404842620514 0.09171400948213881 NaN -5.5516289533695 3.3484093633012453E-4 -4.915166804020092 3.462378250106337E-5
8.58195794176611 293.0 11.944997735950684 0.09633045037545265 NaN -8.271271651609398 3.6853586059931503E-4 -6.02968793673419 3.130515967242917E-5
8.601784936038186 293.0 11.94740254662203 0.10106698031304984 NaN -8.28674207799759 3.7025434005412785E-4 -5.96568690429522 3.09876193722758E-5
8.621611930310262 293.0 11.94738800155471 0.10580076237384857 NaN -8.193390365660118 3.725142531428916E-4 -5.915094612723499 3.119266437275732E-5
8.641438924582339 293.0 11.9474562982479 0.11051218981198353 NaN -8.093652693350341 3.747732629411132E-4 -5.865838348297176 3.1431713779601984E-5
8.661265918854415 293.0 11.947779906019605 0.11520060483935546 NaN 1.764735278275623 3.774932497459306E-4 -5.83254092412741 -1.4404760589920604E-4
8.681092913126493 293.0 12.142291276952303 0.11831670133025105 NaN 3.9337530152900118 3.310520506245644E-4 -4.51350743374171 -4.375512724471999E-5
8.70091990739857 293.0 12.345454920409436 0.1214147716937298 NaN 6.548452788413233 2.8470172871510713E-4 -2.6648710631517423 -1.3315651907190736E-5
8.720746901670646 293.0 12.55025889826455 0.12455221775723876 NaN 10.802155184640759 2.4023428128834215E-4 -0.08554007714371425 -2.1814261963777766E-7
8.740573895942722 293.0 12.766873929731691 0.1276635799364069 NaN 15.627427716882766 2.1036569166441195E-4 2.351083106397024 3.6208909536729067E-6
8.760400890214797 293.0 13.008631021154695 0.1306704675069109 NaN 15.77272619609076 2.103219773736465E-4 2.34450241941916 3.5686552625167942E-6
8.780227884486873 293.0 13.252330379871964 0.13372658452635203 NaN 15.918602607758089 2.1027802185086963E-4 2.337964031540169 3.517393683056691E-6
8.80005487875895 293.0 13.497983368699279 0.1368319818949272 NaN 16.065062840854313 2.1023382646705136E-4 2.3314674519728675 3.4670822350299996E-6
8.819881873031026 293.0 13.745601439259918 0.13998671058302717 NaN 16.212112807713275 2.101893925972831E-4 2.325012190743665 3.41769768298489E-6
8.839708867303102 293.0 13.995196132853994 0.14319082163135874 NaN 16.35975844413273 2.1014472162079052E-4 2.318597758622549 3.3692175079466736E-6
8.859535861575178 293.0 14.246779081337992 0.14644436615106524 NaN 16.5080057094712 2.100998149209188E-4 2.312223667052481 3.321619880360786E-6
8.879362855847255 293.0 14.500362008014694 0.14974739532384876 NaN 16.65686058674089 2.1005467388521593E-4 2.305889428082836 3.2748836342546417E-6
8.899189850119331 293.0 14.755956728533471 0.15309996040209062 NaN 16.806329082703687 2.100092999053374E-4 2.299594554293901 3.2289882425311856E-6
8.919016844391408 293.0 15.013575151801572 0.156502112708975 NaN 16.956417227948442 2.099636943771685E-4 2.2933385587319615 3.183913793373778E-6
8.938843838663484 293.0 15.27322928090588 0.15995390363861017 NaN 17.10713107697318 2.099178587007246E-4 2.2871209548359306 3.1396409676678063E-6
8.95867083293556 293.0 15.534931214045795 0.16345538465615148 NaN 17.258476708263153 2.0987179428026941E-4 2.2809412563694718 3.0961510174152094E-6
8.978497827207635 293.0 15.79869314547716 0.1670066072979238 NaN 17.41046022436157 2.098255025242448E-4 2.274798977348231 3.0534257450723366E-6
8.998324821479711 293.0 16.064527366467694 0.17060762317154657 NaN 17.563087751923373 2.0977898484535672E-4 2.2686936319713418 3.0114474837840197E-6
9.018151815751786 293.0 16.33244626626327 0.17425848395605303 NaN 17.71636544178533 2.0973224266048024E-4 2.262624734549002 2.9701990784478126E-6
9.037978810023864 293.0 16.602462333066438 0.1779592414020175 NaN 17.87029946902489 2.0968527739077328E-4 2.2565917994323828 2.929663867586258E-6
9.05780580429594 293.0 16.874588155026284 0.18170994733167778 NaN 18.02489603298994 2.0963809046163772E-4 2.250594340942528 2.8898256659808918E-6
9.077632798568017 293.0 17.14883642124036 0.18551065363905905 NaN 18.180161357355708 2.0959068330274642E-4 2.2446318732993022 2.850668748026226E-6
9.097459792840093 293.0 17.42521992276857 0.1893614122900994 NaN 18.336101690157466 2.0954305734806263E-4 2.2387039105485127 2.8121778317740086E-6
9.117286787112167 293.0 17.70375155365945 0.19326227532277254 NaN 18.49216436401662 2.0949521403578082E-4 2.2328099664913563 2.774421920124198E-6
9.137113781384246 293.0 17.98443322989266 0.19721326258271998 NaN 18.638980893803243 2.094475152961929E-4 2.226949434532203 2.7387624978692457E-6
9.156940775656322 293.0 18.267081157016534 0.20121387289395296 NaN 18.782695007207565 2.0940049725229673E-4 2.2211247469590254 2.70422203785956E-6
9.176767769928398 293.0 18.551634163938186 0.205263928982087 NaN 18.92692354844496 2.0935322574502257E-4 2.2153375425425197 2.6702369115935715E-6
9.196594764200473 293.0 18.838103024175055 0.20936344403720303 NaN 19.07167249080502 2.0930570284568935E-4 2.2095874355356706 2.6367953413951543E-6
9.216421758472547 293.0 19.126498592632633 0.21351243125407496 NaN 19.216947823280464 2.0925793062707645E-4 2.2038740411522486 2.603885865682498E-6
9.236248752744626 293.0 19.416831806374283 0.2177109038321687 NaN 19.36275555089314 2.0920991116342875E-4 2.1981969755184187 2.5714973285204457E-6
9.256075747016702 293.0 19.70911368540022 0.22195887497564812 NaN 19.509101694944093 2.0916164653054592E-4 2.1925558556211 2.539618869590541E-6
9.275902741288778 293.0 20.003355333434936 0.2262563578933735 NaN 19.655992293328975 2.0911313880563038E-4 2.186950299253748 2.5082399145377483E-6
9.295729735560855 293.0 20.29956793872397 0.2306033657989062 NaN 19.803433400819767 2.0906439006744746E-4 2.181379924970559 2.4773501657092814E-6
9.31555672983293 293.0 20.59776277483965 0.23499991191050998 NaN 19.951431089328636 2.090154023962521E-4 2.175844352032041 2.4469395932396614E-6
9.335383724105005 293.0 20.89795120149602 0.23944600945115255 NaN 20.099991448202204 2.0896617787371992E-4 2.170343200353319 2.416998426476326E-6
9.355210718377084 293.0 21.200144665373262 0.24394167164850944 NaN 20.249120584479652 2.0891671858315697E-4 2.1648760904570072 2.387517145743987E-6
9.37503771264916 293.0 21.504354700951335 0.24848691173496235 NaN 20.398824623168693 2.0886702660923747E-4 2.1594426434172345 2.3584864744028245E-6
9.394864706921236 293.0 21.8105929313537 0.25308174294760644 NaN 20.54910970750093 2.0881710403818744E-4 2.1540424808117664 2.3298973712212355E-6
9.41469170119331 293.0 22.118871069200214 0.25772617852824786 NaN 20.699981999194577 2.0876695295776217E-4 2.148675224670297 2.301741023025782E-6
9.434518695465385 293.0 22.42920091747038 0.26242023172340806 NaN 20.851447678716482 2.087165754571474E-4 2.1433404974215566 2.274008837621748E-6
9.454345689737464 293.0 22.741594370376262 0.26716391578432547 NaN 21.00351294553242 2.0866597362707902E-4 2.138037921844122 2.246692436982236E-6
9.47417268400954 293.0 23.056063414245873 0.271957243966959 NaN 21.156184018330258 2.086151495598089E-4 2.132767121014043 2.2197836506845543E-6
9.493999678281616 293.0 23.372620128416386 0.2768002295319859 NaN 21.309467135296305 2.085641053490094E-4 2.127527718252602 2.1932745095794116E-6
9.513826672553693 293.0 23.691276686138277 0.2816928857448093 NaN 21.463368554332934 2.085128430899489E-4 2.122319337076141 2.167157239700406E-6
9.533653666825767 293.0 24.012045355489676 0.28663522587555607 NaN 21.617894553291023 2.0846136487935547E-4 2.1171416011442 2.1414242563859453E-6
9.553480661097844 293.0 24.334938500301515 0.2916272631990819 NaN 21.77305143020998 2.0840967281548863E-4 2.1119941342053283 2.116068158610431E-6
9.573307655369922 293.0 24.659968581093636 0.29666901099497134 NaN 21.928845503536042 2.0835776899808252E-4 2.1068765600486827 2.0910817235235655E-6
9.593134649641998 293.0 24.98714815602172 0.3017604825475405 NaN 22.085283112333386 2.0830565552839534E-4 2.1017885024491183 2.0664579011778283E-6
9.612961643914073 293.0 25.316489881835512 0.3069016911458393 NaN 22.242370616509444 2.0825333450920185E-4 2.096729585115787 2.042189809442689E-6
9.632788638186147 293.0 25.64800651484832 0.31209265008365505 NaN 22.400114397015596 2.082008080447724E-4 2.0916994316396504 2.018270729097523E-6
9.652615632458224 293.0 25.98171091191787 0.3173333726595108 NaN 22.55852085606761 2.081480782408848E-4 2.086697665441176 1.994694099093583E-6
9.672442626730302 293.0 26.317616031439044 0.32262387217667243 NaN 22.71759641732059 2.0809514720488155E-4 2.0817239097173186 1.971453511983315E-6
9.692269621002378 293.0 26.65573493434793 0.32796416194314504 NaN 22.877347526081017 2.0804201704554512E-4 2.076777787387313 1.948542709500381E-6
9.712096615274454 293.0 26.996080785138435 0.3333542552716803 NaN 23.03778064948331 2.0798868987317162E-4 2.071858921039718 1.9259555782966545E-6
9.73192360954653 293.0 27.338666852890473 0.33879416547977587 NaN 23.198902276690156 2.079351677996621E-4 2.0669669328813542 1.9036861458237126E-6
9.751750603818605 293.0 27.68350651231076 0.34428390588967794 NaN 23.36071891903933 2.0788145293834426E-4 2.0621014446800365 1.8817285763495201E-6
9.771577598090682 293.0 28.030613244785787 0.3498234898283821 NaN 23.523237110257085 2.078275474040953E-4 2.0572620777124775 1.8600771671107869E-6
9.79140459236276 293.0 28.38000063944784 0.3554129306276395 NaN 23.68646340658739 2.0777345331331656E-4 2.052448452709147 1.8387263445963693E-6
9.811231586634836 293.0 28.731682394253305 0.36105224162395444 NaN 23.8504043869648 2.077191727839093E-4 2.0476601898004465 1.8176706609516274E-6
9.83105858090691 293.0 29.0856723170743 0.36674143615858823 NaN 24.01361798950328 2.0766470793531696E-4 2.04289690846109 1.7970131919381508E-6
9.850885575178985 293.0 29.44195560415717 0.3724807305526503 NaN 24.174469829421387 2.076109646503547E-4 2.0381594404000096 1.7768722643027894E-6
9.870712569451062 293.0 29.800485073549556 0.37827045412308247 NaN 24.334939130429525 2.0755714758170982E-4 2.03345033540977 1.757083876174478E-6
9.89053956372314 293.0 30.16125283763502 0.3841105498006012 NaN 24.49506285780832 2.075031001138929E-4 2.028769372715688 1.7376356839360642E-6
9.910366557995216 293.0 30.52425179141376 0.3900009534063111 NaN 24.654839923316604 2.0744882467935863E-4 2.024116235036085 1.7185197262648144E-6
9.930193552267292 293.0 30.88947485992521 0.39594160087029473 NaN 24.814269273265648 2.0739432370275575E-4 2.019490608626856 1.6997282767520711E-6
9.950020546539369 293.0 31.256914998089865 0.4019324282313892 NaN 24.97334988760314 2.0733959960103025E-4 2.014892183241395 1.6812538355420215E-6
9.969847540811443 293.0 31.626565190551062 0.4079733716369457 NaN 25.13208077910187 2.0728465478331762E-4 2.0103206520807957 1.6630891213036148E-6
9.98967453508352 293.0 31.99841845151894 0.41406436734260577 NaN 25.290460992519247 2.0722949165116001E-4 2.005775711757692 1.645227063552329E-6
10.0095015293556 293.0 32.37246782461446 0.4202053517120692 NaN 25.448489603811304 2.0717411259835657E-4 2.0012570622458177 1.6276607952711792E-6
10.02932852362767 293.0 32.7487063827152 0.4263962612168683 NaN 25.60616571926319 2.0711852001107855E-4 1.9967644068455512 1.6103836458551805E-6
10.04915551789975 293.0 33.12712722780114 0.4326370324361336 NaN 25.76348847486894 2.0706271626786063E-4 1.9922974521359798 1.5933891343162218E-6
10.06898251217182 293.0 33.50772349080265 0.4389276020563742 NaN 25.920457035399163 2.0700670373970104E-4 1.9878559079395077 1.576670962793929E-6
10.0888095064439 293.0 33.89048833144824 0.44526790687124357 NaN 26.077070593832016 2.0695048478988346E-4 1.98343948727538 1.560223010294792E-6
10.10863650071598 293.0 34.275414938114096 0.45165788378131677 NaN 26.233328370538583 2.0689406177432E-4 1.9790479063276154 1.5440393267123527E-6
10.12846349498805 293.0 34.66249652767405 0.45809746979386223 NaN 26.38922961258139 2.068374370411902E-4 1.9746808843974564 1.5281141270612643E-6
10.14829048926013 293.0 35.05172634535089 0.4645866020226188 NaN 26.544773593123924 2.067806129313396E-4 1.9703381438719183 1.5124417859512E-6
10.16811748353221 293.0 35.44309766456837 0.47112521768756904 NaN 26.6999596106752 2.0672359177803838E-4 1.9660194101814275 1.4970168322746158E-6
10.18794447780428 293.0 35.836603786804154 0.47771325411471627 NaN 26.854786988433194 2.0666637590712234E-4 1.9617244117637151 1.4818339441039568E-6
10.20777147207636 293.0 36.232238041443644 0.4843506487358583 NaN 27.00925507376166 2.0660896763697787E-4 1.9574528800266495 1.466887943777965E-6
10.22759846634844 293.0 36.62999378563498 0.4910373390883676 NaN 27.16336323745927 2.0655136927857646E-4 1.9532045493114372 1.4521737931898747E-6
10.24742546062051 293.0 37.029864404144625 0.4977732628149676 NaN 27.317110873166232 2.0649358313552107E-4 1.9489791568572492 1.4376865892500917E-6
10.26725245489259 293.0 37.4318433092139 0.5045583576635081 NaN 27.470497396889314 2.064356115040177E-4 1.9447764427653595 1.4234215595151046E-6
10.28707944916466 293.0 37.835923940416876 0.5113925614867497 NaN 27.62352224624034 2.063774566729564E-4 1.9405961499641693 1.409374057998642E-6
10.30690644343674 293.0 38.24209976451828 0.5182758122421375 NaN 27.776184880062072 2.063191209238451E-4 1.936438024173304 1.3955395611192153E-6
10.32673343770881 293.0 38.6503642753329 0.5252080479915794 NaN 27.928484777745012 2.0626060653098678E-4 1.9323018138734764 1.3819136638212852E-6
10.34656043198089 293.0 39.06071099358609 0.5321892069012348 NaN 28.080421438773428 2.0620191576132624E-4 1.928187270268548 1.3684920758217832E-6
10.36638742625297 293.0 39.473133466774215 0.5392192272412855 NaN 28.231994382183196 2.0614305087456733E-4 1.924094147254794 1.3552706180072037E-6
10.38621442052504 293.0 39.88762526902707 0.5462980473857242 NaN 28.383203145989917 2.0608401412322965E-4 1.920022201387606 1.3422452189626919E-6
10.40604141479712 293.0 40.304180000970256 0.553425605812134 NaN 28.53404728681913 2.0602480775257077E-4 1.915971191849854 1.3294119116191244E-6
10.4258684090692 293.0 40.72279128958878 0.5606018411014669 NaN 28.684526379325302 2.05965434000682E-4 1.9119408804197549 1.316766830033248E-6
10.44569540334127 293.0 41.14345278809163 0.5678266919378345 NaN 28.83464001571465 2.0590589509846165E-4 1.9079310314385558 1.3043062062787306E-6
10.46552239761335 293.0 41.56615817577705 0.5751000971082861 NaN 28.98438780536101 2.0584619326970466E-4 1.9039414117823468 1.292026367448715E-6
10.48534939188543 293.0 41.990901157898236 0.5824219955025921 NaN 29.133769374312152 2.0578633073108478E-4 1.899971790828471 1.2799237327665393E-6
10.5051763861575 293.0 42.41767546553097 0.5897923261130353 NaN 29.282784364775093 2.0572630969215163E-4 1.896021940427863 1.2679948108043935E-6
10.52500338042958 293.0 42.8464748554405 0.5972110280341865 NaN 29.432297159758768 2.0566613235537844E-4 1.8920916348744288 1.2561992883972243E-6
10.54483037470165 293.0 43.277310254846114 0.604678365019955 NaN 29.588499260028904 2.056061629348243E-4 1.8881810395229266 1.2442774325010757E-6
10.56465736897373 293.0 43.71031528922625 0.6121968904797334 NaN 29.745762185151676 2.0554648978242802E-4 1.8842920487353079 1.2324739876172389E-6
10.58448436324581 293.0 44.145511351675964 0.6197669532459321 NaN 29.90250219724255 2.0548661097714003E-4 1.8804246997231304 1.2208498101405146E-6
10.60431135751788 293.0 44.58288834891723 0.6273882962080485 NaN 30.058719980362486 2.0542652926680322E-4 1.8765787554056725 1.20940113179253E-6
10.62413835178996 293.0 45.02243624957172 0.6350606639629773 NaN 30.21441623858782 2.0536624736961566E-4 1.872753981686406 1.1981242849581408E-6
10.64396534606204 293.0 45.46414508368717 0.6427838028008653 NaN 30.36959169523694 2.0530576797443044E-4 1.8689501474083865 1.1870156994310721E-6
10.66379234033411 293.0 45.90800494226763 0.6505574606910957 NaN 30.52424709232415 2.0524509374114812E-4 1.8651670243175553 1.1760718992800146E-6
10.68361933460619 293.0 46.354005976808686 0.6583813872684271 NaN 30.678383190001664 2.0518422730097773E-4 1.8614043870157058 1.1652894998267251E-6
10.70344632887826 293.0 46.8021383988364 0.6662553338192535 NaN 30.832000765844136 2.0512317125678415E-4 1.8576620129239747 1.1546652047509118E-6
10.72327332315034 293.0 47.25239247945053 0.67417905326801 NaN 30.98510061443863 2.0506192818346602E-4 1.8539396822416851 1.144195803289218E-6
10.74310031742242 293.0 47.704758548871936 0.6821523001637056 NaN 31.13768354676077 2.0500050062817433E-4 1.8502371779069642 1.1338781675467023E-6
10.76292731169449 293.0 48.15922699599478 0.6901748306666045 NaN 31.28975038952722 2.049388911107471E-4 1.8465542855586503 1.1237092499104625E-6
10.78275430596657 293.0 48.615788267941056 0.6982464025350077 NaN 31.441301984919395 2.048771021239102E-4 1.8428907934977985 1.1136860805435285E-6
10.80258130023865 293.0 49.07443286962155 0.7063667751122011 NaN 31.592339189853618 2.048151361336549E-4 1.8392464926516296 1.1038057649890891E-6
10.82240829451072 293.0 49.53515136329865 0.7145357093135037 NaN 31.742862875536236 2.0475299557951078E-4 1.8356211765351025 1.0940654818496648E-6
10.8422352887828 293.0 49.99793436815435 0.7227529676134552 NaN 31.892873927088843 2.046906828748872E-4 1.8320146412157805 1.0844624805502123E-6
10.86206228305487 293.0 50.462772559861556 0.7310183140331231 NaN 32.042373242900666 2.046282004072952E-4 1.8284266852777786 1.0749940791898115E-6
10.88188927732695 293.0 50.929656670159915 0.7393315141275426 NaN 32.191361734346394 2.0456555053869518E-4 1.8248571097877415 1.0656576624596252E-6
10.90171627159902 293.0 51.39857748643449 0.7476923349732649 NaN 32.33984032517405 2.0450273560579062E-4 1.8213057182583696 1.0564506796442421E-6
10.9215432658711 293.0 51.86952585129932 0.7561005451560417 NaN 32.487809951211425 2.0443975792028277E-4 1.8177723166163824 1.0473706426855198E-6
10.94137026014318 293.0 52.34249266218363 0.7645559147586124 NaN 32.635271559869075 2.0437661976913443E-4 1.8142567131685667 1.038415124320153E-6
10.96119725441526 293.0 52.81746887092282 0.7730582153486303 NaN 32.782226109721094 2.0431332341495066E-4 1.810758718568021 1.0295817562805218E-6
10.98102424868733 293.0 53.294445483352085 0.7816072199666817 NaN 32.92867457011654 2.0424987109611054E-4 1.807278145783333 1.0208682275575788E-6
11.00085124295941 293.0 53.77341355890474 0.7902027031144457 NaN 33.07461792083929 2.0418626502715986E-4 1.8038148100649565 1.0122722827220882E-6
11.02067823723148 293.0 54.2543642102129 0.7988444407429427 NaN 33.220057151628275 2.0412250739897298E-4 1.800368528915204 1.003791720308806E-6
11.04050523150356 293.0 54.73728860271304 0.8075322102409217 NaN 33.364993261909035 2.040586003791574E-4 1.7969391220569453 9.954243912499904E-7
11.06033222577564 293.0 55.2221779542539 0.8162657904233361 NaN 33.50942726037632 2.0399454611212868E-4 1.7935264114026808 9.87168197365376E-7
11.08015922004771 293.0 55.70902353470875 0.8250449615199463 NaN 33.653360164590936 2.0393034671953615E-4 1.790130221025887 9.790210899057326E-7
11.09998621431979 293.0 56.197816665590274 0.8338695051640211 NaN 33.79679300081253 2.0386600430045453E-4 1.786750377129647 9.70981068136045E-7
11.11981320859186 293.0 56.68854871966991 0.8427392043811576 NaN 33.93972680343652 2.038015209316029E-4 1.7833867080194734 9.63046177980022E-7
11.13964020286394 293.0 57.18121112059946 0.8516538435781953 NaN 34.08216261488386 2.0373689866762636E-4 1.7800390440734173 9.552145106956551E-7
11.15946719713602 293.0 57.67579534253692 0.8606132085322492 NaN 34.22410148513234 2.0367213954137779E-4 1.776707217714384 9.474842016060668E-7
11.17929419140809 293.0 58.17229290977477 0.8696170863798317 NaN 34.36554447146296 2.036072455640586E-4 1.773391063383219 9.398534288659203E-7
11.19912118568017 293.0 58.67069539637266 0.8786652656060969 NaN 34.506492638212585 2.0354221872556657E-4 1.7700904175099526 9.323204122682004E-7
11.21894817995224 293.0 59.1709944257919 0.8877575360341668 NaN 34.64694705637891 2.034770609946936E-4 1.7668051184875204 9.248834120945769E-7
11.23877517422432 293.0 59.67318167053481 0.8968936888145795 NaN 34.78724808161625 2.0341177431934437E-4 1.763535006645658 9.175317792717178E-7
11.2586021684964 293.0 60.17725557865202 0.90607610492201 NaN 34.927950807463084 2.0334697498091713E-4 1.7602818128490738 9.102534592681039E-7
11.27842916276848 293.0 60.68322540987239 0.9153071759927804 NaN 35.06897714082666 2.032819989563913E-4 1.7570454094740129 9.03046665120697E-7
11.29825615704055 293.0 61.191098841149625 0.9245866692392574 NaN 35.21033047540494 2.0321684754403434E-4 1.7538256407643456 8.959104594938175E-7
11.31808315131263 293.0 61.70088359076359 0.9339143533388266 NaN 35.35201421945985 2.0315152333685963E-4 1.7506223535580543 8.888439268216272E-7
11.3379101455847 293.0 62.2125874187761 0.9432899984399593 NaN 35.4940317768159 2.030860289001629E-4 1.7474353953465045 8.818461665323127E-7
11.35773713985678 293.0 62.7262181273146 0.9527133761505475 NaN 35.636386547162545 2.0302036677196877E-4 1.7442646142566025 8.749162927386518E-7
11.37756413412885 293.0 63.241783560856895 0.9621842595263279 NaN 35.779081926102926 2.0295453946319887E-4 1.7411098590352208 8.680534339423053E-7
11.39739112840093 293.0 63.75929160651969 0.9717024230594392 NaN 35.92212130543797 2.0288854945810006E-4 1.7379709790323639 8.612567327399123E-7
11.41721812267301 293.0 64.27875019434791 0.9812676426670666 NaN 36.06550807326263 2.0282239921450544E-4 1.7348478241840604 8.545253455399692E-7
11.43704511694508 293.0 64.8001672976079 0.9908796956802088 NaN 36.209245614067555 2.0275609116404106E-4 1.7317402449968693 8.478584422868212E-7
11.45687211121716 293.0 65.32355093308152 1.0005383608325396 NaN 36.35333730907564 2.0268962771259646E-4 1.7286480925316197 8.412552061864322E-7
11.47669910548924 293.0 65.84890916136425 1.0102434182493873 NaN 36.497786536220275 2.0262301124037267E-4 1.7255712183875513 8.347148334454714E-7
11.49652609976131 293.0 66.37625008716408 1.019994649436802 NaN 36.64259667035698 2.0255624410233178E-4 1.722509474686724 8.282365330128642E-7
11.51635309403339 293.0 66.9055818596045 1.0297918372707469 NaN 36.78777108348279 2.0248932862848454E-4 1.719462714057418 8.218195263261361E-7
11.53618008830546 293.0 67.43691267252834 1.0396347659863632 NaN 36.93331314474897 2.0242226712406745E-4 1.7164307896186501 8.154630470684139E-7
11.55600708257754 293.0 67.97025076480571 1.0495232211673664 NaN 37.079226220746236 2.0235506186987214E-4 1.713413554965504 8.091663409259809E-7
11.57583407684962 293.0 68.50560442064324 1.059456989735517 NaN 37.22551367556372 2.022877151224974E-4 1.7104108641534819 8.02928665355707E-7
11.59566107112169 293.0 69.0429819698966 1.0694358599402054 NaN 37.37217887086819 2.0222022911473266E-4 1.7074225716812335 7.967492893570828E-7
11.61548806539377 293.0 69.58239178838505 1.079459621348119 NaN 37.51922516624505 2.02152606055552E-4 1.7044485324788625 7.906274932449815E-7
11.63531505966585 293.0 70.12384229820941 1.089528064833025 NaN 37.66665591912223 2.020848481305398E-4 1.7014886018907718 7.845625684356749E-7
11.65514205393792 293.0 70.66734196807157 1.0996409825656277 NaN 37.81447448497566 2.0201695750225637E-4 1.6985426356593334 7.785538172318599E-7
11.67496904821 293.0 71.21289931359789 1.1097981680035442 NaN 37.962684217524064 2.0194893631028592E-4 1.6956104899125162 7.726005526134434E-7
11.69479604248207 293.0 71.76052289766398 1.1199994158813418 NaN 38.11128846871843 2.0188078667172804E-4 1.6926920211466379 7.667020980367296E-7
11.71462303675415 293.0 72.31022133072358 1.130244522200696 NaN 38.260290589017934 2.0181251068100594E-4 1.6897870862146553 7.608577872322093E-7
11.73445003102623 293.0 72.86200327113876 1.1405332842206237 NaN 38.40969392740327 2.0174411041069362E-4 1.6868955423076912 7.550669640130003E-7
11.7542770252983 293.0 73.41587742551408 1.1508655004478126 NaN 38.55950183150288 2.0167558791116827E-4 1.684017246944748 7.493289820845188E-7
11.77410401957038 293.0 73.97185254903299 1.1612409706270423 NaN 38.709717647779264 2.0160694521151532E-4 1.6811520579520831 7.436432048573093E-7
11.79393101384246 293.0 74.52993744579695 1.17165949573168 NaN 38.86034472157762 2.01538184318959E-4 1.6782998334566739 7.380090052674841E-7
11.81375800811453 293.0 75.09014096916734 1.1821208779542793 NaN 39.0113863972229 2.014693072199953E-4 1.6754604318626825 7.324257655989281E-7
11.83358500238661 293.0 75.65247202211145 1.1926249206972628 NaN 39.16284601821823 2.0140031587972663E-4 1.6726337118467705 7.268928773092045E-7
11.85341199665868 293.0 76.21693955754883 1.2031714285636703 NaN 39.31472692724881 2.0133121224273092E-4 1.669819532336091 7.214097408609553E-7
11.87323899093076 293.0 76.78355257870379 1.2137602073480318 NaN 39.46703246635512 2.0126199823300165E-4 1.6670177524983276 7.159757655556764E-7
11.89306598520284 293.0 77.35232013945782 1.224391064027279 NaN 39.619765977004576 2.0119267575439758E-4 1.664228231723783 7.105903693713971E-7
11.91289297947491 293.0 77.92325134470727 1.235063806751766 NaN 39.77293080014276 2.0112324669046872E-4 1.6614508296169335 7.052529788060414E-7
11.93271997374699 293.0 78.49635535072278 1.2457782448363701 NaN 39.92483060870043 2.0105371290499594E-4 1.6586854059778589 6.999928273319749E-7
11.95254696801907 293.0 79.0716076662099 1.2565346477408534 NaN 40.06936867707519 2.009843204631211E-4 1.6559329029039904 6.949154293936889E-7
11.97237396229114 293.0 79.6488628566376 1.267334998506525 NaN 40.21332420208529 2.0091497333694612E-4 1.6531941700055637 6.898996429719404E-7
11.99220095656322 293.0 80.22811017451002 1.2781795165081455 NaN 40.35765686842392 2.0084547916680048E-4 1.650468618165478 6.849273220272311E-7
12.01202795083529 293.0 80.80935799126267 1.2890681632364105 NaN 40.50237020650904 2.0077584006081628E-4 1.6477561342650997 6.79997969305388E-7
12.03185494510737 293.0 81.3926147253025 1.300000900226776 NaN 40.647467747743484 2.0070605812267793E-4 1.6450566054590832 6.751110947419389E-7
12.05168193937944 293.0 81.97788884233698 1.3109776890593816 NaN 40.792953024570416 2.0063613545098663E-4 1.6423699191719925 6.702662153337542E-7
12.07150893365152 293.0 82.56518885570772 1.3219984913589964 NaN 40.938829570724195 2.0056607413971005E-4 1.6396959630859063 6.654628550101423E-7
12.0913359279236 293.0 83.15452332672477 1.3330632687949446 NaN 41.08510092137533 2.0049587627817025E-4 1.6370346251298635 6.607005445076919E-7
12.11116292219568 293.0 83.74590086500645 1.3441719830810566 NaN 41.231770613261624 2.004255439508519E-4 1.6343857934754367 6.55978821249868E-7
12.13098991646775 293.0 84.33933012881914 1.3553245959755866 NaN 41.378842184839286 2.0035507923770197E-4 1.6317493565231458 6.512972292267739E-7
12.15081691073983 293.0 84.93481982542225 1.3665210692811542 NaN 41.52631917659529 2.0028448421368622E-4 1.6291252028980194 6.46655318876178E-7
12.1706439050119 293.0 85.53237871141492 1.3777613648446887 NaN 41.67420513096442 2.0021376094938256E-4 1.6265132214364804 6.420526469731616E-7
12.19047089928398 293.0 86.13201559308602 1.3890454445573532 NaN 41.82250359273905 2.0014291151048953E-4 1.6239133011799163 6.37488776513566E-7
12.21029789355605 293.0 86.73373932676715 1.4003732703544822 NaN 41.97121810901245 2.0007193795815008E-4 1.6213253313661309 6.32963276608866E-7
12.23012488782813 293.0 87.33755881918887 1.4117448042155303 NaN 42.12035222948329 2.0000084234880156E-4 1.6187492014182432 6.284757223752069E-7
12.24995188210021 293.0 87.94348302783887 1.4231600081639877 NaN 42.26990950657265 1.9992962673425377E-4 1.616184800937507 6.240256948298713E-7
12.26977887637228 293.0 88.5515209613252 1.4346188442673324 NaN 42.41989349549118 1.9985829316164695E-4 1.6136320196958907 6.196127807901219E-7
12.28960587064436 293.0 89.16168167974055 1.4461212746369643 NaN 42.57030775455845 1.997868436735357E-4 1.6110907476227134 6.152365727685532E-7
12.30943286491644 293.0 89.77397429503132 1.4576672614281354 NaN 42.72115584520023 1.997152803078171E-4 1.6085608748021776 6.108966688789964E-7
12.32925985918851 293.0 90.3884079713681 1.4692567668398855 NaN 42.87244133213384 1.9964360509783848E-4 1.6060422914569994 6.065926727368694E-7
12.34908685346059 293.0 91.00499192552162 1.4808897531149925 NaN 43.02416778363576 1.995718200722477E-4 1.6035348879474782 6.023241933654903E-7
12.36891384773266 293.0 91.62373542723954 1.4925661825398906 NaN 43.17633877147806 1.994999272552928E-4 1.6010385547567263 5.980908451051212E-7
12.38874084200474 293.0 92.24464779962864 1.5042860174446253 NaN 43.32895787128612 1.9942792866637846E-4 1.5985531824847483 5.938922475190382E-7
12.40856783627681 293.0 92.86773841953831 1.516049220202772 NaN 43.48202866250431 1.9935582632050352E-4 1.5960786618403546 5.89728025308778E-7
12.42839483054889 293.0 93.49301671794929 1.5278557532313932 NaN 43.63555472866559 1.9928362222821307E-4 1.5936148836283268 5.85597808223708E-7
12.44822182482097 293.0 94.12049218036391 1.539705578990955 NaN 43.78953965751329 1.9921131839528074E-4 1.5911617387450485 5.815012309767903E-7
12.46804881909304 293.0 94.75017434720174 1.5515986599852827 NaN 43.94398704098693 1.991389168230324E-4 1.5887191181690574 5.774379331638183E-7
12.48787581336512 293.0 95.38207281419632 1.5635349587614813 NaN 44.0989004756586 1.9906641950831624E-4 1.5862869129489265 5.734075591763267E-7
12.5077028076372 293.0 96.01619723279815 1.5755144379098935 NaN 44.25428356257858 1.989938284434187E-4 1.5838650141984767 5.694097581265079E-7
12.52752980190927 293.0 96.65255731057802 1.5875370600640146 NaN 44.41013990754424 1.9892114561612453E-4 1.581453313085945 5.654441837663012E-7
12.54735679618135 293.0 97.29116281163708 1.5996027879004517 NaN 44.56647312128702 1.9884837300969884E-4 1.579051700826326 5.615104944101053E-7
12.56718379045342 293.0 97.93202355701737 1.6117115841388383 NaN 44.723286819451424 1.98775512602881E-4 1.5766600686712353 5.576083528607952E-7
12.5870107847255 293.0 98.57514942511905 1.6238634115417976 NaN 44.88058462289234 1.9870256637008856E-4 1.5742783079005478 5.537374263343953E-7
12.60683777899758 293.0 99.2205503521186 1.636058232914864 NaN 45.038370157699156 1.986295362810814E-4 1.5719063098142638 5.498973863882327E-7
12.62666477326965 293.0 99.86823633239237 1.648296011106422 NaN 45.19655411865936 1.985564243012736E-4 1.5695439657238959 5.460890317591752E-7
12.64649176754173 293.0 100.51821557628875 1.660576759300313 NaN 45.349503402487876 1.9848326900963936E-4 1.5671914431544884 5.423796100757305E-7
12.66631876181381 293.0 101.17038455459382 1.6729034520496338 NaN 45.49939546241801 1.984102295201575E-4 1.5648507531997018 5.387421350655966E-7
12.68614575608588 293.0 101.82468283969624 1.6852775457995741 NaN 45.64954052987822 1.983370674564492E-4 1.562520685097041 5.351352451388827E-7
12.70597275035796 293.0 102.48111596314197 1.6976986225657353 NaN 45.79994009455194 1.9826378505071642E-4 1.5602011461229555 5.315586087536971E-7
12.72579974463004 293.0 103.13968947565255 1.7101662692637147 NaN 45.950595641799154 1.981903844956528E-4 1.5578920441585122 5.28011898767708E-7
12.74562673890211 293.0 103.80040894721 1.7226800776375362 NaN 46.10150865258586 1.9811686794486317E-4 1.5555932876847425 5.244947923701596E-7
12.76545373317419 293.0 104.46327996713883 1.7352396441892806 NaN 46.25268060377548 1.9804323751413435E-4 1.5533047857640936 5.210069710085856E-7
12.78528072744626 293.0 105.12830814419173 1.7478445701099998 NaN 46.40411296779241 1.97969495281729E-4 1.5510264480325806 5.175481203250191E-7
12.80510772171834 293.0 105.79549910663252 1.760494461211776 NaN 46.555807213006496 1.9789564328931452E-4 1.5487581846862764 5.141179300850185E-7
12.82493471599042 293.0 106.46485850232206 1.7731889278610056 NaN 46.70776480347162 1.9782168354265858E-4 1.5464999064644684 5.107160941135174E-7
12.84476171026249 293.0 107.13639199880329 1.7859275849128002 NaN 46.85998719904883 1.9774761801227638E-4 1.544251524645558 5.073423102316369E-7
12.86458870453457 293.0 107.81010528338726 1.7987100516465422 NaN 47.01247585551218 1.9767344863416805E-4 1.5420129510335596 5.039962801920086E-7
12.88441569880664 293.0 108.48600406323868 1.8115359517025273 NaN 47.16523222439843 1.9759917731038796E-4 1.5397840979448285 5.006777096176862E-7
12.90424269307872 293.0 109.16409406546374 1.8244049130197217 NaN 47.31825775315103 1.9752480590989012E-4 1.5375648781946991 4.973863079396707E-7
12.9240696873508 293.0 109.84438103719611 1.8373165677745398 NaN 47.47155388511937 1.974503362689056E-4 1.5353552050941992 4.941217883392014E-7
12.94389668162288 293.0 110.52687074568584 1.8502705523207132 NaN 47.62512205952151 1.973757701917639E-4 1.5331549924368981 4.908838676893776E-7
12.96372367589495 293.0 111.21156897838583 1.8632665071301384 NaN 47.77896371147894 1.9730110945141442E-4 1.5309641544805448 4.87672266494671E-7
12.98355067016703 293.0 111.89848154304254 1.8763040767347625 NaN 47.933080272067485 1.9722635579003187E-4 1.5287826059485685 4.844867088379026E-7
13.0033776644391 293.0 112.58761426778234 1.889382909669414 NaN 48.08747316827231 1.9715151091962766E-4 1.5266102620115072 4.813269223227805E-7
13.02320465871118 293.0 113.27897300120368 1.9025026584156342 NaN 48.24214382308768 1.9707657652259545E-4 1.524447038282071 4.781926380201479E-7
13.04303165298325 293.0 113.97256361246494 1.9156629793464184 NaN 48.3970936553963 1.970015542522865E-4 1.5222928508039284 4.75083590415481E-7
13.06285864725533 293.0 114.6683919913761 1.928863532671914 NaN 48.552324080122574 1.9692644573351929E-4 1.5201476160383893 4.719995173537909E-7
13.08268564152741 293.0 115.36646404848923 1.9421039823859951 NaN 48.70783650814469 1.968512525631909E-4 1.5180112508611538 4.6894015999124746E-7
13.10251263579948 293.0 116.06678571518984 1.9553839962137511 NaN 48.86363234625959 1.9677597631075053E-4 1.515883672548095 4.659052627433831E-7
13.12233963007156 293.0 116.76936294378869 1.9687032455598288 NaN 49.01971299742779 1.9670061851867308E-4 1.5137647987720044 4.6289457323492094E-7
13.14216662434364 293.0 117.4742017076146 1.9820614054576517 NaN 49.176079860483114 1.9662518070306457E-4 1.5116545475854577 4.5990784225164004E-7
13.16199361861571 293.0 118.18130800110663 1.9954581545194559 NaN 49.33273433029979 1.965496643540757E-4 1.5095528374189129 4.569448236929214E-7
13.18182061288779 293.0 118.89068783990841 2.008893174887169 NaN 49.48967779778574 1.964740709363995E-4 1.5074595870685634 4.5400527452385847E-7
13.20164760715986 293.0 119.60234726096016 2.0223661521840612 NaN 49.64691164985619 1.9639840188976268E-4 1.505374715689527 4.510889547299712E-7
13.22147460143194 293.0 120.31629232259552 2.0358767754672575 NaN 49.80443726946896 1.9632265862939337E-4 1.5032981427849679 4.4819562727086E-7
13.24130159570402 293.0 121.03252910463429 2.049424737180938 NaN 49.962256035617266 1.9624684254637465E-4 1.5012297882025454 4.4532505803697373E-7
13.26112858997609 293.0 121.75106370847872 2.06300973311037 NaN 50.12036932323238 1.9617095500835193E-4 1.4991695721185987 4.4247701580507575E-7
13.28095558424817 293.0 122.47190225720922 2.0766314623366506 NaN 50.278778503453026 1.9609499735961683E-4 1.4971174150395792 4.396512721949167E-7
13.30078257852024 293.0 123.19505089568104 2.0902896271922047 NaN 50.437484943225996 1.9601897092174272E-4 1.4950732377876692 4.3684760162912306E-7
13.32060957279232 293.0 123.9205157906199 2.103983933216973 NaN 50.59649000573532 1.9594287699404003E-4 1.4930369614908012 4.3406578128741434E-7
13.3404365670644 293.0 124.64830313072156 2.117714089115353 NaN 50.753201633372 1.9586671685377225E-4 1.491008507585602 4.313276301760839E-7
13.36026356133647 293.0 125.37836770708924 2.1314809479538397 NaN 50.9031871181117 1.9579056024100077E-4 1.4889896205497948 4.2867032365438504E-7
13.38009055560855 293.0 126.11057619331922 2.1452874819493117 NaN 51.053270029425576 1.9571432742230624E-4 1.4869800662287298 4.2603487249652664E-7
13.39991754988062 293.0 126.84493088065773 2.1591338110848826 NaN 51.20386409097212 1.9563798694521294E-4 1.4849791926787492 4.234173907231629E-7
13.4197445441527 293.0 127.58144236776911 2.173019876368386 NaN 51.35497380233639 1.955615414548576E-4 1.4829869193172285 4.208177126031819E-7
13.43957153842478 293.0 128.32012132321867 2.1869456189241925 NaN 51.506603679384355 1.9548499358623453E-4 1.4810031656537956 4.182356743464782E-7
13.45939853269685 293.0 129.06097848605089 2.200910979992936 NaN 51.658758254424406 1.9540834596419576E-4 1.4790278512794712 4.156711140746497E-7
13.47922552696893 293.0 129.8040246663712 2.2149159009312047 NaN 51.81144207674346 1.9533160120353488E-4 1.4770608958562756 4.131238717895301E-7
13.49905252124101 293.0 130.54927074593613 2.2289603232112847 NaN 51.96465971268702 1.9525476190897505E-4 1.4751022191182743 4.105937893489665E-7
13.51887951551308 293.0 131.29672767874658 2.2430441884208423 NaN 52.11841574603232 1.951778306751211E-4 1.4731517408599497 4.0808071043707564E-7
13.53870650978516 293.0 132.04640649164955 2.2571674382626736 NaN 52.272714778326076 1.9510081008698696E-4 1.4712093809272933 4.0558448053730334E-7
13.55853350405723 293.0 132.79831828494358 2.271330014554385 NaN 52.427561429033155 1.9502370271922852E-4 1.469275059210892 4.031049469053069E-7
13.57836049832931 293.0 133.55247423299238 2.2855318592281457 NaN 52.58296033597923 1.9494651113688665E-4 1.4673486956404462 4.0064195854356706E-7
13.59818749260139 293.0 134.30888558484259 2.299772914330378 NaN 52.7389161556018 1.9486923789509983E-4 1.465430210174932 3.981953661746371E-7
13.61801448687346 293.0 135.06756366485 2.3140531220214946 NaN 52.895433563096105 1.9479188553899599E-4 1.4635195227987137 3.957650222176419E-7
13.63784148114554 293.0 135.82851987330957 2.3283724245756092 NaN 53.05251725302007 1.94714456604292E-4 1.4616165535118046 3.9335078076160823E-7
13.65766847541762 293.0 136.59176568709387 2.3427307643802635 NaN 53.2101719392339 1.9463695361665836E-4 1.4597212223179206 3.9095249754117035E-7
13.67749546968969 293.0 137.35731266029623 2.3571280839361344 NaN 53.3684023554533 1.945593790920188E-4 1.457833449226368 3.8857002991373906E-7
13.69732246396177 293.0 138.12517242488295 2.3715643258567822 NaN 53.52721325549212 1.9448173553692204E-4 1.4559531542387019 3.8620323683545934E-7
13.71714945823384 293.0 138.8953566913487 2.3860394328683467 NaN 53.68660941339216 1.9440402544802616E-4 1.454080257339245 3.8385197883767124E-7
13.73697645250592 293.0 139.66787724938143 2.4005533478092915 NaN 53.84659562400705 1.943262513124344E-4 1.4522146784945378 3.8151611800456836E-7
13.756803446778 293.0 140.44274596853217 2.415106013630112 NaN 54.00717670309637 1.942484156077789E-4 1.450356337638041 3.7919551795039913E-7
13.77663044105007 293.0 141.21997479889333 2.4296973733930782 NaN 54.16835748758252 1.9417052080195727E-4 1.448505154664988 3.7689004379787585E-7
13.79645743532215 293.0 141.99957577178228 2.4443273702719486 NaN 54.330142836110475 1.9409256935367167E-4 1.4466610494301748 3.745995621571839E-7
13.81628442959423 293.0 142.78156100043273 2.4589959475516996 NaN 54.492537629115304 1.9401456371179377E-4 1.4448239417316302 3.723239411028742E-7
13.8361114238663 293.0 143.56594268069352 2.4737030486282565 NaN 54.655546769152245 1.9393650631604787E-4 1.4429937513111755 3.7006305015622175E-7
13.85593841813838 293.0 144.35273309173363 2.4884486170082227 NaN 54.819175181347056 1.9385839959665138E-4 1.4411703978364596 3.678167602603498E-7
13.87576541241045 293.0 145.14194459675514 2.503232596308608 NaN 54.98342781350133 1.9378024597453052E-4 1.4393538009048208 3.655849437647998E-7
13.89559240668253 293.0 145.93358964371336 2.5180549302565503 NaN 55.14830963663102 1.9370204786110456E-4 1.437543880028944 3.6336747440202026E-7
13.91541940095461 293.0 146.7276807660444 2.5329155626890674 NaN 55.313825645064895 1.936238076586935E-4 1.4357405546268354 3.6116422726948165E-7
13.93524639522668 293.0 147.52423058340023 2.5478144375527783 NaN 55.479980856744994 1.9354552776031412E-4 1.4339437440186642 3.589750788113299E-7
13.95507338949876 293.0 148.3232518023906 2.5627514989036153 NaN 55.64678031386199 1.934672105497041E-4 1.4321533674196756 3.5679990679765045E-7
13.97490038377084 293.0 149.1247572173345 2.5777266909065966 NaN 55.81422908276109 1.9338885840139382E-4 1.430369343927417 3.54638590307492E-7
13.99472737804291 293.0 149.92875971101708 2.5927399578355304 NaN 55.98233225443198 1.9331047368086236E-4 1.4285915925160795 3.5249100971033486E-7
14.01455437231499 293.0 150.73527225545664 2.607791244072766 NaN 56.15109494491507 1.9323205874433356E-4 1.4268200320281565 3.5035704664713243E-7
14.03438136658706 293.0 151.5443079126776 2.62288049410892 NaN 56.319919781552905 1.931536159390039E-4 1.425054581167803 3.482403094704747E-7
14.05420836085914 293.0 152.35586788945466 2.638007820388566 NaN 56.47899976966539 1.9307509864963516E-4 1.4232964479209007 3.4620094273864883E-7
14.07403535513122 293.0 153.16975868531074 2.6531760179494865 NaN 56.63465207954557 1.9299639664325675E-4 1.4215482394089096 3.441992564378871E-7
14.09386234940329 293.0 153.98591187009302 2.6683860021144232 NaN 56.790519657324005 1.9291761105569966E-4 1.4198071247512543 3.422120975692763E-7
14.11368934367537 293.0 154.8043319773286 2.683637647852225 NaN 56.94660351820455 1.928387431694065E-4 1.4180730582251269 3.4023933267124544E-7
14.13351633794744 293.0 155.62502355266554 2.698930830630062 NaN 57.102904674820465 1.927597942576605E-4 1.4163459943494436 3.382808297849854E-7
14.15334333221952 293.0 156.44799115391305 2.714265426410934 NaN 57.25942413759367 1.926807655845378E-4 1.4146258878754379 3.363364584301846E-7
14.1731703264916 293.0 157.2732393510827 2.729641311651218 NaN 57.416162914543946 1.9260165840511093E-4 1.4129126937934808 3.3440608958872325E-7
14.19299732076367 293.0 158.10077272642894 2.745058363298211 NaN 57.57312201132233 1.9252247396543717E-4 1.4112063673243018 3.3248959568320645E-7
14.21282431503575 293.0 158.93059587449036 2.7605164587876896 NaN 57.730302431389504 1.9244321350251036E-4 1.4095068639147486 3.305868505560278E-7
14.23265130930782 293.0 159.76271340213046 2.7760154760414966 NaN 57.88770517585326 1.9236387824440483E-4 1.4078141392436696 3.2869772945342943E-7
14.2524783035799 293.0 160.59712992857956 2.79155529346513 NaN 58.045331243646714 1.9228446941046723E-4 1.4061281492100475 3.2682210900378405E-7
14.27230529785198 293.0 161.43385008547574 2.80713578994535 NaN 58.20318163147235 1.9220498821128057E-4 1.4044488499371515 3.249598672008994E-7
14.29213229212406 293.0 162.2728785169073 2.8227568448478033 NaN 58.36125733379104 1.9212543584864021E-4 1.402776197763438 3.2311088338426874E-7
14.31195928639613 293.0 163.11421987945374 2.838418338014651 NaN 58.51955934290542 1.9204581351564985E-4 1.4011101492510736 3.212750382233657E-7
14.33178628066821 293.0 163.95787884222833 2.8541201497622306 NaN 58.678088649013525 1.91966122397105E-4 1.3994506611674822 3.1945221369664585E-7
14.35161327494028 293.0 164.8038600869202 2.8698621608787045 NaN 58.836846240106276 1.9188636366885778E-4 1.3977976904997993 3.176422930775484E-7
14.37144026921236 293.0 165.65216830783677 2.88564425262175 NaN 58.99583310217433 1.918065384987039E-4 1.3961511944417273 3.1584516091526815E-7
14.39126726348444 293.0 166.50280821194627 2.901466306716245 NaN 59.155050219025334 1.9172664804573543E-4 1.3945111303919258 3.1406070301801973E-7
14.41109425775651 293.0 167.3557845189202 2.9173282053519656 NaN 59.31449857239905 1.9164669346089219E-4 1.3928774559592536 3.1228880643845613E-7
14.43092125202859 293.0 168.21110196117633 2.9332298311813183 NaN 59.474179142084694 1.9156667588673395E-4 1.3912501289478334 3.105293594535167E-7
14.45074824630066 293.0 169.0687652839222 2.9491710673170632 NaN 59.63409290569909 1.9148659645768027E-4 1.389629107367107 3.0878225155270446E-7
14.47057524057274 293.0 169.92877924519766 2.9651517973300523 NaN 59.794240839016545 1.9140645629987855E-4 1.388014349423467 3.070473734189547E-7
14.49040223484482 293.0 170.79114861591896 2.981171905247004 NaN 59.95462391574737 1.9132625653139592E-4 1.386405813519849 3.053246169149489E-7
14.51022922911689 293.0 171.65587817992156 2.9972312755482573 NaN 60.11524310753309 1.9124599826239903E-4 1.3848034582476718 3.036138750667921E-7
14.53005622338897 293.0 172.5229727340047 3.0133297931655685 NaN 60.27609938428382 1.911656825948663E-4 1.383207242396568 3.0191504204937483E-7
14.54988321766104 293.0 173.39243708797463 3.0294673434799013 NaN 60.43719371374859 1.9108531062297164E-4 1.3816171249382556 3.002280131712364E-7
14.56971021193312 293.0 174.2642760646893 3.0456438123192378 NaN 60.598527061983276 1.9100488343295243E-4 1.380033065037095 2.985526848601482E-7
14.58953720620519 293.0 175.1384945001024 3.0618590859564065 NaN 60.76010039293785 1.9092440210321762E-4 1.3784550220379428 2.968889546487502E-7
14.60936420047727 293.0 176.01509724330793 3.0781130511069135 NaN 60.92191466885214 1.908438677044794E-4 1.376882955470129 2.952367211599265E-7
14.62919119474935 293.0 176.89408915658458 3.094405594926786 NaN 61.083970849999034 1.9076328129965739E-4 1.375316825041798 2.935958840931765E-7
14.64901818902143 293.0 177.77547511544066 3.110736605010439 NaN 61.24626989490001 1.906826439439746E-4 1.37375659064114 2.919663442106599E-7
14.6688451832935 293.0 178.65926000865971 3.127105969388556 NaN 61.40881276012621 1.9060195668522105E-4 1.3722022123314737 2.903480033243865E-7
14.68867217756558 293.0 179.54544873834504 3.1435135765259616 NaN 61.57160040054079 1.9052122056364602E-4 1.3706536503487545 2.8874076428144E-7
14.70849917183766 293.0 180.43404621996518 3.1599593153195205 NaN 61.73463376919123 1.9044043661164617E-4 1.3691108651030464 2.8714453095161424E-7
14.72832616610973 293.0 181.32505738239965 3.1764430750960493 NaN 61.897913817295866 1.9035960585464087E-4 1.367573817175559 2.8555920821563067E-7
14.74815316038181 293.0 182.21848716798493 3.1929647456102526 NaN 62.06144149439901 1.902787293103888E-4 1.366042467310211 2.8398470194926986E-7
14.76798015465388 293.0 183.11434053256028 3.209524217042638 NaN 62.22521774814813 1.901978079893116E-4 1.3645167764220771 2.8242091901449793E-7
14.78780714892596 293.0 184.01262244551316 3.226121379997465 NaN 62.389243524641984 1.9011684289464974E-4 1.3629967055870538 2.808677672439623E-7
14.80763414319803 293.0 184.91333788982675 3.2427561255007133 NaN 62.553519768072206 1.9003583502243856E-4 1.3614822160451603 2.7932515543147313E-7
14.82746113747011 293.0 185.81649186212564 3.2594283449980446 NaN 62.71804742108234 1.8995478536137637E-4 1.359973269194233 2.7779299331725424E-7
14.84728813174219 293.0 186.7220893727231 3.276137930352793 NaN 62.882827424519874 1.8987369489312426E-4 1.3584698265917445 2.762711915784248E-7
14.86711512601427 293.0 187.63013544566743 3.2928847738439386 NaN 63.04786071760593 1.8979256459230595E-4 1.356971849950864 2.747596618161414E-7
14.88694212028634 293.0 188.54063511878934 3.309668768164134 NaN 63.21314823783251 1.8971139542634001E-4 1.3554793011399204 2.7325831654457864E-7
14.90676911455842 293.0 189.45359344374938 3.326489806417711 NaN 63.37869092113642 1.896301883559075E-4 1.353992142175976 2.717670691785937E-7
14.92659610883049 293.0 190.36901548608546 3.3433477821187143 NaN 63.544489701647194 1.8954894433465208E-4 1.3525103352307 2.702858340247695E-7
14.94642310310257 293.0 191.28690632525974 3.36024258918892 NaN 63.710545512124995 1.894676643091323E-4 1.351033842624654 2.6881452626767574E-7
14.96625009737464 293.0 192.20727105470783 3.377174121955915 NaN 63.87685928340053 1.8938634921942073E-4 1.3495626268202665 2.673530619612318E-7
14.98607709164672 293.0 193.1301147818856 3.3941422751511414 NaN 64.04343194495455 1.8930499999856475E-4 1.3480966504286156 2.659013580165013E-7
15.0059040859188 293.0 194.05544262831853 3.4111469439079682 NaN 64.21026442456909 1.8922361757297E-4 1.3466358762036872 2.644593321923882E-7
15.02573108019087 293.0 194.98325972964943 3.428188023759785 NaN 64.3773576483673 1.8914220286219669E-4 1.3451802670402933 2.6302690308472646E-7
15.04555807446295 293.0 195.91357123568724 3.4452654106380813 NaN 64.54471254108776 1.8906075677939106E-4 1.3437297859734245 2.616039901157408E-7
15.06538506873502 293.0 196.8463823104562 3.462379000870569 NaN 64.71233002569308 1.8897928023106978E-4 1.3422843961725146 2.6019051352448376E-7
15.0852120630071 293.0 197.78169813224497 3.479528691179292 NaN 64.88021102376895 1.8889777411695187E-4 1.3408440609477723 2.587863943566046E-7
15.10503905727918 293.0 198.7195238936554 3.49671437867874 NaN 65.04835645526599 1.8881623933042648E-4 1.3394087437417672 2.5739155445493724E-7
15.12486605155126 293.0 199.65986480165225 3.513935960874005 NaN 65.21676723864424 1.887346767584688E-4 1.3379784081268453 2.560059164489745E-7
15.14469304582333 293.0 200.60272607761337 3.5311933356589247 NaN 65.3854442907786 1.8865308728162818E-4 1.3365530178114549 2.546294037472388E-7
15.16452004009541 293.0 201.54811295737923 3.5484864013142383 NaN 65.55438852712113 1.8857147177383626E-4 1.3351325366273206 2.532619405248599E-7
15.18434703436748 293.0 202.49603069130268 3.5658150565057505 NaN 65.72360086150579 1.884898311030184E-4 1.3337169285394335 2.519034517181318E-7
15.20417402863956 293.0 203.44648454429938 3.5831792002825185 NaN 65.89308220642035 1.8840816613067407E-4 1.332306157632464 2.5055386301149483E-7
15.22400102291163 293.0 204.39947979589914 3.6005787320750393 NaN 66.06283347270953 1.883264777119608E-4 1.3309001881210016 2.49213100832046E-7
15.24382801718371 293.0 205.35502174029597 3.618013551693462 NaN 66.23285556982108 1.8824476669620968E-4 1.3294989843352971 2.478810923380228E-7
15.26365501145579 293.0 206.3131156863988 3.635483559325769 NaN 66.40314940575249 1.881630339260981E-4 1.3281025107336624 2.465577654118002E-7
15.28348200572786 293.0 207.27376695788277 3.652988655536018 NaN 66.5737158869426 1.8808128023853693E-4 1.3267107318883045 2.452430486504859E-7
15.30330899999994 293.0 208.2369808932415 3.6705287412625784 NaN 69.09382871248752 1.87999506464263E-4 1.325323612490756 2.356427260478512E-7
16.032038 293.0 245.4456867508002 4.339154894603599 NaN 75.29885093434442 1.8497533527363046E-4 1.2774072604889464 1.9573393220263338E-7
16.760767 293.0 286.06659298828106 5.057051080032827 NaN 81.73688723548842 1.8189491681426816E-4 1.235321219021311 1.6401685516690295E-7
17.489496 293.0 330.26610559209564 5.818272044265263 NaN 88.3088345400134 1.7880688823790895E-4 1.1978395309213248 1.386760424145373E-7
18.218225 293.0 378.13573940253644 6.617360716831105 NaN 99.02198255522042 1.7569101493659873E-4 1.1643780554383647 1.133981279190866E-7
20.0400475 293.0 514.5069195225171 8.816167205938815 NaN 116.65157496290273 1.6790870517829041E-4 1.0948115919265098 7.863633177473437E-8
21.86187 293.0 675.8173707576744 11.267013247805336 NaN 135.04343491967705 1.6022641249497784E-4 1.0402943807804954 5.6458531519760786E-8
23.6836925 293.0 863.2551212022063 13.951248183577569 NaN 154.25537606859876 1.527092633534829E-4 0.9966842677702786 4.166134270484225E-8
25.505515 293.0 1078.0969746565283 16.87219598076082 NaN 174.0023979754598 1.4542504825575646E-4 0.9610635544598707 3.149212700368181E-8
27.3273375 293.0 1321.0899075910443 19.968271844089454 NaN 194.59750645861646 1.3839955242031234E-4 0.9315431178722544 2.424393192236083E-8
29.14916 293.0 1593.5685425341185 23.278536594396748 NaN 224.34854531275232 1.316323435909729E-4 0.9067688118126376 1.825197586454227E-8
32.792805 293.0 2230.390216188245 30.505433049250684 NaN 268.7214491101281 1.1904351854481271E-4 0.867418168210313 1.1717996654177582E-8
36.43645 293.0 2994.5512255510944 38.38707694577794 NaN 315.2139060167788 1.0764539843076621E-4 0.8377401075436881 7.85169375209092E-9
40.080095 293.0 3892.2132315657745 46.91060422376915 NaN 363.54080175517294 9.7394329304369E-5 0.8145858407790472 5.444883916573021E-9
43.72374 293.0 4928.595784565516 56.031286027964406 NaN 413.49114314906154 8.821231277406572E-5 0.7960208428991151 3.883918726102416E-9
47.367385 293.0 6108.271973283306 65.68534364437711 NaN 464.9475993341527 8.000813218742101E-5 0.780789434319331 2.836512100188032E-9
51.01103 293.0 7435.508721267772 75.84967406516591 NaN 517.7616567260026 7.268847932126134E-5 0.7680338859279381 2.1137420489304075E-9
54.654675 293.0 8914.13963177159 86.49474280006123 NaN 571.8048502031044 6.616032216933548E-5 0.7571760080329829 1.6029475231504653E-9
58.29832 293.0 10547.622004427652 97.58570110603263 NaN 626.9828490454041 6.03382157217619E-5 0.7477847187642527 1.2344040803082236E-9
61.94196499999999 293.0 12339.165517799403 109.10122318995477 NaN 683.1927286944853 5.514258978379613E-5 0.7395544063963585 9.636716306869589E-10
65.58561 293.0 14291.684097746807 121.0170473546483 NaN 740.3459179989954 5.050187683782794E-5 0.7322522702063462 7.615966004988692E-10
69.229255 293.0 16407.846348709416 133.30961061663876 NaN 798.4124357608883 4.63530112908903E-5 0.7256858577076855 6.085687699508406E-10
72.8729 293.0 18690.296667644292 145.95177003472287 NaN 880.6370322054436 4.2642545294733225E-5 0.7195749623247522 4.781411987274806E-10
80.16019 293.0 23762.84715401884 172.24622362347475 NaN 1001.0254177690257 3.6313612854693225E-5 0.7091797925226638 3.209386107965132E-10
87.44748 293.0 29525.597760269717 199.81042271322156 NaN 1124.0364688773461 3.119285157474132E-5 0.7001156664564543 2.2217601551653162E-10
94.73476999999998 293.0 35994.1663501002 228.5023384787708 NaN 1299.0951002419868 2.7020354663059733E-5 0.691919361140037 1.5191343308968792E-10
109.30935 293.0 51096.38403376513 288.91906893019814 NaN 1581.7613291756904 2.0721576746933452E-5 0.6783490703500503 8.129760793654015E-11
127.527575 293.0 74136.40372372797 369.47280563860664 NaN 1910.9374753949735 1.545562677275461E-5 0.6636551254551964 4.208995831665539E-11
145.7458 293.0 101921.57770939589 454.76705338892714 NaN 2245.889407556349 1.1953870742684562E-5 0.650436629751917 2.37535831645554E-11
163.964025 293.0 134551.00532333695 543.9471414468442 NaN 2585.311592040741 9.523291385958383E-6 0.6384389365254334 1.434316432042229E-11
182.18225 293.0 172106.0601859035 636.4464177334115 NaN 3064.840687371785 7.785425469055286E-6 0.6265863115893957 8.73673752662108E-12
218.6187 293.0 262210.1143584776 831.0355413063501 NaN 3755.7097866192084 5.499094137550831E-6 0.6058679209334724 4.057791979494311E-12
255.05515 293.0 372577.3967407893 1035.2497696751814 NaN 4446.126613060686 4.134313638057962E-6 0.584912466626942 2.132447632591282E-12
291.4916 293.0 503446.3004659444 1248.3645981114853 NaN 5418.936583567993 3.2429313134417847E-6 0.5657532931681621 1.1615147470763433E-12
364.3645 293.0 827133.3236211524 1691.5168497792188 NaN 6782.646453503553 2.187401625927811E-6 0.5297732491956358 4.689033315574481E-13
437.2374 293.0 1233765.8186881186 2153.4016308021446 NaN 8117.0058394636935 1.6110316392077886E-6 0.4956769531553836 2.250036869854781E-13
510.1103 293.0 1723350.6932076754 2630.2298216889317 NaN 9422.61994478377 1.2562969999385055E-6 0.4646158660088921 1.2143687750070386E-13
582.9832 293.0 2295619.1806445215 3117.7000543971576 NaN 10698.424694133537 1.0216600176063104E-6 0.43590762217956386 7.140440210260446E-14
655.8561 293.0 2950159.6762295756 3613.554075267867 NaN 11946.549453541817 8.56782453790865E-7 0.4097756207569246 4.4809039358045294E-14
728.729 293.0 3686416.767384915 4115.426754090293 NaN 13996.469653780097 7.370022867224268E-7 0.3854233375508248 2.784981300995174E-14
910.91125 293.0 5881117.337445089 5396.406266308927 NaN 16937.236337561782 5.434437571940261E-7 0.3338646610860519 1.1759976207330285E-14
1093.0935 293.0 8574081.712869171 6695.278364980748 NaN 21072.497505731644 4.319687209534194E-7 0.2919413267203111 5.474879373357382E-15
1457.458 293.0 1.5417775466741873E7 9328.674527416151 NaN 28905.7110677617 3.1087264419081814E-7 0.22894719759092888 1.6894219535756667E-15
2186.187 293.0 3.471727714434242E7 14628.256722606646 NaN 38743.57847425863 2.042592467562965E-7 0.1572329768503638 3.7917380301811005E-16
2914.916 293.0 6.113127939779577E7 19898.98358737833 NaN 52428.31463057745 1.5791888613522983E-7 0.11674624223352582 1.2063825360304376E-16
4372.374 293.0 1.339749224063377E8 30252.72699414079 NaN 69478.63521692516 1.1326877665773998E-7 0.07564248684507928 2.8203787012841466E-17
5829.832000000001 293.0 2.318590496970965E8 40330.82219514636 NaN 85436.48451645396 9.113243332031302E-8 0.055608990920800835 1.0174628737792503E-17
7287.29 293.0 3.531557756001005E8 50148.251022322336 NaN 128853.90472781332 7.734780939827958E-8 0.044045485151811906 3.6281545606493285E-18
14574.58 293.0 1.2765966295135763E9 96155.53241142018 NaN 250174.4983239105 4.725258849051343E-8 0.021364476466855017 2.7687183118773913E-19
36436.45 293.0 6.70496826121276E9 215799.83600819303 NaN 447441.06672546646 2.5478150702842763E-8 0.009595548664125627 1.4995667963958326E-20
72872.9 293.0 2.2943794467659992E10 385204.76829641394 NaN 737384.6777579711 1.6090801973424812E-8 0.014315335330417756 4.2866601523295215E-21
145745.8 293.0 7.635070623989209E10 673642.9197443101 NaN 738003.6266567504 9.242782930437963E-9 0.009785180286057892 8.4084711972381965E-22
