#rho v/v0 up us e p T s csqv cv gamma alphavol uc phi st
21.71265 0.9879368854530126 0.04417558460704651 3.6620380611472254 0.001151743919179371 3.4702428496330002 309.31886508585023 2.2553330677607813E-4 13.88521328040913 1.2769195918685742E-4 2.6263287796253754 1.1123648485367854E-6 125.85556666692634 13.694668945485521 21.71265 309.31886508585023
22.19418 0.9665023810715853 0.12763431207358475 3.8102502851424265 0.008321362804253732 10.431990797305 329.90639500076253 2.264107939313364E-4 16.043333716614043 1.2735258642588952E-4 2.570370000803343 9.193263160419305E-7 47.27931949335066 22.462452465039792 22.19418 329.90639500076253
22.564501447199696 0.9506404502720993 0.1937776731243981 3.925839562812387 0.019243180429085183 16.318529160216784 348.1455 2.2825259443594732E-4 17.741193452483156 1.2830414616339252E-4 2.5233010475835185 8.087255890631957E-7 34.4518010720499 26.445215833282138 22.564501447199696 348.1455
22.67571 0.945978221450678 0.2135749787285258 3.9534977274680356 0.022983336679324406 18.112413575606382 357.1742437072134 2.2971918960883208E-4 18.25339166169447 1.2824006493831043E-4 2.5112773507825117 7.780615290919194E-7 31.721461277888515 27.58497996667109 22.67571 357.1742437072134
23.15724 0.9263076176578623 0.30209288770117687 4.099377413239611 0.04580635019408939 26.56452732573758 395.71331941901076 2.3614561058912204E-4 20.515572096326494 1.279474289220207E-4 2.460901471122686 6.627585823080462E-7 25.361391521383528 31.060492469836536 23.15724 395.71331941901076
23.268972196541203 0.9218597037612121 0.3233421854002305 4.137969792335229 0.0528633341554003 28.700750292770376 406.1698 2.3820786238236538E-4 21.05145494540177 1.2896498014190237E-4 2.443505862933782 6.433182374337011E-7 24.543416445781475 31.638432269452526 23.268972196541203 406.1698
23.63878 0.9074380241252449 0.39328227892074463 4.248853540603884 0.07751185835284846 35.84424179936479 450.58452377443723 2.4643084234994106E-4 22.828621256570802 1.2877730326312122E-4 2.406958691675803 5.74385174155992E-7 22.00956361460211 33.5904676993 23.63878 450.58452377443723
23.739385449930587 0.903592380736801 0.4129917896814756 4.283808612200884 0.08583593748370659 37.95025242285101 464.194 2.4916827028501954E-4 23.32159345060976 1.2963400275306573E-4 2.391454117785535 5.599552124358263E-7 21.584910128909733 33.9830664828327 23.739385449930587 464.194
24.094575860038315 0.8902720654032399 0.48222938197740145 4.394773160996326 0.11654961826226874 45.4603873301637 522.2183 2.598424433435704E-4 25.06488575194379 1.302640177900839E-4 2.3524050384266078 5.074012758705811E-7 20.11294151980947 35.403455067070794 24.094575860038315 522.2183
24.12031 0.8893222274477962 0.4872312060248028 4.402249835620688 0.1188735925011019 46.01005689508952 527.160114845716 2.606783094743407E-4 25.19140528868217 1.3025427321703724E-4 2.350041724169629 5.037699670497712E-7 20.012355787425623 35.50527671413904 24.12031 527.160114845716
24.386695802844418 0.8796077988322379 0.5408785285225798 4.492637590111719 0.14697070743109653 52.12475229331654 580.2425 2.6991143626692494E-4 26.523848211091828 1.3085188812410678E-4 2.3204244631545516 4.694160494915102E-7 19.307589717221326 36.320473592289375 24.386695802844418 580.2425
24.60184 0.8719155890750999 0.5840242768102197 4.559682732605542 0.1707187285847304 57.12264749172139 631.0142678200613 2.7813608354083637E-4 27.601418836286065 1.307779671620341E-4 2.3014563068838108 4.4323936042346607E-7 18.743624445518094 36.98796726260769 24.60184 631.0142678200613
24.63099837423127 0.8708834083791306 0.5900875862235861 4.570191784153393 0.174402817803608 57.848712329513454 638.2668 2.793435247690134E-4 27.74995546487567 1.3140312271387358E-4 2.293485662175926 4.4091757433569816E-7 18.69582575760879 37.05605761597389 24.63099837423127 638.2668
24.84865721408875 0.8632550093599896 0.6352299824316768 4.645361994312162 0.20244395253304942 63.29847950952494 696.291 2.8815560647139514E-4 28.85918754086491 1.3192398592527894E-4 2.2695660252045373 4.175221888147883E-7 18.32326032473376 37.57852082126286 24.84865721408875 696.291
25.04105552168476 0.8566223495393677 0.6750032852470509 4.707869623183628 0.2281425885897605 68.16681322698618 754.3153 2.9639363319428075E-4 29.84030329890906 1.3242193150397172E-4 2.24819756806607 3.984176116435166E-7 17.987153221717627 38.04841889513154 25.04105552168476 754.3153
25.08337 0.8551772674856432 0.6837393394097475 4.72121556843271 0.2339263717993045 69.24478419844607 768.0255038731231 2.9820160996905053E-4 30.056159458968207 1.3241027019760698E-4 2.2447075031344954 3.942412466688275E-7 17.913923814211426 38.1515194862083 25.08337 768.0255038731231
25.2162534427971 0.8506706939868044 0.7121572633373077 4.7690388601576785 0.2541647180452881 72.85332965540147 812.3395 3.0414906686076994E-4 30.74478395678442 1.3289899541026257E-4 2.2287070320956253 3.8205217376900565E-7 17.77207250166626 38.398926167248355 25.2162534427971 812.3395
25.377706214394074 0.8452587335795004 0.7465975887343078 4.8248124498702 0.27933395108472525 77.26977019188264 870.3637 3.114358530696624E-4 31.581627638910295 1.3336135007263066E-4 2.210728286554366 3.678565363798157E-7 17.589087921174922 38.70789975846566 25.377706214394074 870.3637
25.52637854784849 0.8403357246983765 0.7782506743357603 4.874294345842603 0.3031458544766081 81.37178258423894 928.388 3.183068249341893E-4 32.352235848881286 1.3381207505162523E-4 2.193943701585198 3.5548991051812847E-7 17.416437561777336 38.9953773833404 25.52637854784849 928.388
25.5649 0.8390694982546911 0.7864449419350794 4.8868606846185045 0.30942452907942414 82.4405437712819 944.1868684771929 3.2006561922370814E-4 32.551888381606965 1.3380256203004694E-4 2.19094272277165 3.5226960095049733E-7 17.37161435704911 39.069845386198466 25.5649 944.1868684771929
25.665306566900213 0.8357869312808336 0.8085541110282229 4.923810981274544 0.32737661801454865 85.39904409975257 986.4123 3.248369563453357E-4 33.080175685647234 1.34250780127137E-4 2.178269668029686 3.4444049011865503E-7 17.307234175959767 39.2160798198776 25.665306566900213 986.4123
25.7963598075569 0.83154088313063 0.8373570639323186 4.970684160606394 0.351221773584984 89.28312488905074 1044.437 3.3103182883402314E-4 33.76126693175535 1.3491020047368206E-4 2.161051007163951 3.347592943697375E-7 17.221145431862162 39.40527772637399 25.7963598075569 1044.437
26.036646780669322 0.8238667596726494 0.8900545615912361 5.053302601695367 0.3963086328973516 96.47936222959378 1160.485 3.425284196795418E-4 35.03313143222231 1.3574414468961712E-4 2.1336348405249006 3.1752446286649463E-7 17.036543831176242 39.7795340579887 26.036646780669322 1160.485
26.04643 0.8235573096171473 0.8921975957721172 5.056585760714654 0.39818505393095993 96.77449478788655 1165.4809108936224 3.429747380109333E-4 35.084551020978395 1.3574179872295308E-4 2.1329188201126064 3.168281758046285E-7 17.029060590871552 39.79456241293844 26.04643 1165.4809108936224
26.254450103052523 0.8170320738668736 0.9392897493276101 5.133630626846523 0.4417399898738479 103.43479489258918 1276.534 3.5308076136799683E-4 36.19349073305231 1.365595962362564E-4 2.1087103014894604 3.0304403919072856E-7 16.95306688322306 40.03442992384768 26.254450103052523 1276.534
26.45447364140448 0.810854455344685 0.9844613018544541 5.204781871275183 0.4849674165661087 109.91162147651596 1392.582 3.6277148111616857E-4 37.24906986074099 1.3756799900513296E-4 2.083243827164381 2.908325200877408E-7 16.870865679788807 40.26716577134657 26.45447364140448 1392.582
26.52796 0.8086082690086744 1.0010349497374664 5.230293621111752 0.5012123348673514 112.30982089588926 1437.5536139470694 3.661517531098846E-4 37.64228899663015 1.3754976360492454E-4 2.078159202832322 2.862587591689585E-7 16.835447286143587 40.35807699844786 26.52796 1437.5536139470694
26.72707904552166 0.8025840676190764 1.0474020022998045 5.305559635778493 0.5491013407280758 119.20294950856619 1566.655 3.76054470426204E-4 38.72275996579276 1.3874412951732747E-4 2.0516355150473253 2.75040736746585E-7 16.805033047851826 40.53955641508774 26.72707904552166 1566.655
26.974797396442625 0.7952136767025442 1.1049450250364574 5.395599702385908 0.610726993597293 127.88593089775219 1740.727 3.880375714326281E-4 40.055705553041754 1.3990013073837313E-4 2.0225757539016396 2.618787984904902E-7 16.753408063879753 40.77058475381671 26.974797396442625 1740.727
27.00949 0.7941922567190774 1.1129935214965085 5.407928310925112 0.6195542070882691 129.11179980530292 1766.3113038895933 3.896281649339993E-4 40.24201732426652 1.3989073549602773E-4 2.0203325830602616 2.600253526599587E-7 16.745077712128513 40.803473856773486 27.00949 1766.3113038895933
27.20171405933243 0.7885800052578666 1.1589986393311968 5.481972699624815 0.6721829880166524 136.2894219395271 1914.8 3.990205363052923E-4 41.28740043871776 1.4104277569588168E-4 1.9956269400799747 2.506203855777408E-7 16.753233706145135 40.931261965718086 27.20171405933243 1914.8
27.412832228544698 0.782506806925077 1.2094187616665424 5.560720060098233 0.7317121757895734 144.2613762026299 2088.873 4.0911217037361576E-4 42.42287210650108 1.423722494954659E-4 1.9688068718705378 2.4103187972646053E-7 16.75246792713027 41.07439147954021 27.412832228544698 2088.873
27.49102 0.7802812633336762 1.228066595454206 5.589266596408713 0.7542507647644822 147.23771683550987 2156.20530840929 4.126553472412824E-4 42.84635303882651 1.4234867318405672E-4 1.9640688203604713 2.3735883901535872E-7 16.74777849499792 41.13135986262095 27.49102 2156.20530840929
27.672681084611508 0.775159000688946 1.2727244948834484 5.66055345236529 0.8104235258278022 154.53811667956373 2320.97 4.214812938311397E-4 43.84183498760276 1.4406087687711557E-4 1.9358304126028116 2.2986529218692493E-7 16.781071267760176 41.21872564843181 27.672681084611508 2320.97
27.9712442986645 0.7668850047173457 1.3459451224198866 5.773738925665912 0.9059644542363211 166.69661897946975 2611.091 4.354444307680044E-4 45.48319222831269 1.4590563357006926E-4 1.9002721788708243 2.179340785302071E-7 16.810567271315144 41.38207433190324 27.9712442986645 2611.091
27.97255 0.7668492080961998 1.3462647902035616 5.774223536667382 0.9063914894261887 166.75020489363234 2612.4068507335105 4.35501014844237E-4 45.49006214324745 1.459051709280923E-4 1.9001991212717875 2.178819270424785E-7 16.810748643438387 41.382659025122564 27.97255 2612.4068507335105
28.24493256906576 0.759454028204142 1.4149236357025892 5.882133985196726 1.0014842341569685 178.52958390133432 2901.213 4.481407666781833E-4 46.9347580781978 1.4869559573051511E-4 1.8587490643014821 2.0848928606070207E-7 16.90571179261368 41.445526048384004 28.24493256906576 2901.213
28.45408 0.7538717757148133 1.4674797703865547 5.962257171636677 1.0769255462814609 187.68306810257945 3135.246000921322 4.57021377866224E-4 48.10367962977365 1.486138542194462E-4 1.8476946125148646 2.006164972333159E-7 16.941392900870394 41.53850567285104 28.45408 3135.246000921322
28.73805284181422 0.7464224501919032 1.5409033308283442 6.076655177063087 1.187634871916637 200.85481066884992 3481.455 4.7047418911998575E-4 49.70799523795226 1.523021970274282E-4 1.8003922453557886 1.9195070648193328E-7 17.03735858464458 41.61356450821999 28.73805284181422 3481.455
28.93561 0.7413262694628299 1.591786425348576 6.153645451523128 1.2670691792363258 210.1161858599789 3732.4780725152946 4.787381111138368E-4 50.79592612437285 1.522138138676384E-4 1.790679521714382 1.8544298511926928E-7 17.09678021504166 41.664641606868486 28.93561 3732.4780725152946
29.17636223332348 0.7352091273199106 1.65554454565352 6.25227194916831 1.3708421544413485 222.03475566743427 4061.698 4.898054688486301E-4 52.132169967475825 1.5586773055342875E-4 1.748713637866781 1.7919998309409618E-7 17.206958802745415 41.68669868252931 29.17636223332348 4061.698
29.41714 0.7291914787070175 1.7190665133134346 6.347904065594782 1.4777720631724904 234.08051023482795 4403.682334591098 4.998180231416959E-4 53.463004736327484 1.5574708483701632E-4 1.7377001448472087 1.7208418255199273E-7 17.29959601416109 41.72180877415087 29.41714 4403.682334591098
29.57434218754432 0.7253154670322863 1.7616824863001348 6.413475368513749 1.5521452073677844 242.36130467213457 4641.94 5.069255837619014E-4 54.33831488944335 1.5939797203098452E-4 1.7022396609366348 1.6884268001373655E-7 17.383288169530168 41.72050148112856 29.57434218754432 4641.94
29.89867 0.7174475592369612 1.8492700009450957 6.544873567367189 1.7100770482270922 259.62337278678405 5150.984345309134 5.204238956777144E-4 56.13662811420686 1.592180503996607E-4 1.6883350951528207 1.6015951952435953E-7 17.53305742749483 41.73520521936864 29.89867 5150.984345309134
29.941441683171842 0.7164226774019178 1.861132281516254 6.563050474082024 1.732155351652274 262.0144157964576 5222.182 5.223441332402406E-4 56.37551776097641 1.6289724934534096E-4 1.6599696238741681 1.6019562104869192E-7 17.558785816993105 41.731028777682724 29.941441683171842 5222.182
30.283342086741683 0.7083342305644222 1.9555777890399206 6.704858759477644 1.9124255775461412 281.2593173533604 5802.425 5.364416618088273E-4 58.27990744715841 1.6636543380294492E-4 1.6212421506128354 1.528228615224943E-7 17.74296922659514 41.71507096366337 30.283342086741683 5802.425
30.3802 0.7060759249751929 1.9822425443388454 6.7440632216722785 1.9648200860195666 286.76134690385595 5971.407958662784 5.401894675884085E-4 58.81750053761491 1.663013018705984E-4 1.6175130501891386 1.50538037006785E-7 17.789540356323595 41.714808653337414 30.3802 5971.407958662784
30.604710651275614 0.7008962790189713 2.045644434026162 6.839247694133205 2.0926675495179197 300.11013350921303 6382.667 5.494550542446795E-4 60.07234965904087 1.6981014826408306E-4 1.5853934514382415 1.4643261027732485E-7 17.926255915589117 41.68558346097642 30.604710651275614 6382.667
30.86173 0.6950591498250861 2.117975029748454 6.9455273982924375 2.2430864990661794 315.5500374700732 6868.170849030308 5.5955123309461E-4 61.40928201462916 1.6962893132704745E-4 1.5760486240067946 1.4106369353946604E-7 18.089266836357208 41.629130121521676 30.86173 6868.170849030308
30.90961972012435 0.6939822621617506 2.1317939987884045 6.966243244093253 2.2725066299402994 318.55618416300496 6962.91 5.615501550443884E-4 61.65918872425755 1.750428823177458E-4 1.541406533722948 1.4156965812156052E-7 18.125689041423286 41.61265568425029 30.90961972012435 6962.91
31.34327 0.684380660216096 2.2562352688981013 7.1485963770245675 2.5454762304807614 345.97707269080036 7833.443925774958 5.780234718238971E-4 64.17046598459591 1.7470454163560895E-4 1.5267371988976737 1.326138811487127E-7 18.364217929100132 41.58344298157898 31.34327 7833.443925774958
31.47729075932554 0.6814667748867906 2.295657565042866 7.206964247534838 2.6352903426007677 354.8964296132824 8123.395 5.83615565522241E-4 64.95238139589841 1.8179473685688504E-4 1.4824550734740762 1.318166961430045E-7 18.450814797073722 41.561329190075575 31.47729075932554 8123.395
31.8248 0.6740255340467608 2.397128951790461 7.353732277099051 2.8732910908237352 378.13019660968547 8875.31528547151 5.963726228016904E-4 66.90356697958607 1.8148877409014335E-4 1.471732569042014 1.254479913772351E-7 18.663429475908536 41.50241426764819 31.8248 8875.31528547151
32.00141867128603 0.670305527272717 2.4499550327413724 7.430986065598765 3.0013883154142436 390.5230792744066 9283.88 6.03427672541668E-4 67.89893295110629 1.884637978941628E-4 1.4304343951280998 1.2406912004754632E-7 18.788275430433966 41.45578512969733 32.00141867128603 9283.88
32.30633 0.6639790968497924 2.5405124584912673 7.560578626727905 3.2272793083815645 412.0201939666281 9989.409305337133 6.143530608852424E-4 69.61729337858792 1.881669653936302E-4 1.421807912401737 1.1895413637451435E-7 18.98019695605275 41.39575058581696 32.30633 9989.409305337133
32.49139587928334 0.6601971763733436 2.5967749818816226 7.642005308156935 3.3718405108685787 425.6805322792345 10444.36 6.215146658950746E-4 70.66464450064424 1.9505356242023215E-4 1.3840054319966126 1.1757666381199555E-7 19.11350797547366 41.34310992857902 32.49139587928334 10444.36
32.78786 0.6542277481949524 2.6862956424253515 7.768974023803195 3.608269717809379 447.6716655059473 11173.480175230125 6.319603362688191E-4 72.33642561054363 1.9473842945652288E-4 1.3762865636192423 1.1300311522430306E-7 19.306827764458973 41.275374864050654 32.78786 11173.480175230125
32.9537796526027 0.6509337636551554 2.7375485151233416 7.842490135364745 3.747280432458709 460.5300073887967 11604.85 6.382356237012119E-4 73.27539617881854 2.0157588892461331E-4 1.3406461819939828 1.1191527100532194E-7 19.42962824357359 41.22370611204949 32.9537796526027 11604.85
33.26939 0.6447586750442781 2.834364847500939 7.978702499925144 4.016989667640042 485.0987415587993 12425.256379603414 6.492228716021614E-4 75.0741014322947 2.012132910519789E-4 1.3329281703067182 1.0738124379523837E-7 19.638612327491085 41.1481386877599 33.26939 12425.256379603414
33.39365665245424 0.64235935702342 2.8733370500921067 8.034145745231383 4.128207484864375 495.1860480155201 12765.33 6.538430383740137E-4 75.78424697051207 2.080303943488344E-4 1.3051767308278974 1.0728850597154645E-7 19.731549605001323 41.10848503447044 33.39365665245424 12765.33
33.75092 0.6355597955827976 2.9847321873792056 8.189909211998893 4.454490781891276 524.356399430406 13744.480644927924 6.662093259875319E-4 77.74519004553827 2.0758989737093805E-4 1.2963916371448625 1.0256124636286107E-7 19.991736741069122 40.99041430927829 33.75092 13744.480644927924
33.813975199442865 0.6343746243797087 3.004822796970555 8.218310317966333 4.514646988178139 529.7165192930917 13925.82 6.6853059918752E-4 78.09435059371752 2.1614686866098945E-4 1.2638605450831293 1.0345041971253128E-7 20.042435840678714 40.96555106885415 33.813975199442865 13925.82
34.23245 0.6266197077898705 3.137124092072644 8.401954140383891 4.9209514934488565 565.3978006220821 15117.448639845523 6.8258238168283E-4 85.63894108734355 2.1558771320078315E-4 1.2552743055455837 9.23109826278358E-8 19.490327979730107 42.170516614157926 34.23245 15117.448639845523
34.41355029845109 0.6233221399681284 3.1956225469587585 8.48370155519193 5.106114297190744 581.5445188826887 15666.55 6.891578730168032E-4 86.27056831675789 3.329760177539394E-4 1.7292410351708165 1.9394400052462918E-7 19.69899706559691 41.989290038409095 34.41355029845109 15666.55
34.71398 0.6179276422908394 3.291795068550116 8.615632620708672 5.418135136626828 608.3619828797988 16560.246937486874 6.989587714420215E-4 75.12235495281764 2.2516932551285959E-4 1.2125199188321418 1.0469465399009034E-7 22.334350551638547 38.44432607890998 34.71398 16560.246937486874
34.98270213020567 0.6131809868800789 3.379637490972664 8.73699941405133 5.711043827506448 633.3948493547135 17407.28 7.08384909061317E-4 83.92374924974371 6.036405728899619E-4 2.1261569935045053 4.3715507266117893E-7 21.042950293744997 40.382538011506846 34.98270213020567 17407.28
35.19551 0.6094734190790632 3.4836393638926118 8.920364282701371 6.068049398713214 666.5885931469845 17937.458534660178 7.216635618332034E-4 80.12074488912094 5.207385449698972E-4 2.030177296613907 3.749051886005381E-7 22.720451232976917 38.55963630377296 35.19551 17937.458534660178
35.57892986606036 0.6029053683369422 3.6295586728511564 9.140286429081984 6.585780633892328 711.6324128813272 19148.0 7.385648519411863E-4 53.492388140496196 7.23197831472752E-4 2.1377053032000832 8.123067859835889E-7 37.07497384552334 27.749177915197617 35.57892986606036 19148.0
35.67704 0.6012474077426646 3.676561702991125 9.220157497104 6.7587308066757945 727.14712515703 19416.923085194 7.44234061094754E-4 58.11737183230273 7.503030337846767E-4 2.155158852043714 7.798681917032472E-7 33.79505826909209 29.578276890151077 35.67704 19416.923085194
36.15857 0.5932404908692838 3.9209062458791695 9.639372056128494 7.686930761021016 810.7319486185039 20861.389198300414 7.764152952768737E-4 44.42632926727054 6.436621417451299E-4 2.078414175835823 8.327955274485713E-7 67.8564926504217 19.556851746033647 36.15857 20861.389198300414
36.1667954449267 0.5931055696818823 3.924762649188317 9.645653409705963 7.701931151235971 812.0581640664898 20888.73 7.769238407548543E-4 43.73147029973633 4.869429532967771E-4 1.8005762637780458 5.543518449338635E-7 71.50256961176099 18.977661268341176 36.1667954449267 20888.73
36.6401 0.5854440303364716 4.137433502295509 9.980397835432523 8.559355896307324 885.7699895109247 22426.850786014395 8.019139640173619E-4 90.3736836099311 6.546357772827739E-4 1.9922615695521404 3.938650633097241E-7 25.898078332977423 36.91982693954548 36.6401 22426.850786014395
36.87860129689128 0.5816578465989588 4.277820449025615 10.22565001936276 9.149467183512883 938.3299010489246 23209.7 8.215756255633661E-4 96.04250279296276 2.783469749477627E-4 1.1339998902026696 8.911721548559064E-8 26.013738487446073 37.29634512155354 36.87860129689128 23209.7
37.12163 0.5778498362257086 4.360449314238744 10.329142775294814 9.506937050230958 966.1345226483126 24146.970708363333 8.290911400769092E-4 89.10967408552203 2.9699642562930643E-4 1.1967523591239018 1.0744930775559878E-7 28.090518671530926 35.29948390488435 37.12163 24146.970708363333
37.59478746534019 0.5705771800334675 4.5450345185333605 10.584054473135781 10.328827827775129 1031.885066069696 26110.91 8.493893903019991E-4 123.238642035819 2.780032531110036E-4 0.996817428039151 5.98123632545414E-8 23.210270428016013 41.350869237864366 37.59478746534019 26110.91
37.60316 0.5704501381248638 4.5480401290220005 10.58792129316072 10.342512481746917 1032.9446890747681 26144.948817459142 8.496709949744657E-4 123.31251902096102 2.779909072421512E-4 0.9968238355027778 5.97609500055251E-8 23.21440138717807 41.3508793780013 37.60316 26144.948817459142
38.08469 0.563237558607707 4.722175008482557 10.811769879821638 11.149646413576034 1095.168501271999 28105.717539945537 8.659286997184565E-4 121.1864246557651 2.7768413868696214E-4 0.9957046845515862 5.990695235732566E-8 24.1967997569047 40.30534840394549 38.08469 28105.717539945537
38.29498650486145 0.560144545636757 4.799685047735395 10.911959827083791 11.51842614822203 1123.459885485188 29012.12 8.735426123297616E-4 117.63179407544872 2.9132091089562626E-4 0.9579653522495525 6.1951926981537E-8 25.002225164345184 39.38831383508126 38.29498650486145 29012.12
38.56622 0.5562050887001981 4.898359761855103 11.037440126360659 11.99714221969526 1159.7412639458998 30138.024447815398 8.823421279546553E-4 119.38713508368112 2.910568657323474E-4 0.9575912368127608 6.053316843468862E-8 25.191317964763236 39.314608029465276 38.56622 30138.024447815398
38.971543934431345 0.5504202720842076 5.048544354102821 11.229475086671231 12.743920094195241 1216.0955533841843 31913.34 8.963893971562179E-4 122.01219456967792 3.047509165429265E-4 0.9238831550047927 5.921220295074393E-8 25.496455620778253 39.18820232566775 38.971543934431345 31913.34
39.04776 0.5493459244763683 5.076449866731813 11.264626556041456 12.885349698524292 1226.645212897248 32235.564384318932 8.98781003539577E-4 122.4646172852969 3.04662537355103E-4 0.9238010565904679 5.885600154230809E-8 25.554230994329615 39.16110917253196 39.04776 32235.564384318932
39.52929 0.5426540121497592 5.2558315826305515 11.492025123770382 13.812060917891099 1295.627248819595 34364.21221380554 9.147521275449494E-4 125.31610666552803 3.041696395641816E-4 0.9229992854721213 5.667497279943164E-8 25.945944134093878 38.97138220760625 39.52929 34364.21221380554
39.626560077758114 0.5413219763168737 5.292706062970131 11.53904436159896 14.006347999626142 1310.0554686730575 34814.55 9.181660385776437E-4 125.88793197824735 3.2455799327423256E-4 0.8825665461470743 5.742080783257205E-8 26.030797380167133 38.928968471730634 39.626560077758114 34814.55
40.01082 0.5361231740796952 5.435987097722912 11.718600270531361 14.775155999546254 1366.457794033824 36488.70380413691 9.298355920298731E-4 128.5920692873348 3.239941265885616E-4 0.8822848133269143 5.5558985127652874E-8 26.27665194521528 38.85456029035364 40.01082 36488.70380413691
40.49235 0.5297476638409812 5.6187915430616 11.94846066891536 15.785587368536643 1440.1142282076273 38719.51674831696 9.455853937490584E-4 131.97637405845188 3.233874831535807E-4 0.8816802467119871 5.33537737598692E-8 26.60986595827787 38.74242638092915 40.49235 38719.51674831696
40.879159331861985 0.5247350524454708 5.768157623685581 12.136720061863548 16.63575351078171 1501.6907859835776 40616.97 9.591265355449475E-4 134.73418411725672 3.4994949207415096E-4 0.8376749500629868 5.3223219662005264E-8 26.890356144403047 38.64551369126303 40.879159331861985 40616.97
40.97388 0.5235220051391607 5.804012813617274 12.181072108718055 16.843460566060614 1516.5472222460905 41045.31110407107 9.619017192687935E-4 135.3354247908777 3.4967591164391485E-4 0.8378924634294238 5.283666752115799E-8 26.95937245306328 38.61652621949968 40.97388 41045.31110407107
41.45541 0.5174409761218465 5.989322821165089 12.41158599217781 17.93617215252289 1594.5827526188225 43320.83193450134 9.767978549762215E-4 138.36601961838818 3.493122708934014E-4 0.8365554928732168 5.0944573974148085E-8 27.336836527704264 38.45007602093871 41.45541 43320.83193450134
41.93694 0.5114995947708955 6.177954201099214 12.646773953445916 19.083737307953275 1675.9709978362673 45744.230580178424 9.92845092822957E-4 141.41361481138145 3.484350522108841E-4 0.8364269029400824 4.9143023090586993E-8 27.73267085968264 38.27363890267354 41.93694 45744.230580178424
42.06491437784458 0.5099434560415833 6.228960425160171 12.710697371462352 19.39980948851066 1698.349268572203 46419.4 9.973572189481193E-4 142.225639235216 3.8840263123598784E-4 0.7859335287195662 5.102348005701345E-8 27.844027681565716 38.223093011665576 42.06491437784458 46419.4
42.41847 0.5056931052895438 6.366186516719697 12.879016224219846 20.264343662763583 1758.749981963994 48073.2769842832 0.0010071767649525013 144.7534839897401 3.877275449488792E-4 0.7857792929802919 4.9618451902551864E-8 28.078521004320997 38.148767497084066 42.41847 48073.2769842832
42.9 0.5000169654063253 6.55590530252554 13.11225551453637 21.490125474575667 1843.962698343965 50436.484578264506 0.0010213459643111115 173.96407857552668 3.8674950559464366E-4 0.7856707246436251 4.071490865894462E-8 26.07260888473112 41.11495357174975 42.9 50436.484578264506
44.240432935106945 0.4848670411384956 7.128144748110237 13.8374853045011 25.36260061080645 2115.805471247012 58024.25 0.001068526303426683 177.417076392654 4.484309508676743E-4 0.725850665936218 4.146943067579254E-8 27.881955261423236 39.74531052229868 44.240432935106945 58024.25
47.24199920869369 0.45406054305982657 8.39110124683607 15.370021602515545 35.141845176751275 2766.5306581679597 75431.53 0.001163468066479066 186.01524415330232 5.13482173121117E-4 0.6792394887559285 3.9689122071266445E-8 31.476485934107203 37.32148906040838 47.24199920869369 75431.53
48.2625 0.44445952480562245 8.820095903504368 15.876603591157444 38.89722444258335 3003.8134367071775 81473.24207058971 0.0011926001201124218 188.83118690186964 5.105315193019927E-4 0.6802571729160805 3.8107648626463814E-8 32.635326434119115 36.600893003246405 48.2625 81473.24207058971
49.88728748086204 0.42998384757159563 9.589794730765254 16.82372453817396 45.90727235484391 3460.7761169546507 92838.8 0.0012502637015583706 202.82521075851878 5.845094223925604E-4 0.64208223776927 3.709115402208787E-8 34.19046628249669 36.09908526597279 49.88728748086204 92838.8
53.07703330639008 0.40414330793708564 11.10614015055899 18.638945065982966 61.62353563169189 4440.445254752128 116048.5 0.001355856216474057 232.1623609980234 6.671253964056242E-4 0.6095800539653835 3.300196275483658E-8 36.86353735719581 35.397105686603325 53.07703330639008 116048.5
53.625 0.40001357232506024 11.367241666206729 18.945831341980398 64.6072703279226 4619.668386676128 119978.51592404957 0.0013717053637818677 237.43435457767825 6.652365737054537E-4 0.6104095037152235 3.189235149790567E-8 37.28260005450509 35.304001685439076 53.625 119978.51592404957
56.544152675115235 0.37936244158048366 12.923131960303568 20.822349187524118 83.3730884300245 5772.175725829567 145060.6 0.0014778381468785265 268.33908143378903 7.507171676549067E-4 0.5831625563120209 2.8853224131454612E-8 40.2143953061339 34.57441955957899 56.544152675115235 145060.6
58.9875 0.3636487021136911 14.254728955650927 22.400722687294163 101.59882775020048 6849.565645052476 167248.54817588115 0.0015627424032459932 294.7797294767305 7.429491731064868E-4 0.5860695997607991 2.504094370481948E-8 42.623816548449874 34.007338934591175 58.9875 167248.54817588115
59.62982490984568 0.35973152442360357 14.642769518478644 22.869733677418072 107.15241943376674 7183.339160122232 174072.8 0.0015898017240789579 302.37519917343815 8.629112238277181E-4 0.5564706380219807 2.663168652284353E-8 43.40553330275911 33.81680675911206 59.62982490984568 174072.8
64.35 0.3333446436042169 17.556620433758418 26.335377441016643 154.11763962129123 9917.963455944238 225258.04740499804 0.0017697371615150574 365.7480354343842 8.481357778306292E-4 0.5619685228889413 2.0251016199371352E-8 48.6818616423548 32.82863784576982 64.35 225258.04740499804
64.84712751614082 0.3307891750577872 17.90586822100234 26.756692440754428 160.25983832224105 10277.08259956748 232097.0 0.0017946440174331742 373.4120516226317 9.9271725568435E-4 0.5323459175530927 2.1824305143225415E-8 49.368903639476926 32.70038649125117 64.84712751614082 232097.0
69.16923086453704 0.31011950758771717 20.981568681661557 30.413338125123648 220.03641785323137 13688.128726007742 290121.2 0.00198005698845823 442.9818350549553 0.001106504378225621 0.5158410585870413 1.862816942904636E-8 55.10921403564261 31.743418678797905 69.16923086453704 290121.2
69.7125 0.307702747942354 21.380839336854194 30.883900338049962 228.570324589026 14164.424301145995 297598.8114776406 0.002001523677148458 452.12932827383673 0.0011047009614937198 0.5165897279540307 1.8105776765048233E-8 55.840090982955985 31.62918861639954 69.7125 297598.8114776406
72.83096979641176 0.29452755985391516 23.91659955339097 33.901536321445064 285.7925921407412 17392.453319478234 348145.5 0.002151374683322401 510.90622017580034 0.0012646090033035212 0.4952402052721139 1.683119227425472E-8 60.72803047937605 30.885806054434852 72.83096979641176 348145.5
75.075 0.28572398023218587 25.799328102907197 36.119549570337874 332.8028445993522 19989.077689738366 384750.1600294754 0.002246685538884666 558.4769993478795 0.0012570761362706109 0.4981229068126817 1.4934733019699338E-8 64.12170170807677 30.480618949131003 75.075 384750.1600294754
78.8091869392795 0.27218562516649997 29.44922345287011 40.46254714274794 433.40772408383305 25560.485564292994 464194.0 0.002461556653771658 654.5413611151597 0.0014421613940160376 0.4789713727375529 1.3390891169847896E-8 71.04636749149353 29.713604553135283 78.8091869392795 464194.0
80.4375 0.2666757148833735 31.09767325859905 42.40644131082245 483.5328204578626 28287.968422473594 498862.92270667985 0.002543265090916736 697.6239722624979 0.0014365407566663936 0.48091417116613233 1.2311346844446315E-8 74.15768773752941 29.37367458106403 80.4375 498862.92270667985
83.5225089047049 0.2568257119814921 34.65743021420629 46.63432356710273 600.2820531165903 34669.22013964793 580242.5 0.0027407790514706507 824.4815279955915 0.0017514429881419784 0.4549601090810904 1.1571372193614987E-8 80.00576946248341 29.231461024073237 83.5225089047049 580242.5
85.8 0.25000848270316267 37.29330885357328 49.72497420769234 695.3956221112758 39778.41897709389 634883.2125457 0.0028482975762299644 928.2231574956312 0.0017428144267267567 0.4573509609331434 1.0008317061710247E-8 84.00061423876573 29.22168091988234 85.8 634883.2125457
93.34754661700943 0.2297942323427136 48.998915228372084 63.61795417010538 1198.9931407837767 66866.43930250563 928388.0 0.003459964723067835 1279.6921356667299 0.0020548738876341737 0.4427788359101038 7.616643317115363E-9 107.58337540555 27.167287629419043 93.34754661700943 928388.0
96.525 0.22222976240281123 55.03040978438238 70.75406993508912 1514.173180136967 83521.10011328766 1084372.9472465683 0.0037352245810743003 1471.2981906400714 0.0020419738299073237 0.44564246819403625 6.4076123763868455E-9 119.90669764037281 26.31158118902005 96.525 1084372.9472465683
97.7615692783207 0.2194188163537203 57.76539873386192 74.00306328680132 1667.7078027835603 91697.92441111749 1160485.0 0.0038727688042898036 1574.2047260604697 0.0024214995891773702 0.42980585631932977 6.762812585272859E-9 125.27053320774807 26.067332856901647 97.7615692783207 1160485.0
105.17129768574853 0.20395990434601324 78.03940992874469 98.03452157096612 3043.152637976295 164109.9991321529 1740728.0 0.004765745069941024 2467.2754839788895 0.003031988142033954 0.4187202198620604 4.892564454716595E-9 164.08701746995885 24.882370572385533 105.17129768574853 1740728.0
107.25 0.20000678616253012 85.21248737549747 106.51651276733156 3630.5841820830374 194698.32478811397 1937950.5748779818 0.005002210040108937 2825.9246765776825 0.003020643972687258 0.4200227463190501 4.1861469326108974E-9 177.75185684363794 24.571873232234303 107.25 1937950.5748779818
112.8045026204802 0.1901584362115424 113.9753839028364 140.73787886319013 6490.373271712232 344083.6981777145 2901212.0 0.006200293598612027 4542.210809114174 0.0037777526895655627 0.4146628997244161 3.057278360699023E-9 233.43240894933518 23.725559211812232 112.8045026204802 2901212.0
117.71109687375187 0.1822319932923385 161.0647503258982 196.95653168720278 12970.02431232347 680476.1746243775 4641940.0 0.007885909097255098 8257.821577043458 0.004529453117807889 0.4164217420990475 1.9404223304959196E-9 325.5309418921933 22.970673861459584 117.71109687375187 4641940.0
117.975 0.18182435105684555 165.1335554902981 201.83142300018673 13634.54575424292 714934.3210845067 4789858.164080473 0.007998208391813416 8634.171565996157 0.0045275423637530865 0.4165312079176448 1.851396371846768E-9 333.572260188101 22.9263877484895 117.975 4789858.164080473
120.3339404133881 0.17825999665797357 216.35743175534654 263.2918330316381 23396.223043827948 1221943.81613434 6962910.0 0.009668321378422776 14146.501151170101 0.0051533479044306146 0.4211615031762429 1.2749728961062027E-9 434.9118910699901 22.54234037873768 120.3339404133881 6962910.0
121.2466940293717 0.17691804290131796 265.8151484283217 322.951008870739 35312.08485587717 1841443.5288368976 9283880.0 0.011130120037541508 20930.355783350464 0.0056132643669293434 0.4268833868655679 9.442309544709934E-10 533.7418391386143 22.369987738227664 121.2466940293717 9283880.0
121.43160472678775 0.17664863990057555 310.97137841664846 377.6897610020306 48328.03705204421 2519403.11755844 1.160485E7 0.01237729952069198 28573.849957555423 0.006142165483676277 0.43774765553064454 7.748985490934938E-10 623.9655712706254 22.35352779535642 121.43160472678775 1.160485E7
120.6559102118431 0.17778431059256833 410.0888511983773 498.7606737277504 84051.33421327871 4387450.177021309 1.740728E7 0.014877395359957468 50322.20061131209 0.006649469101382728 0.4610523459588361 5.049274523708347E-10 824.7807425510238 22.44738593365993 120.6559102118431 1.740728E7
117.975 0.18182435105684555 548.6239157399747 670.5453974933592 150494.10064074065 7891234.580501665 2.7333067633879114E7 0.01784506722871332 95828.05236236812 0.006664770905932353 0.4606489967916123 2.7156431939928216E-10 1106.2417865713226 22.993534603127777 117.975 2.7333067633879114E7
117.7523413935188 0.18216816380953954 568.7466763722175 695.4323018549808 161727.1262367847 8484295.050764266 2.901212E7 0.018342984298442538 103530.80241977767 0.0065122642600214725 0.5199974328355518 2.7777559307060884E-10 1147.0567688588512 23.040429779417504 117.7523413935188 2.901212E7
108.9660182058425 0.1968570401040975 925.9626660933133 1152.9238408730243 428537.52723032393 2.2900034089021433E7 6.96291E7 0.024354633843792415 317076.44968000357 0.005866813451363552 0.5845683708206819 9.926188637717666E-11 1931.3894530439143 24.08352939299067 108.9660182058425 6.96291E7
107.25 0.20000678616253012 978.6892526053213 1223.3719432577038 478916.32676230464 2.5682977281495504E7 7.814050583911227E7 0.024958572122626685 366537.5646201363 0.0058661550989456985 0.5846330811792132 8.7241100760851E-11 2053.1587737729815 24.35453695034335 107.25 7.814050583911227E7
103.02328119897818 0.20821243088250727 1185.7830419650284 1497.6024987190358 702398.117080678 3.809288129792375E7 1.160485E8 0.027556773757831596 586521.6235026062 0.005396592201820496 0.6295756661411771 5.62274165195356E-11 2526.1339328883137 25.036107508892787 103.02328119897818 1.160485E8
96.525 0.22222976240281123 1584.1747796542834 2036.8158912179094 1254804.8664259668 6.921447066720015E7 2.1814749854289722E8 0.0310773296168894 1166172.4895124985 0.005393822410457697 0.6298181888689041 3.017930538862778E-11 3506.630773298421 25.704566172395904 96.525 2.1814749854289722E8
96.11153809042472 0.22318577188672026 1631.1995349866884 2099.8579531022915 1330140.604711058 7.347490592067686E7 2.32097E8 0.03154389883215583 1247320.2340989078 0.005144875185191803 0.6561638629214446 2.8160065262898935E-11 3618.1421036696506 25.76978711818976 96.11153809042472 2.32097E8
90.59111997176505 0.23678620843430348 2500.663278812807 3276.4912092099594 3122290.4160833578 1.7575442010537478E8 5.802425E8 0.03647279464630411 3264841.8460038304 0.005076053950535767 0.6638633328908593 1.1393499410838906E-11 5741.910155301418 26.475503062196672 90.59111997176505 5.802425E8
88.34766166864928 0.24279904426200882 3485.497109742937 4603.133531898233 6067980.726432015 3.4415995215531206E8 1.160485E9 0.04007543533053892 6627352.5150896255 0.005075964184816987 0.6638722939371434 5.755299942558798E-12 8134.767069605072 26.739411113063948 88.34766166864928 1.160485E9
