#state rho e tau(6) p c^2 T s cv gamma alphavol
0.0 14.769113047811098 0.0 3.9708177111200764  -0.0 -0.0 -0.0 0.0 0.0 0.0 0.0 NaN 14.769113047811098 2.2270578829649022E-4 6.504866723994424E-5 NaN NaN
2.145E-5 14.769113047811098 2.145E-5 3.9708177111200764  1.0913542373116492E-9 1.0913542373116492E-9 1.0913542373116492E-9 0.0 0.0 0.0 -1.0913542373116492E-9 -4.043162135679816E-5 14.769113047811098 2.2270578829649022E-4 6.504866723994424E-5 0.6382080827184685 -47868.767875457095
4.29E-5 15.172075525374403 4.29E-5 3.9702695763713174  1.6187001210857114E-8 1.6187001210857114E-8 1.6187001210857114E-8 0.0 0.0 0.0 -1.6187001210857114E-8 -0.001980362320228144 15.172075525374403 2.2270578829649022E-4 6.482806980971105E-5 0.6396406230944748 -488.08693425383893
1.0725E-4 15.73853984827361 1.0725E-4 3.9690729593081793  1.1714694183583641E-7 1.1714694183583641E-7 1.1714694183583641E-7 0.0 0.0 0.0 -1.1714694183583641E-7 -0.002625826989063276 15.73853984827361 2.2270578829649022E-4 6.455232302192418E-5 0.6415290817682551 -147.0499277899496
2.145E-4 16.195051289869404 2.145E-4 3.967600525455529  4.232744981206729E-7 4.232744981206729E-7 4.232744981206729E-7 0.0 0.0 0.0 -4.232744981206729E-7 -0.005360866520781702 16.195051289869404 2.2270578829649025E-4 6.437308760985932E-5 0.6428356251444354 -35.986696948218835
4.29E-4 16.678067168286802 4.29E-4 3.965356319217263  1.4229492151643876E-6 1.4229492151643876E-6 1.4229492151643876E-6 0.0 0.0 0.0 -1.4229492151643876E-6 -0.011293502700284851 16.678067168286802 2.227057882964902E-4 6.42352142159567E-5 0.6439434215352144 -8.537582933175349
0.0010725 17.361566123506027 0.0010725 3.9605035908512187  6.676201238542704E-6 6.676201238542704E-6 6.676201238542704E-6 0.0 0.0 0.0 -6.676201238542704E-6 -0.013156477377647531 17.361566123506027 2.2270578829649022E-4 6.408355348267484E-5 0.6455867425746964 -2.932002018243263
0.002145 17.916452398311797 0.002145 3.9545704207940178  2.0982223013046557E-5 2.0982223013046557E-5 2.0982223013046557E-5 0.0 0.0 0.0 -2.0982223013046557E-5 -0.024522901088995686 17.916452398311797 2.2270578829649022E-4 6.398704210694667E-5 0.6471899141582543 -0.7872716858495041
0.00429 18.507815433253583 0.00429 3.9455620051919023  6.513593375949917E-5 6.513593375949917E-5 6.513593375949917E-5 0.0 0.0 0.0 -6.513593375949917E-5 -0.04875321742408238 18.507815433253583 2.2270578829649025E-4 6.39732547675613E-5 0.6486430954103093 -0.19840091575064076
0.010725 19.352842740915282 0.010725 3.9261341316359855  2.8779519543939923E-4 2.8779519543939923E-4 2.8779519543939923E-4 0.0 0.0 0.0 -2.8779519543939923E-4 -0.055476136734162726 19.352842740915282 2.2270578829649022E-4 6.402840412511501E-5 0.6513776203698862 -0.07009741455062155
0.02145 20.046780434774924 0.02145 3.9024226036685064  8.806214155978602E-4 8.806214155978602E-4 8.806214155978602E-4 0.0 0.0 0.0 -8.806214155978602E-4 -0.07586975836739089 20.046780434774924 2.2270578829649022E-4 6.4180064858403E-5 0.6540877668697113 -0.025795276116829878
0.032175 20.47749950392407 0.032175 3.8832210705486547  0.0016914752951046057 0.0016914752951046057 0.0016914752951046057 0.0 0.0 0.0 -0.0016914752951046057 -0.13679897394619162 20.47749950392407 2.227057882964902E-4 6.43179382522995E-5 0.6561784053745279 -0.009588543716213427
0.053625 21.049281683266496 0.053625 3.8513220702441884  0.003845114825145755 0.003845114825145755 0.003845114825145755 0.0 0.0 0.0 -0.003845114825145755 -0.1632795229486902 21.049281683266496 2.2270578829649022E-4 6.456611036130953E-5 0.6595098971780597 -0.004863253560372095
0.0858 21.60732930444709 0.0858 3.8119449530828797  0.008178571663289919 0.008178571663289919 0.008178571663289919 0.0 0.0 0.0 -0.008178571663289919 -0.21074595695371123 21.60732930444709 2.227057882964902E-4 6.488321916727089E-5 0.6636124889418403 -0.002381224818303885
0.1287 22.116486762202854 0.1287 3.7678029169730385  0.015675286208147707 0.015675286208147707 0.015675286208147707 0.0 0.0 0.0 -0.015675286208147707 -0.3174389797858622 22.116486762202854 2.2270578829649022E-4 6.524168999140057E-5 0.668398005676085 -0.0010673861077687668
0.2145 22.7999645202658 0.2145 3.694479968356096  0.03555842625119545 0.03555842625119545 0.03555842625119545 0.0 0.0 0.0 -0.03555842625119545 -0.35595798841508297 22.7999645202658 2.2270578829649025E-4 6.587590760331714E-5 0.6767614971884638 -5.838969597043441E-4
0.32175 23.38151689221116 0.32175 3.6179710747229494  0.06810109941387775 0.06810109941387775 0.06810109941387775 0.0 0.0 0.0 -0.06810109941387775 -0.5546664189507576 23.38151689221116 2.2270578829649022E-4 6.655148723340817E-5 0.6868448633519925 -2.5613326816157836E-4
0.53625 24.1750934148904 0.53625 3.4908938864097063  0.15436584309912554 0.15436584309912554 0.15436584309912554 0.0 0.0 0.0 -0.15436584309912554 -0.6664185522794763 24.1750934148904 2.2270578829649022E-4 6.775098576029611E-5 0.7075545537084162 -1.341408842443262E-4
0.858 24.98366667317126 0.858 3.3340626919565914  0.3276567511005875 0.3276567511005875 0.3276567511005875 0.0 0.0 0.0 -0.3276567511005875 -0.8702047484350406 24.98366667317126 2.227057882964902E-4 6.943304116582488E-5 0.7429954213115398 -6.909451752646554E-5
1.287 25.76648184714801 1.287 3.158287148406369  0.6270440075603749 0.6270440075603749 0.6270440075603749 0.0 0.0 0.0 -0.6270440075603749 -1.0731635831921014 25.76648184714801 2.2270578829649022E-4 7.180446354083005E-5 0.8022592700011942 -4.170822542218172E-5
1.716 26.406906510191888 1.716 3.004943935279779  0.9936476292231758 0.9936476292231758 0.9936476292231758 0.0 0.0 0.0 -0.9936476292231758 -1.3585955979478606 26.406906510191888 2.2270578829649022E-4 7.410694921888391E-5 0.8707215265354904 -2.7677746659834356E-5
2.145 26.986183005651885 2.145 2.8663769297078727  1.419969980735239 1.419969980735239 1.419969980735239 0.0 0.0 0.0 -1.419969980735239 -1.6808522816624303 26.986183005651885 2.2270578829649022E-4 7.614747544854237E-5 0.9421925771735283 -1.9899324926004838E-5
2.68125 27.659241968863565 2.68125 2.7079762053202368  2.0289699076036114 2.0289699076036114 2.0289699076036114 0.0 0.0 0.0 -2.0289699076036114 -1.9253109621349105 27.659241968863565 2.2270578829649022E-4 7.864298387805254E-5 1.0400912785204453 -1.5845036529775425E-5
3.2175 28.303751529815123 3.2175 2.561876035826632  2.715537252662773 2.715537252662773 2.715537252662773 0.0 0.0 0.0 -2.715537252662773 -2.2502091046650476 28.303751529815123 2.2270578829649022E-4 8.126257836206162E-5 1.1492334532715482 -1.2899041029373463E-5
3.75375 28.94288489217778 3.75375 2.4252841815723363  3.473825525118071 3.473825525118071 3.473825525118071 0.0 0.0 0.0 -3.473825525118071 -2.5818929192214237 28.94288489217778 2.2270578829649022E-4 8.403383357936481E-5 1.2694114744976717 -1.1006595959387599E-5
4.29 29.595327942043234 4.29 2.2963521054782827  4.299035717864554 4.299035717864554 4.299035717864554 0.0 0.0 0.0 -4.299035717864554 -3.161415038189543 29.595327942043234 2.2270578829649025E-4 8.694296219056451E-5 1.399747308405725 -8.973157006087973E-6
5.3625 30.99473753438318 5.3625 2.056630502363079  6.133781978927212 6.133781978927212 6.133781978927212 0.0 0.0 0.0 -6.133781978927212 -3.5967490929776256 30.99473753438318 2.2270578829649022E-4 9.316105225526192E-5 1.6862975217273597 -8.145000945386875E-6
6.435 32.599963115094624 6.435 1.835864094109418  8.188866245374456 8.188866245374456 8.188866245374456 0.0 0.0 0.0 -8.188866245374456 -4.380566364441422 32.599963115094624 2.2270578829649022E-4 9.969625112591149E-5 1.988717961612372 -7.033527804895423E-6
7.5075 34.518385387063454 7.5075 1.6300427512141793  10.431440498817022 10.431440498817022 10.431440498817022 0.0 0.0 0.0 -10.431440498817022 -5.177488730537227 34.518385387063454 2.2270578829649022E-4 1.0605221458449622E-4 2.290481229638788 -6.2493086657298E-6
8.58 36.88391559183487 8.58 1.4367124053900397  12.82024587373971 12.82024587373971 12.82024587373971 0.0 0.0 0.0 -12.82024587373971 -5.9404599250411 36.88391559183487 2.2270578829649022E-4 1.1136034024947487E-4 2.5695281978555817 -5.614053912404936E-6
9.6525 39.88343762207016 9.6525 1.2544082596874497  15.29860540342211 15.29860540342211 15.29860540342211 0.0 0.0 0.0 -15.29860540342211 -6.5994638162574715 39.88343762207016 2.227057882964902E-4 1.1421431950311474E-4 2.79885359557018 -5.01824979910764E-6
10.725 43.791809521732965 10.725 1.0823794065645724  17.786756495406728 17.786756495406728 17.786756495406728 0.0 0.0 0.0 -17.786756495406728 -7.054990608377987 43.791809521732965 2.2270578829649022E-4 1.125874134551458E-4 2.9403856001945963 -4.3752249637872215E-6
11.7975 48.54200427494753 11.7975 0.9205851553235184  20.163617067331217 20.163617067331217 20.163617067331217 0.0 0.0 0.0 -20.163617067331217 -7.219019773868824 48.54200427494753 2.2270578829649022E-4 1.0782940263180881E-4 3.0153770655619896 -3.8177774564797345E-6
12.87 53.98131235406812 12.87 0.7696145007216001  22.253561091447715 22.253561091447715 22.253561091447715 0.0 0.0 0.0 -22.253561091447715 -7.659983026915545 53.98131235406812 2.2270578829649022E-4 1.0211868665665414E-4 3.067111090927389 -3.1770816261500414E-6
13.9425 84.14561592878414 13.9425 0.5752816417089679  25.113913603781615 25.113913603781615 25.113913603781615 0.0 0.0 0.0 -25.113913603781615 -7.713148146139525 84.14561592878414 2.2270578829649022E-4 1.271289553647169E-4 3.085105818003619 -3.6470541956960177E-6
15.015 107.87765385967327 15.015 0.44280573260678474  26.621560309355573 26.621560309355573 26.621560309355573 0.0 0.0 0.0 -26.621560309355573 -6.623571292161632 107.87765385967327 2.2270578829649022E-4 1.2608111728217283E-4 3.0937091748272083 -3.922039671949496E-6
16.0875 130.1588179605643 16.0875 0.32235509155236525  27.304621407489766 27.304621407489766 27.304621407489766 0.0 0.0 0.0 -27.304621407489766 -5.417409041462828 130.1588179605643 2.2270578829649022E-4 1.2460311409205694E-4 3.0802503167648436 -4.40387232023013E-6
17.16 155.2085500843895 17.16 0.21644733347351047  26.75213246370785 26.75213246370785 26.75213246370785 0.0 0.0 0.0 -26.75213246370785 -4.015992240142474 155.2085500843895 2.2270578829649022E-4 1.272309641625636E-4 3.0329477344572613 -5.599478689721183E-6
17.69625 171.73296543621976 17.69625 0.17011139467316863  25.840956971289916 25.840956971289916 25.840956971289916 0.0 0.0 0.0 -25.840956971289916 -2.4367607862914387 171.73296543621976 2.2270578829649022E-4 1.2676770949520436E-4 3.007347437565096 -8.84093313546208E-6
18.2325 187.66874369998192 18.2325 0.12823293733206362  24.43310221847683 24.43310221847683 24.43310221847683 0.0 0.0 0.0 -24.43310221847683 -1.0237951970250652 187.66874369998192 2.2270578829649022E-4 1.26239654323779E-4 2.9763313786868486 -2.0128794666738786E-5
18.76875 203.04032264195715 18.76875 0.09122256276971252  22.446292618852688 22.446292618852688 22.446292618852688 0.0 0.0 0.0 -22.446292618852688 0.6210027272769559 203.04032264195715 2.2270578829649022E-4 1.2564155945859857E-4 2.939844789019908 3.169048336093869E-5
19.305 217.9850373635283 19.305 0.05954690249157551  19.78755366177521 19.78755366177521 19.78755366177521 0.0 0.0 0.0 -19.78755366177521 2.427978518038806 217.9850373635283 2.2270578829649022E-4 1.277536621363466E-4 2.8870163295612237 7.868789956954474E-6
19.78653 235.96396382661982 19.78653 0.03671825056611701  16.70607901906825 16.70607901906825 16.70607901906825 0.0 0.0 0.0 -16.70607901906825 4.460393672482439 235.96396382661982 2.2270578829649022E-4 1.2740175444911863E-4 2.8450712603180617 4.1070096983412645E-6
20.26806 253.28121010347598 20.26806 0.01893507100065211  12.919376314994487 12.919376314994487 12.919376314994487 0.0 0.0 0.0 -12.919376314994487 6.646478711071619 253.28121010347598 2.2270578829649022E-4 1.270176971707119E-4 2.7986534604031705 2.638818749958462E-6
20.74959 269.9506379791268 20.74959 0.006616062786483785  8.337242937506808 8.337242937506808 8.337242937506808 0.0 0.0 0.0 -8.337242937506808 9.090208053305034 269.9506379791268 2.2270578829649022E-4 1.2660106739125312E-4 2.7478385938579764 1.8443580824010185E-6
21.23112 285.98528712658174 21.23112 2.11285395815667E-4  2.8607921406015655 2.8607921406015655 2.8607921406015655 0.0 0.0 0.0 -2.8607921406015655 11.59623844584105 285.98528712658174 2.2270578829649025E-4 1.2615164428401375E-4 2.692627549326615 1.3796825091853106E-6
21.71265 302.17696951710934 21.71265 2.3978128169891127E-4  -3.4182385837039844 -3.4182385837039844 -3.4182385837039844 0.0 0.0 0.0 3.4182385837039844 13.879344111881737 302.17696951710934 2.2270578829649022E-4 1.2769195918685742E-4 2.6263287796253754 1.112835235084405E-6
22.19418 320.5230646964662 22.19418 0.007126371420713163  -10.36381981976536 -10.36381981976536 -10.36381981976536 0.0 0.0 0.0 10.36381981976536 16.036452403490614 320.5230646964662 2.2270578829649022E-4 1.2735258642588952E-4 2.570370000803343 9.197208030571456E-7
22.67571 338.1457143496364 22.67571 0.02055559121014052  -17.97399442038026 -17.97399442038026 -17.97399442038026 0.0 0.0 0.0 17.97399442038026 18.240542317125172 338.1457143496364 2.2270578829649022E-4 1.269926010677344E-4 2.517222543666456 7.7286099640876E-7
23.15724 356.17649019544615 23.15724 0.040747714547205285  -26.276247385989826 -26.276247385989826 -26.276247385989826 0.0 0.0 0.0 26.276247385989826 20.490293268373673 356.17649019544615 2.2270578829649022E-4 1.279474289220207E-4 2.460901471122686 6.635762260555996E-7
23.63878 375.02009540731524 23.63878 0.06781632943459544  -35.292027751732746 -35.292027751732746 -35.292027751732746 0.0 0.0 0.0 35.292027751732746 22.784986253789008 375.02009540731524 2.2270578829649022E-4 1.2763910982123018E-4 2.41293875373355 5.718159109538259E-7
24.12031 393.17301991603375 24.12031 0.10160561802446065  -45.02747386032031 -45.02747386032031 -45.02747386032031 0.0 0.0 0.0 45.02747386032031 25.121562865360588 393.17301991603375 2.2270578829649022E-4 1.2731476295276296E-4 2.36714421901601 4.973635389885075E-7
24.60184 411.3287771521707 24.60184 0.14225225627739846  -55.50505284790845 -55.50505284790845 -55.50505284790845 0.0 0.0 0.0 55.50505284790845 27.49845237047568 411.3287771521707 2.2270578829649022E-4 1.282533839329107E-4 2.3180327000517384 4.394531167681844E-7
25.08337 430.6440027794123 25.08337 0.18995026627853212  -66.7503244600787 -66.7503244600787 -66.7503244600787 0.0 0.0 0.0 66.7503244600787 29.914567848331618 430.6440027794123 2.2270578829649022E-4 1.279741900793113E-4 2.276452871948174 3.882508683728857E-7
25.5649 449.297616291944 25.5649 0.2444781860475823  -78.76533013783765 -78.76533013783765 -78.76533013783765 0.0 0.0 0.0 78.76533013783765 32.36769513235668 449.297616291944 2.2270578829649022E-4 1.276829322937674E-4 2.236716038079134 3.451340649474429E-7
26.04643 467.7198956471094 26.04643 0.30591718559890557  -91.56893475738715 -91.56893475738715 -91.56893475738715 0.0 0.0 0.0 91.56893475738715 34.85654316380517 467.7198956471094 2.2270578829649022E-4 1.2853063285554533E-4 2.193752050360537 3.1057154680491577E-7
26.52796 487.3216304130724 26.52796 0.3744784700531415  -105.18709731864011 -105.18709731864011 -105.18709731864011 0.0 0.0 0.0 105.18709731864011 37.38073940943591 487.3216304130724 2.2270578829649022E-4 1.2827384388954343E-4 2.157534386088684 2.7908988292887045E-7
27.00949 506.29372135853407 27.00949 0.44992401956477973  -119.62051314322792 -119.62051314322792 -119.62051314322792 0.0 0.0 0.0 119.62051314322792 39.93710102966954 506.29372135853407 2.2270578829649022E-4 1.2800843784414428E-4 2.1229645817197764 2.5193495343169026E-7
27.49102 524.941368745261 27.49102 0.5323020069935188  -134.88540006762 -134.88540006762 -134.88540006762 0.0 0.0 0.0 134.88540006762 42.52552203269398 524.941368745261 2.2270578829649022E-4 1.2879109061391555E-4 2.0847896310525846 2.2967173533887365E-7
27.97255 544.6957340941836 27.97255 0.6218124474025551  -151.00671499792395 -151.00671499792395 -151.00671499792395 0.0 0.0 0.0 151.00671499792395 45.14404560208691 544.6957340941836 2.2270578829649022E-4 1.285532588127024E-4 2.0526918771805627 2.0896536959777678E-7
28.45408 563.8539188675057 28.45408 0.7182170051914302  -167.9843010347896 -167.9843010347896 -167.9843010347896 0.0 0.0 0.0 167.9843010347896 47.7930884470679 563.8539188675057 2.2270578829649022E-4 1.283085333360915E-4 2.0222749946409717 1.9080339954682132E-7
28.93561 582.6634464722127 28.93561 0.8215431966099729  -185.83277425803035 -185.83277425803035 -185.83277425803035 0.0 0.0 0.0 185.83277425803035 50.46877920762624 582.6634464722127 2.2270578829649022E-4 1.290390405399122E-4 1.9884378311523512 1.7570240272630613E-7
29.41714 602.4716067611056 29.41714 0.9319682806190835  -204.57491608091846 -204.57491608091846 -204.57491608091846 0.0 0.0 0.0 204.57491608091846 53.17201510748341 602.4716067611056 2.2270578829649022E-4 1.288167198914926E-4 1.9601742356454013 1.6142966521253032E-7
29.89867 621.7166468103957 29.89867 1.049260914129983  -224.21040970015397 -224.21040970015397 -224.21040970015397 0.0 0.0 0.0 224.21040970015397 55.90161208331075 621.7166468103957 2.2270578829649022E-4 1.285840587478032E-4 1.9329910465139968 1.487102044001827E-7
30.3802 640.6169459272253 30.3802 1.1734358119370905  -244.75246203918442 -244.75246203918442 -244.75246203918442 0.0 0.0 0.0 244.75246203918442 58.65556200947608 640.6169459272253 2.2270578829649022E-4 1.2927364789174124E-4 1.9027401372126023 1.3803513825913438E-7
30.86173 660.4098981232208 30.86173 1.3046443212684178  -266.22188419203826 -266.22188419203826 -266.22188419203826 0.0 0.0 0.0 266.22188419203826 61.43122691080143 660.4098981232208 2.2270578829649022E-4 1.290840718183101E-4 1.8771006712455083 1.2780585931270012E-7
31.34327 679.6708254203718 31.34327 1.44266632384881  -288.6180011833006 -288.6180011833006 -288.6180011833006 0.0 0.0 0.0 288.6180011833006 64.23468935062532 679.6708254203718 2.2270578829649022E-4 1.2886002736789043E-4 1.85318230568555 1.1861030758599399E-7
31.8248 698.5971066854495 31.8248 1.5875026349793875  -311.9527561213067 -311.9527561213067 -311.9527561213067 0.0 0.0 0.0 311.9527561213067 67.0570153841727 698.5971066854495 2.2270578829649022E-4 1.294974691637819E-4 1.8261915046898183 1.1081478196176801E-7
32.30633 718.3256490016943 32.30633 1.7392862540445937  -336.24508813046674 -336.24508813046674 -336.24508813046674 0.0 0.0 0.0 336.24508813046674 69.90001873288558 718.3256490016943 2.2270578829649022E-4 1.2930789341706917E-4 1.8032595259526387 1.0325672694781867E-7
32.78786 737.5519849934722 32.78786 1.8978048378694117  -361.49417664552857 -361.49417664552857 -361.49417664552857 0.0 0.0 0.0 361.49417664552857 72.76413686100406 737.5519849934722 2.2270578829649022E-4 1.2910108351156196E-4 1.781658418293104 9.641039836047109E-8
33.26939 756.4457205859379 33.26939 2.0630503618585068  -387.7106550707776 -387.7106550707776 -387.7106550707776 0.0 0.0 0.0 387.7106550707776 75.64686861815738 756.4457205859379 2.2270578829649022E-4 1.2972173679258057E-4 1.7570572907808732 9.056551971920216E-8
33.75092 776.0742287140201 33.75092 2.23513885604874  -414.9118863894466 -414.9118863894466 -414.9118863894466 0.0 0.0 0.0 414.9118863894466 78.54587844080773 776.0742287140201 2.2270578829649022E-4 1.2954939490764176E-4 1.7362639454218622 8.484809951161246E-8
34.23245 795.2286272727774 34.23245 2.4138665406039115  -443.0967936470085 -443.0967936470085 -443.0967936470085 0.0 0.0 0.0 443.0967936470085 81.46606684914016 795.2286272727774 2.2270578829649022E-4 1.293598188342068E-4 1.717073798466189 7.964777134217115E-8
34.71398 814.0377187785223 34.71398 2.5992126763658967  -472.27468302863554 -472.27468302863554 -472.27468302863554 0.0 0.0 0.0 472.27468302863554 84.40217579503863 814.0377187785223 2.2270578829649022E-4 1.2994578124300048E-4 1.6947895702735332 7.516573626733529E-8
35.19551 833.5405866153494 35.19551 2.7912873379282024  -502.4619033609173 -502.4619033609173 -502.4619033609173 0.0 0.0 0.0 502.4619033609173 87.35337770137693 833.5405866153494 2.2270578829649022E-4 1.297734393580617E-4 1.6760860647072438 7.074816252424866E-8
35.67704 852.5950877837411 35.67704 2.9898894745838107  -533.65678995809 -533.65678995809 -533.65678995809 0.0 0.0 0.0 533.65678995809 90.31991877173273 852.5950877837411 2.2270578829649022E-4 1.2958386328463438E-4 1.658119697326946 6.667982452197578E-8
36.15857 871.2747388192902 36.15857 3.194988589559928  -565.8673230517882 -565.8673230517882 -565.8673230517882 0.0 0.0 0.0 565.8673230517882 93.30100222260897 871.2747388192902 2.2270578829649022E-4 1.301696013566677E-4 1.6378275299650635 6.319463155442408E-8
36.6401 890.6330114433907 36.6401 3.4066929549450404  -599.1092973903458 -599.1092973903458 -599.1092973903458 0.0 0.0 0.0 599.1092973903458 96.29789189648925 890.6330114433907 2.2270578829649022E-4 1.299972597687533E-4 1.620978505244922 5.972250612499364E-8
37.12163 909.5677296961351 37.12163 3.624802335596133  -633.3804310347152 -633.3804310347152 -633.3804310347152 0.0 0.0 0.0 633.3804310347152 99.30663924341685 909.5677296961351 2.2270578829649022E-4 1.298421523396181E-4 1.6047234338036536 5.6521096474739366E-8
37.60316 928.095984019747 37.60316 3.8492761343431043  -668.6873378239269 -668.6873378239269 -668.6873378239269 0.0 0.0 0.0 668.6873378239269 102.32846679303853 928.095984019747 2.2270578829649022E-4 1.296698107517037E-4 1.5887536692760895 5.3539539804610126E-8
38.08469 947.2804525675602 38.08469 4.080220874210424  -705.0451691784397 -705.0451691784397 -705.0451691784397 0.0 0.0 0.0 705.0451691784397 105.36429556490803 947.2804525675602 2.2270578829649022E-4 1.3020406967425695E-4 1.5709180913421146 5.09722972672442E-8
38.56622 966.0808936278586 38.56622 4.317443571305633  -742.4513062467631 -742.4513062467631 -742.4513062467631 0.0 0.0 0.0 742.4513062467631 108.40834376252153 966.0808936278586 2.2270578829649022E-4 1.3006619640391627E-4 1.556040499652476 4.840782308295538E-8
39.04776 984.4948467726701 39.04776 4.560897934608873  -780.9115104734755 -780.9115104734755 -780.9115104734755 0.0 0.0 0.0 780.9115104734755 111.46548944225306 984.4948467726701 2.2270578829649022E-4 1.2989385481600185E-4 1.5412688646631667 4.5997100699180246E-8
39.52929 1003.425138743508 39.52929 4.8106659371700475  -820.4390284940881 -820.4390284940881 -820.4390284940881 0.0 0.0 0.0 820.4390284940881 114.52764076836634 1003.425138743508 2.2270578829649022E-4 1.3042721461722383E-4 1.5246141106819198 4.392369085619836E-8
40.01082 1022.0798541931151 40.01082 5.066584102177176  -861.0334160972182 -861.0334160972182 -861.0334160972182 0.0 0.0 0.0 861.0334160972182 117.5787099061911 1022.0798541931151 2.2270578829649022E-4 1.302893422973285E-4 1.5108347054555817 4.1842700072804464E-8
40.49235 1040.3682985529022 40.49235 5.328591522645924  -902.6813919771645 -902.6813919771645 -902.6813919771645 0.0 0.0 0.0 902.6813919771645 120.62386154255255 1040.3682985529022 2.2270578829649022E-4 1.3013423593744434E-4 1.4975908956961268 3.9900519317062005E-8
40.97388 1059.3710825961998 40.97388 5.596792555624671  -945.3959897178623 -945.3959897178623 -945.3959897178623 0.0 0.0 0.0 945.3959897178623 123.68477839828722 1059.3710825961998 2.2270578829649022E-4 1.3094581552461422E-4 1.4812754754952289 3.827402276530425E-8
41.45541 1078.3161299757696 41.45541 5.871024659253345  -989.1785115600752 -989.1785115600752 -989.1785115600752 0.0 0.0 0.0 989.1785115600752 126.76310150829882 1078.3161299757696 2.2270578829649022E-4 1.3080794154143088E-4 1.4686319698189745 3.6557207857956374E-8
41.93694 1096.9028918937581 41.93694 6.151193721638261  -1034.034649316607 -1034.034649316607 -1034.034649316607 0.0 0.0 0.0 1034.034649316607 129.85599029346545 1096.9028918937581 2.2270578829649022E-4 1.3067006755824754E-4 1.4561310834349104 3.4939594591841366E-8
42.41847 1115.1442362032649 42.41847 6.437248961350225  -1079.971423921107 -1079.971423921107 -1079.971423921107 0.0 0.0 0.0 1079.971423921107 132.96205706106576 1115.1442362032649 2.2270578829649022E-4 1.3052357645112195E-4 1.4443297305324037 3.34250904377892E-8
42.9 1133.051472258055 42.9 6.729143060214193  -1126.9961497587205 -1126.9961497587205 -1126.9961497587205 0.0 0.0 0.0 1126.9961497587205 160.35129452717945 1133.051472258055 2.2270578829649022E-4 1.3038570246794626E-4 1.43270911891632 2.7155526890708232E-8
48.2625 1331.5366440975126 48.2625 10.363393220529835  -1726.6358498052375 -1726.6358498052375 -1726.6358498052375 0.0 0.0 0.0 1726.6358498052375 170.5552652904461 1331.5366440975126 2.2270578829649022E-4 1.3132496897835694E-4 1.3133556440641303 2.0953409747557405E-8
53.625 1521.9754944592635 53.625 14.660797365606545  -2472.3682500456384 -2472.3682500456384 -2472.3682500456384 0.0 0.0 0.0 2472.3682500456384 207.96346394759362 1521.9754944592635 2.2270578829649022E-4 1.3143910887960177E-4 1.2217386343263101 1.4399538247679197E-8
58.9875 1703.0857009062443 58.9875 19.568787295979817  -3373.125963309483 -3373.125963309483 -3373.125963309483 0.0 0.0 0.0 3373.125963309483 246.976841607742 1703.0857009062443 2.2270578829649022E-4 1.3184199641526502E-4 1.147911308339279 1.0388333467402429E-8
64.35 1876.5980913663223 64.35 25.044058050893895  -4437.075451346223 -4437.075451346223 -4437.075451346223 0.0 0.0 0.0 4437.075451346223 287.47467266666195 1876.5980913663223 2.2270578829649022E-4 1.3224336916122835E-4 1.087531061466569 7.774409917350142E-9
69.7125 2042.999993443463 69.7125 31.048845152140824  -5671.64964570062 -5671.64964570062 -5671.64964570062 0.0 0.0 0.0 5671.64964570062 329.3984241187455 2042.999993443463 2.2270578829649022E-4 1.3264549930201594E-4 1.0381063784137168 5.9965602791647716E-9
75.075 2204.0688780306564 75.075 37.5512864135629  -7083.699010405688 -7083.699010405688 -7083.699010405688 0.0 0.0 0.0 7083.699010405688 372.6043030088559 2204.0688780306564 2.2270578829649022E-4 1.332201622597223E-4 0.9955546824887438 4.74123924706076E-9
80.4375 2356.494880447493 80.4375 44.51904569550986  -8679.37834549151 -8679.37834549151 -8679.37834549151 0.0 0.0 0.0 8679.37834549151 417.0332995504691 2356.494880447493 2.2270578829649022E-4 1.341509232354931E-4 0.9582743395691925 3.8322534714500065E-9
85.8 2506.277328844984 85.8 51.9288450171466  -10464.583658046578 -10464.583658046578 -10464.583658046578 0.0 0.0 0.0 10464.583658046578 502.8001293240204 2506.277328844984 2.2270578829649022E-4 1.3342708731874559E-4 0.9303535524150358 2.877460411603706E-9
96.525 2786.6980624887856 96.525 67.9821393454032  -14624.511394087964 -14624.511394087964 -14624.511394087964 0.0 0.0 0.0 14624.511394087964 553.3263185706833 2786.6980624887856 2.2270578829649022E-4 1.338747147751894E-4 0.8775600948619081 2.199653565929511E-9
107.25 3055.576234849788 107.25 85.54841896769827  -19602.080208535393 -19602.080208535393 -19602.080208535393 0.0 0.0 0.0 19602.080208535393 651.4574758830596 3055.576234849788 2.2270578829649022E-4 1.3506433522565887E-4 0.8363887399234783 1.6168342099180628E-9
117.975 3304.586871159623 117.975 104.49441565172653  -25430.93739596215 -25430.93739596215 -25430.93739596215 0.0 0.0 0.0 25430.93739596215 752.9922408043016 3304.586871159623 2.2270578829649022E-4 1.3390964459657738E-4 0.8061826243647011 1.2152476891675775E-9
128.7 3532.91217909041 128.7 124.70169701923201  -32140.5797019232 -32140.5797019232 -32140.5797019232 0.0 0.0 0.0 32140.5797019232 857.4872663627737 3532.91217909041 2.2270578829649022E-4 1.359775128695912E-4 0.7770007770008163 9.573755235206089E-10
139.425 3763.3304962686493 139.425 146.08458583456837  -39757.992614713454 -39757.992614713454 -39757.992614713454 0.0 0.0 0.0 39757.992614713454 964.7274269241208 3763.3304962686493 2.2270578829649022E-4 1.3511580492998247E-4 0.7556546018080861 7.590741563314423E-10
150.15 3972.524275826367 150.15 168.54742806218582  -48306.163712152294 -48306.163712152294 -48306.163712152294 0.0 0.0 0.0 48306.163712152294 1074.2441425526501 3972.524275826367 2.2270578829649022E-4 1.3425409699039824E-4 0.7378158854414474 6.141114834496582E-10
160.875 4177.71276521959 160.875 192.020155432215  -57806.65146902398 -57806.65146902398 -57806.65146902398 0.0 0.0 0.0 57806.65146902398 1186.247382835739 4177.71276521959 2.2270578829649022E-4 1.3580540533088113E-4 0.7225712809471809 5.142021937774123E-10
171.6 4377.803111433609 171.6 216.43661087018245  -68278.6217677658 -68278.6217677658 -68278.6217677658 0.0 0.0 0.0 68278.6217677658 1300.0637252229358 4377.803111433609 2.2270578829649022E-4 1.3511603779115658E-4 0.7083690119402073 4.290269081569311E-10
182.325 4563.3705014939405 182.325 241.73702462311704  -79739.33810518682 -79739.33810518682 -79739.33810518682 0.0 0.0 0.0 79739.33810518682 1415.5453861770427 4563.3705014939405 2.2270578829649022E-4 1.3459901213632643E-4 0.69594737064817 3.6295121122271376E-10
193.05 4747.278188762582 193.05 267.87144180378573  -92204.97529660157 -92204.97529660157 -92204.97529660157 0.0 0.0 0.0 92204.97529660157 1532.9780993466622 4747.278188762582 2.2270578829649022E-4 1.3615008910076778E-4 0.6845475199906437 3.149312630375755E-10
203.775 4927.985167372502 203.775 294.79124788477134  -105690.02413683881 -105690.02413683881 -105690.02413683881 0.0 0.0 0.0 105690.02413683881 1652.2371332417324 4927.985167372502 2.2270578829649022E-4 1.3546072156099426E-4 0.6742955718450176 2.712941393403584E-10
214.5 5097.901106881756 214.5 322.45642907695213  -120207.90109402125 -120207.90109402125 -120207.90109402125 0.0 0.0 0.0 120207.90109402125 1889.506477774004 5097.901106881756 2.2270578829649022E-4 1.3494369590621308E-4 0.6668512415636019 2.220270471610994E-10
235.95 5429.167443919738 235.95 379.8522453658644  -152389.8163362099 -152389.8163362099 -152389.8163362099 0.0 0.0 0.0 152389.8163362099 2007.2724951358061 5429.167443919738 2.2270578829649022E-4 1.3597751286966456E-4 0.6499626271489811 1.8660752955759736E-10
257.4 5739.087075309119 257.4 439.7948420453228  -188838.79186715133 -188838.79186715133 -188838.79186715133 0.0 0.0 0.0 188838.79186715133 2257.503842635925 5739.087075309119 2.2270578829649022E-4 1.3511580492998236E-4 0.639241710670093 1.4863949360459497E-10
278.85 6041.086232385371 278.85 502.0517526167275  -229630.67612307784 -229630.67612307784 -229630.67612307784 0.0 0.0 0.0 229630.67612307784 2762.8291680619764 6041.086232385371 2.2270578829649022E-4 1.3597774721577544E-4 0.6272366611656948 1.1070687581503682E-10
321.75 6601.195364626077 321.75 632.7365149435134  -324494.975197957 -324494.975197957 -324494.975197957 0.0 0.0 0.0 324494.975197957 3119.7943060777907 6601.195364626077 2.2270578829649022E-4 1.3597751286956682E-4 0.6145101202128121 8.324374615877296E-11
375.375 7255.501082651557 375.375 806.0803371189563  -468503.9757666341 -468503.9757666341 -468503.9757666341 0.0 0.0 0.0 468503.9757666341 3639.350784754525 7255.501082651557 2.2270578829649022E-4 1.3649465525192368E-4 0.5987278714556229 5.982130163300093E-11
429.0 7850.807485269943 429.0 988.785869086796  -641348.4218043906 -641348.4218043906 -641348.4218043906 0.0 0.0 0.0 641348.4218043906 4318.548450838431 7850.807485269943 2.2270578829649022E-4 1.351159213604446E-4 0.5872104086390714 4.28257703249018E-11
482.625 8405.252623056454 482.625 1179.4063749074248  -843496.0109709965 -843496.0109709965 -843496.0109709965 0.0 0.0 0.0 843496.0109709965 5007.880385112396 8405.252623056454 2.2270578829649022E-4 1.361499717791521E-4 0.5783246289567623 3.257807973071372E-11
536.25 8930.950626674143 536.25 1376.756252798087  -1075290.4021293514 -1075290.4021293514 -1075290.4021293514 0.0 0.0 0.0 1075290.4021293514 6418.007888129267 8930.950626674143 2.2270578829649022E-4 1.352882630968307E-4 0.5701305064365098 2.2411289679695338E-11
643.5 9900.255700466274 643.5 1788.6493887572153  -1628854.2748991165 -1628854.2748991165 -1628854.2748991165 0.0 0.0 0.0 1628854.2748991165 6992.156719850845 9900.255700466274 2.2270578829649022E-4 1.3528884599469637E-4 0.5641916469944627 1.6964026382650442E-11
750.75 10782.673394803975 750.75 2219.049061160699  -2303455.94921168 -2303455.94921168 -2303455.94921168 0.0 0.0 0.0 2303455.94921168 8414.691527548574 10782.673394803975 2.2270578829649022E-4 1.3614938517341968E-4 0.547975231519876 1.1809814403579419E-11
858.0 11594.134738647388 858.0 2664.353559590543  -3099885.3259622413 -3099885.3259622413 -3099885.3259622413 0.0 0.0 0.0 3099885.3259622413 11345.95328283841 11594.134738647388 2.2270578829649022E-4 1.344259752345553E-4 0.5453947761641851 7.531229653080628E-12
1072.5 13098.980040141023 1072.5 3588.8384262478285  -5059261.163218686 -5059261.163218686 -5059261.163218686 0.0 0.0 0.0 5059261.163218686 12400.777519011872 13098.980040141023 2.2270578829649022E-4 1.3614938517341968E-4 0.5370157268894785 5.497389039133783E-12
1287.0 14457.244975120715 1287.0 4547.431353391453  -7507066.76203716 -7507066.76203716 -7507066.76203716 0.0 0.0 0.0 7507066.76203716 15318.123208789208 14457.244975120715 2.2270578829649022E-4 1.3614977624334623E-4 0.5343929394560502 3.69057077348057E-12
1501.5 15676.261864304655 1501.5 5530.706322268152  -1.0441071060046198E7 -1.0441071060046198E7 -1.0441071060046198E7 0.0 0.0 0.0 1.0441071060046198E7 18147.40495220225 15676.261864304655 2.2270578829649022E-4 1.3614977624334623E-4 0.5339245845573156 2.667822821608097E-12
1716.0 16843.64642850044 1716.0 6532.477232789846  -1.385799200378576E7 -1.385799200378576E7 -1.385799200378576E7 0.0 0.0 0.0 1.385799200378576E7 21051.875605384856 16843.64642850044 2.2270578829649025E-4 1.3442636135383942E-4 0.5229812922132486 1.9460881962667833E-12
1930.5 17920.39370137869 1930.5 7548.300271175045  -1.7753930745029833E7 -1.7753930745029833E7 -1.7753930745029833E7 0.0 0.0 0.0 1.7753930745029833E7 23830.504400705035 17920.39370137869 2.2270578829649022E-4 1.3500160852961558E-4 0.5290218056182874 1.552420881676182E-12
2145.0 18933.56651963472 2145.0 8575.151174321887  -2.212486797146876E7 -2.212486797146876E7 -2.212486797146876E7 0.0 0.0 0.0 2.212486797146876E7 31414.47722788993 18933.56651963472 2.2270578829649022E-4 1.3442713360010698E-4 0.5180005179996805 1.03337987346085E-12
2681.25 21286.152008023873 2681.25 11175.643081609192  -3.5102535341638856E7 -3.5102535341638856E7 -3.5102535341638856E7 0.0 0.0 0.0 3.5102535341638856E7 32680.46240055584 21286.152008023873 2.2270578829649022E-4 1.3356484573238367E-4 0.5293631100091409 8.069011560226417E-13
3217.5 23399.85279862314 3217.5 13805.705561607558  -5.09576132581051E7 -5.09576132581051E7 -5.09576132581051E7 0.0 0.0 0.0 5.09576132581051E7 46939.00035995882 23399.85279862314 2.2270578829649022E-4 1.3442667025117728E-4 0.5259697567397725 4.681594802356089E-13
4290.0 27186.045380532487 4290.0 19102.894526869273  -9.1058802406093E7 -9.1058802406093E7 -9.1058802406093E7 0.0 0.0 0.0 9.1058802406093E7 64286.62215252762 27186.045380532487 2.2270578829649022E-4 1.3442667025117728E-4 0.5199928276859115 2.534573533247464E-13
6435.0 33501.78903456445 6435.0 29687.923529914584  -2.033757570151218E8 -2.033757570151218E8 -2.033757570151218E8 0.0 0.0 0.0 2.033757570151218E8 71128.29129013621 33501.78903456445 2.2270578829649022E-4 1.344266702511771E-4 0.4781543243088841 1.4043087505377097E-13
8580.0 38891.94280092339 8580.0 40148.24108328193  -3.562637891989072E8 -3.562637891989072E8 -3.562637891989072E8 0.0 0.0 0.0 3.562637891989072E8 121340.79706110411 38891.94280092339 2.2270578829649022E-4 1.3270325140144954E-4 0.5146368782753816 6.559765834544642E-14
12870.0 47898.25080830005 12870.0 60571.47752248007  -7.756362998253528E8 -7.756362998253528E8 -7.756362998253528E8 0.0 0.0 0.0 7.756362998253528E8 132445.78917338655 47898.25080830005 2.2270578829649022E-4 1.33564845732854E-4 0.5113166403479382 4.006502252600748E-14
17160.0 55541.02809406361 17160.0 80345.43260847697  -1.3365500042605736E9 -1.3365500042605736E9 -1.3365500042605736E9 0.0 0.0 0.0 1.3365500042605736E9 176849.474235531 55541.02809406361 2.2270578829649022E-4 1.3184142836946517E-4 0.5332358273488085 2.3165952650207132E-14
21450.0 62402.44894571174 21450.0 99540.42351572182  -2.0300885394003308E9 -2.0300885394003308E9 -2.0300885394003308E9 0.0 0.0 0.0 2.0300885394003308E9 418407.86746793677 62402.44894571174 2.2270578829649022E-4 1.3327757122347575E-4 0.522466039705846 7.75868281490311E-15
42900.0 88611.93336602047 42900.0 188899.24150959583  -7.287628858904257E9 -7.287628858904257E9 -7.287628858904257E9 0.0 0.0 0.0 7.287628858904257E9 610022.8829011453 88611.93336602047 2.2270578829649022E-4 1.3212870254884665E-4 0.5067396371705725 2.5584599797274377E-15
107250.0 141066.877576956 107250.0 419419.5906686188  -3.796802246857399E10 -3.796802246857399E10 -3.796802246857399E10 0.0 0.0 0.0 3.796802246857399E10 746951.3964956146 141066.877576956 2.2270578829649022E-4 1.2753299485427256E-4 0.5040005039989183 8.023500511933507E-16
214500.0 201914.11625919002 214500.0 743906.8466509418  -1.293345318402431E11 -1.293345318402431E11 -1.293345318402431E11 0.0 0.0 0.0 1.293345318402431E11 1548701.91648763 201914.11625919002 2.2270578829649022E-4 1.309798325522233E-4 0.552079499458972 2.1767618592475848E-16
429000.0 284699.5207858167 429000.0 1291873.252494068  -4.3392215049881366E11 -4.3392215049881366E11 -4.3392215049881366E11 0.0 0.0 0.0 4.3392215049881366E11 1212977.7343367825 284699.5207858167 2.227057882964902E-4 1.3787350795013112E-4 0.46620046620491223 1.2352174204388914E-16
