#rho v/v0 up us e p T s csqv cv gamma alphavol uc phi st
11.347 0.999601870367617 7.033160960959305E-4 1.7665504873032856 4.56674217060325E-4 0.013991082320722364 293.93650558384434 -0.08633177815332405 6.384338348853755 1.1979607688817404E-4 2.7000000000000663 4.464876082747104E-6 5.866366218646917 45.65233984156428 11.347 293.93650558384434
14.284728793336129 0.7940285452498513 0.5859457822152587 2.844791201412029 0.1169942400219933 18.906607845823498 329.618364655395 0.0390392665094044 9.611415184393486 1.1879654985474197E-4 2.4365954024970975 2.1082781656104855E-6 10.482151224023548 36.738903116789444 14.284728793336129 329.618364655395
14.330599523878575 0.791486944015271 0.5970367307086949 2.863306222668476 0.12420433463091804 19.38986089319505 375.562466243757 0.029987226669681538 9.662310462490517 1.2025296483542237E-4 2.415793159765866 2.0980227469591303E-6 10.568555338461644 36.61340001289727 14.330599523878575 375.562466243757
14.344895548525916 0.790698153548208 0.6029192709415859 2.880620888743355 0.1310451394007016 19.699316252066158 427.910520697331 0.017135200746276613 9.650123221898081 1.2375991715012026E-4 2.3652342177729837 2.1145789960964394E-6 10.797472677312872 36.253014464786595 14.344895548525916 427.910520697331
14.351918727363238 0.7903112216930184 0.6079854036331368 2.89946562015376 0.13869471202486622 19.994798459634918 487.555147762336 0.0011190964121958469 9.694025982193573 1.2458426072424383E-4 2.3559323602809408 2.1096570012469343E-6 10.981852057664893 36.0167024243907 14.351918727363238 487.555147762336
14.35597769511977 0.7900877713760421 0.6130420804815299 2.9204686382504623 0.1473159958099387 20.307140873686926 555.513385654027 -0.018409967621664247 9.741110800183574 1.254425237806097E-4 2.3456797337459823 2.104128411141915E-6 11.202626343281954 35.739713952066765 14.35597769511977 555.513385654027
14.358604146196459 0.7899432498851868 0.6184252661365628 2.94408661372959 0.15712915460768304 20.651128621627418 632.944033217816 -0.042015084011090637 9.793062112133148 1.2634608302389584E-4 2.334142030652936 2.0972892455862722E-6 11.463100065342582 35.42111324613601 14.358604146196459 632.944033217816
14.360395535718181 0.7898447083055291 0.6243119834389192 2.970717408089633 0.16834439080034747 21.036284499393435 721.167409340404 -0.07041474688634644 9.861623666347153 1.273293081473604E-4 2.321219299404959 2.0870349638708523E-6 11.750614058509344 35.09030794119062 14.360395535718181 721.167409340404
14.361694359019458 0.7897732774084573 0.6308426245170548 3.000772769229449 0.18119417091081835 21.471392243079336 821.687866541237 -0.1044704217842585 9.965697978938689 1.2843102948858524E-4 2.306986874531223 2.0701493864036985E-6 12.038068549954227 34.79826396153275 14.361694359019458 821.687866541237
14.362732012892167 0.7897162192318424 0.6381476289110072 3.0346973341447514 0.19594484574106025 21.965578972539856 936.219442637623 -0.1452035772312672 10.086989878824834 1.296550849485598E-4 2.2910406095450564 2.0503296825888374E-6 12.365353391894173 34.479815071495445 14.362732012892167 936.219442637623
14.3633497644732 0.7896822544220314 0.6438549215608992 3.061343776729532 0.2077291319165374 22.356626354971535 1026.916130170242 -0.17899601225142658 16.66572314826452 1.296598480675828E-4 2.291060329055458 1.2409724339268388E-6 7.506571763351849 47.05835761804965 14.3633497644732 1026.916130170242
14.419739628277528 0.7865941213542034 0.6616130062047617 3.1002567052188996 0.22120065776227837 23.265260162270458 1066.71508788638 -0.18452152001086658 16.75886495098162 1.3100104721729342E-4 2.2664988883729005 1.2286502064268917E-6 7.668168226003616 46.68461095145179 14.419739628277528 1066.71508788638
14.623666793268251 0.7756250592554984 0.7250615784435686 3.231473069308594 0.2707228744613863 26.575527424838413 1215.39996597237 -0.20815681628662686 17.151305516038626 1.324487574434816E-4 2.2232623283561477 1.174046049637234E-6 8.185229300032205 45.57374388628935 14.623666793268251 1215.39996597237
14.842161478635653 0.7642069141605913 0.7919799216780451 3.3587919631258303 0.32533570798519906 30.17198849851519 1384.80939668023 -0.239118361430745 17.548326208978544 1.3407441497894563E-4 2.177703269293465 1.1210158741789964E-6 8.67322159526969 44.58564392960616 14.842161478635653 1384.80939668023
15.074754774634492 0.7524157170468045 0.8622849918223382 3.4827937441624623 0.3854451499463687 34.06319699636095 1577.83208723362 -0.2790718387193266 17.946350082564443 1.359009642433847E-4 2.129986837633498 1.0699736102622762E-6 9.13118215713711 43.70280169726748 15.074754774634492 1577.83208723362
15.320659326891027 0.7403390533691245 0.9358340343496506 3.604061552159394 0.45149480907489736 38.25586267871482 1797.759389467 -0.33000653059682095 18.33520234842729 1.3748577286388627E-4 2.0776454887454103 1.0168714212414615E-6 9.563191561408582 42.89909440384326 15.320659326891027 1797.759389467
15.577959204584017 0.7281109337944394 1.0121828632453382 3.7227788427508197 0.5237571175173006 42.739880423659514 2048.34142274497 -0.39446972253532664 18.15938380533735 1.259952554989542E-4 1.8203059055646247 8.107498924367689E-7 10.229765423107944 41.45276123735568 15.577959204584017 2048.34142274497
15.827728530577783 0.7166209858318374 1.0845059821278284 3.8270511502459446 0.5967793602940825 47.07641677168887 2333.85101961659 -0.47822400441942664 18.571631315956843 1.289385466729735E-4 1.7797507255305967 7.806804487659929E-7 10.52538344672189 40.97748712877249 15.827728530577783 2333.85101961659
16.08918384042879 0.7049756243421147 1.1603683194990495 3.9331269387876957 0.6779488062635753 51.76558082522375 2659.1565845825 -0.580676457303652 19.021895208026802 1.3254259396479947E-4 1.7424434674313611 7.546166155209691E-7 10.797825708430864 40.56184540830815 16.08918384042879 2659.1565845825
16.361316157174574 0.6932499998227574 1.2398291583792622 4.041822844866761 0.7684596916591835 56.839004247722904 3029.80510833557 -0.7055975975568352 19.51541633711802 1.3683952868650536E-4 1.7078713992911967 7.319319037251127E-7 11.051564163319426 40.19744464619478 16.361316157174574 3029.80510833557
16.642809830487778 0.6815244864652111 1.322955712085504 4.154026466279613 0.8697481436179852 62.333566169977814 3452.11675300333 -0.8575289480312207 20.05801269530017 1.4186285247651476E-4 1.6754624866730996 7.120145097841606E-7 11.292121016459994 39.87567648171353 16.642809830487778 3452.11675300333
16.932029510486046 0.6698832184314896 1.4098314840427737 4.27070528600251 0.983548506145451 68.29269920285594 3933.29262122503 -1.0419433062685557 20.667847191224 1.4740502819419711E-4 1.6474881030773945 6.939534299694472E-7 11.520351347987134 39.601030555402275 16.932029510486046 3933.29262122503
17.226257435771362 0.6584414789661741 1.5003942667203538 4.392788275868439 1.1117057010773999 74.75722878903838 4481.53754670187 -1.26559572113531 21.139217346756894 1.5109128073480596E-4 1.573813107890506 6.529993115590719E-7 11.843282853522963 39.13179594328038 17.226257435771362 4481.53754670187
17.52510548785496 0.6472133609079718 1.5939083495942068 4.518051912896901 1.2551759544717167 81.6812054873826 5106.19999999992 -1.5360406085676714 20.77934609871414 1.4617373922609124E-4 1.3243452978983494 5.315915551014199E-7 12.601933121250969 37.739775941815175 17.52510548785496 5106.19999999992
18.051499281508395 0.6283401863844279 1.7547242087332011 4.721318109867556 1.5338111420570795 93.96795543224184 6416.42529271738 -2.1480096099740758 21.268549580447324 1.5632483929098762E-4 1.2239898247238992 4.983731607828609E-7 13.23476311637769 36.792139948438965 18.051499281508395 6416.42529271738
18.1815296075256 0.6238464347007708 1.7949779205714667 4.771928505166676 1.6114259383465663 97.15400340269294 6775.149365946739 -2.328559701011109 31.48115603219169 1.563754705343967E-4 1.2246093403352618 3.345685450126344E-7 10.165462816994458 44.903825425644236 18.1815296075256 6775.149365946739
18.595265591214112 0.6099661425874146 1.963913595348529 5.0352387569037695 1.9308837342184126 112.16314227501069 8062.84781971402 -2.9368386395582626 32.367724622457146 1.7058285833323667E-4 1.1484265653284282 3.254798154643354E-7 10.94250266453076 43.56431881054562 18.595265591214112 8062.84781971402
19.251197066891848 0.5891832276013692 2.2273050421800136 5.42165070129799 2.4762943499065555 136.96797277580973 10131.7341039804 -3.972434839728159 33.70774638555279 1.8537518790628381E-4 1.0374930157196989 2.96380296820618E-7 12.053349735787487 41.803330558017635 19.251197066891848 10131.7341039804
20.05001240323175 0.5657094965803173 2.5364085331837707 5.840349980512184 3.191811526065919 168.02191549773977 12731.486225347 -5.353838391121586 34.807589134608165 2.05363719873733E-4 0.9525377582032982 2.8029627920040073E-7 13.273808331629876 39.92659988481576 20.05001240323175 12731.486225347
20.98863874065854 0.5404105794192857 2.893107151468539 6.294982046829872 4.1335095517273395 206.56984165679052 15998.3216932749 -7.208140568098718 36.07123412132671 2.2990308326491314E-4 0.8792426957611731 2.669981739008978E-7 14.51858479749081 38.17712455514448 20.98863874065854 15998.3216932749
22.045134243440096 0.5145118327613042 3.29559567980717 6.788210099025654 5.37369424345986 253.74479469606095 20103.4107464963 -9.716126649542925 37.562048072776236 2.594566306937386E-4 0.8162204818289347 2.557468248783824E-7 15.781774273146922 36.57207283026414 22.045134243440096 20103.4107464963
23.0146883763124 0.4928366718506373 3.674247414393198 7.244702466561441 6.750498931597335 301.9235022136182 24405.837547006948 -12.56158895813941 55.408849913718896 2.5678183204207666E-4 0.8207698533392482 1.6527282665888743E-7 13.923031367835131 42.03647766290146 23.0146883763124 24405.837547006948
23.165157264806652 0.489635459556895 3.7517116882550403 7.3510430113302085 7.0337921277289395 312.8141532272675 25261.8450479232 -13.126558033656117 55.079794495073315 2.948325842572003E-4 0.7624714341827757 1.7618603927433364E-7 14.273372600102919 41.441772499462985 23.165157264806652 25261.8450479232
24.391980672915565 0.46500866719920975 4.3592906645186265 8.148338855691062 9.441323981509885 402.8959616898172 31743.9077016573 -17.681686209472332 57.67406828165469 3.3767663748378275E-4 0.7120869688002345 1.7092531867936332E-7 16.261885384414196 38.92851545224954 24.391980672915565 31743.9077016573
25.86983671386906 0.4384442989924455 5.077734441812814 9.042263185472503 12.749143314105734 520.7810322946334 39889.2350998006 -23.83811704119514 60.930891439440956 3.8724353026044E-4 0.6701007588673816 1.6462396625265647E-7 18.374612835506902 36.6355709203631 25.86983671386906 39889.2350998006
27.547753581509998 0.4117389241739989 5.906609978832483 10.040796886890355 17.27585112774601 672.6893100636171 50124.6126280818 -32.238978055577306 65.10915289672151 4.439454292306389E-4 0.6357773574156065 1.5736437141900163E-7 20.59028777295195 34.61080571863491 27.547753581509998 50124.6126280818
29.1326358393698 0.38933938163374615 6.733094214492891 11.025918508559538 22.667729826700256 842.0493258484643 61253.48055605445 -42.24384278891023 98.7879817380593 4.36700111941332E-4 0.6411394991060893 9.72863576374862E-8 19.40867818958643 39.1119936112414 29.1326358393698 61253.48055605445
29.312580814139434 0.3869492930349588 6.860030532313596 11.189988779679826 23.513507628936576 870.6904161076704 62986.3366602338 -43.82620751787446 98.63480000602725 5.09094253627384E-4 0.6065776577221662 1.0680716287139612E-7 19.839774752796643 38.615823279972616 29.312580814139434 62986.3366602338
31.104225104219896 0.36466050464386984 8.09022125845679 12.733697995466086 32.506385513356 1168.484678100784 79148.3145278953 -59.91688403558591 106.2265085200011 5.843119347725849E-4 0.5767977641391724 1.0200372500579288E-7 23.17464584374181 35.85178228109395 31.104225104219896 79148.3145278953
33.17083104662607 0.3419414607706983 9.53857385954088 14.495023300985002 45.06756767763724 1568.2325060898797 99457.3748017587 -82.10717146849244 116.4954363772344 6.677951608953508E-4 0.5517002875023534 9.534133157038471E-8 26.80367945951711 33.48327664424667 33.17083104662607 99457.3748017587
35.40785823680168 0.3203379980569504 11.222287072154666 16.511570516038656 62.59748296376865 2101.7344921374442 124977.638013647 -112.93102597100327 130.53657756344657 7.607197707722225E-4 0.5301211897393363 8.725051269858658E-8 30.744735946797427 31.522422870623764 35.40785823680168 124977.638013647
36.8769047432711 0.30757685608445773 12.423199331359868 17.9416292487115 77.16839105913616 2528.1534417668827 143883.82037077256 -138.32354078459343 187.53239941231135 7.53758655227722E-4 0.5344802054593872 5.825499455260598E-8 30.05168788477391 34.93623361098814 36.8769047432711 143883.82037077256
37.643318833012266 0.3013146230112493 13.233485089693355 18.94054967448735 87.3842998960733 2842.9872393115556 157046.272683176 -156.2222732750304 194.1302550978497 8.649751749323447E-4 0.5096354207589664 6.032288677247467E-8 32.08119593277564 33.864747525477355 37.643318833012266 157046.272683176
39.96014271427262 0.28384489275135 15.715346001252886 21.944053518837084 122.72571191193605 3911.5501678876444 197343.55806105 -217.21923261120378 220.5490973325899 9.816835126401004E-4 0.4899071825531956 5.456987871908471E-8 37.79653682137891 31.564912056008 39.96014271427262 197343.55806105
42.44590868703162 0.26722204268716215 18.63307646161241 25.427998039053424 172.388336168604 5374.088847072434 247980.924620613 -302.79751089789914 256.6937210121601 0.001111312745728054 0.47247826182320973 4.819112294264226E-8 44.154135876362886 29.709398306290932 42.44590868703162 247980.924620613
44.98511748591427 0.2521385528583515 22.057183300505258 29.49367611448425 242.2884200711974 7378.822578389976 311611.585297709 -423.3167958938021 305.9833540469336 0.0012550568677240645 0.45705976358231826 4.167443640817784E-8 51.3047315619588 28.228008461249395 44.98511748591427 311611.585297709
46.6798167849445 0.24298472453987024 24.65611146034296 32.570163720086704 303.9623658412828 9108.621093606387 361533.7816843727 -529.6382015409433 407.6661216757412 0.0012462767483398126 0.4608044036470444 3.017847908613058E-8 53.56621008765675 29.69654185749539 46.6798167849445 361533.7816843727
47.48517698620981 0.23886364425587644 26.141663692543805 34.34557224242226 341.2326402360082 10183.852266631287 391569.554151416 -594.0252692224215 430.3210703789588 0.001415436611383296 0.443048245654156 3.068956787745861E-8 56.81461518718896 29.019064546217688 47.48517698620981 391569.554151416
50.02795135500838 0.22672290421354294 31.106898688287085 40.22736333170452 481.75089845035615 14193.398442644879 492044.336515462 -836.5841182577943 522.3008738933266 0.0015954079412907516 0.430425232864606 2.6280643873237553E-8 66.94261412117004 27.51580146438791 50.02795135500838 492044.336515462
52.561017951205315 0.21579647550949396 36.97158775201519 47.14539860814255 679.8449472114111 19770.403203367587 618300.443765655 -1180.179741706916 647.2135307562799 0.001795166494186711 0.41969392961036217 2.2147569118005807E-8 78.56359057406104 26.31642664158816 52.561017951205315 618300.443765655
54.992846870205035 0.2062537778746398 43.900093862805114 55.30746810391969 959.210510238815 27539.581715235996 776953.234475013 -1667.6360780747948 816.913780712997 0.002016779968088716 0.41069467388434666 1.8437208396619917E-8 92.04328315577078 25.353215205700863 54.992846870205035 776953.234475013
57.25498512342786 0.19810471347795675 52.09006357248338 64.9586853146461 1353.2350092300876 38379.580898751636 976315.535024893 -2359.9498964139984 1048.0338120476392 0.0022623839531411205 0.40336711520057256 1.520821349070497E-8 107.81643368649388 24.574732499703142 57.25498512342786 976315.535024893
59.0886168523559 0.1919571488938841 60.57080950324764 74.95989775830985 1834.4119311524385 51499.19938316544 1193212.6404786545 -3211.8952872527493 1409.0125813474713 0.0022485238499149393 0.40578590704053913 1.0959122039251073E-8 121.55646137033418 24.820817745975198 59.0886168523559 1193212.6404786545
59.31813259814716 0.19121442173342526 61.799828669475794 76.41064619614995 1909.141165011597 53561.071634274485 1226833.20132519 -3344.3406445050814 1445.091226622648 0.0025343815574620297 0.39762628190498384 1.1756129108869175E-8 124.113775882975 24.668678837277184 59.31813259814716 1226833.20132519
61.31533320515102 0.18498606841312057 73.49513688475622 90.17654059195887 2695.2928380767235 75172.72403662348 1541632.44348605 -4747.793784333377 1880.8282485211353 0.0028368702997694293 0.3930912095338736 9.669735191958186E-9 146.5434947055255 23.93781938726443 61.31533320515102 1541632.44348605
63.095864832736204 0.17976586030050734 87.33491065797544 106.47558597106449 3801.8528581234673 105474.14987593514 1937207.59125328 -6743.053702435644 2479.335655314941 0.003168879091802238 0.3900132239360328 7.900394503833969E-9 172.96383583473133 23.350558341596397 63.095864832736204 1937207.59125328
64.6283162459827 0.17550329456039943 103.70051322528826 125.77432091738655 5357.164863875164 147938.4286799279 2434285.33660291 -9579.095131239163 3304.54705755989 0.003531225607425666 0.38830840354040574 6.420479629982188E-9 204.1761792923334 22.88029576708716 64.6283162459827 2434285.33660291
65.89709816057703 0.17212415629322805 123.03167842561085 148.61126745134 7538.901270685243 207384.74244738283 3058910.73664765 -13608.162850285897 4446.847481970019 0.0039227469755055335 0.3879859234796463 5.193830121657893E-9 241.09164901401348 22.50879743958353 65.89709816057703 3058910.73664765
66.89588333223665 0.16955426639228618 145.82527736222775 175.59880370354549 10590.740120232555 290444.04651769274 3843811.87943873 -19327.54087190107 6033.110508457344 0.00434079149951324 0.38900825153840823 4.183955592257574E-9 284.7479083138568 22.222259731455726 66.89588333223665 3843811.87943873
67.62676963733082 0.16772178360564718 172.6355614950599 207.42530333541873 14843.852783726043 406162.7682124403 4830114.71616438 -27437.034158012913 8241.110705678051 0.004779821432876207 0.39137159495481116 3.3565767614751257E-9 336.3084406590674 22.010568932846986 67.62676963733082 4830114.71616438
68.09683991843035 0.16656400556395742 204.0658065985258 244.84880418034993 20742.400738170065 566730.1821159644 6069497.91068187 -38917.74669971177 11318.878244315149 0.00523043889377667 0.39511339418062674 2.681202020996839E-9 397.0526058060521 21.866642843755596 68.09683991843035 6069497.91068187
68.31536959014525 0.16603119460686555 240.75099703199228 288.68105794257116 28871.901186436076 788305.3925496271 7626900.61262685 -55138.7513630572 15610.43383028196 0.005678295611536151 0.400328993185677 2.131580052723367E-9 468.3486633762111 21.78603826365417 68.31536959014525 7626900.61262685
68.29142620888956 0.1660894061337511 283.3274801482895 339.75762177897514 39986.91114074177 1091857.6518962053 9583925.03151089 -77999.59979366974 21589.229577557984 0.0061032450427898535 0.4071880831811145 1.6855923018395658E-9 551.6031535931968 21.7667281215426 68.29142620888956 9583925.03151089
68.03203269649899 0.1667226742093956 332.38613318457664 398.8901688513033 55031.325361957824 1503849.3927090412 1.20431120942569E7 -110117.54547647874 29900.214086503256 0.0064793587164346245 0.4159439327167312 1.3248877147068474E-9 648.1817857459758 21.80889229455927 68.03203269649899 1.20431120942569E7
67.54129838724016 0.16793402990316458 388.40841061491477 466.80001895728543 75141.15431957929 2056494.751663493 1.51333142149977E7 -155068.47906307637 41409.88703327123 0.006776905876651729 0.4269146942294075 1.0344252340714483E-9 759.3055977834933 21.91441352308053 67.54129838724016 1.51333142149977E7
66.82144286209174 0.16974315335378695 451.6932457926836 544.0403745145603 101619.08551368162 2787294.40092004 1.90164466906412E7 -217689.24889042595 57258.28038230603 0.006968213637858908 0.44036485979759893 8.020103320071286E-10 885.9527327833086 22.085306262297863 66.82144286209174 1.90164466906412E7
65.87785495665238 0.17217443449736944 522.3039350795566 630.9347727892766 135881.3114156847 3737798.42052204 2.3895971470652E7 -304445.1536186383 78925.364029269 0.007029859576833154 0.45674614286520093 6.175405711071697E-10 1028.7100909416986 22.32480486625937 65.87785495665238 2.3895971470652E7
64.71541372937251 0.17526709279018818 600.0147023809373 727.5260840638358 179363.33987346585 4951292.415725462 3.00275578195801E7 -423878.0626664227 108267.49774573967 0.00695525549540411 0.476370845143086 4.728816159366546E-10 1187.8464780201068 22.63280852908114 64.71541372937251 3.00275578195801E7
63.345259019039 0.17905811103641178 684.3705360759863 833.6406574891449 233454.20331620003 6471102.905189577 3.77324784520953E7 -587140.9299076427 147532.57173234597 0.006762248377323231 0.4991167485106395 3.6115300478106735E-10 1363.5468485788547 23.002837166448284 63.345259019039 3.77324784520953E7
61.79326776820442 0.18355531003164713 774.8762786975597 949.0860657414472 299536.1497317113 8341536.955515114 4.7414443049027E7 -808647.7985248867 199346.1361236535 0.006491282628835955 0.5241644334306503 2.762161598588437E-10 1556.3463768185945 23.419641353498598 61.79326776820442 4.7414443049027E7
60.105202395098125 0.18871049378558263 871.2805588318195 1073.9453082504767 379193.8219084856 1.0613247781024652E7 5.95807511691449E7 -1106898.160840986 266698.2665384099 0.006192836644938817 0.5499611622434128 2.124659740108078E-10 1767.623093112623 23.859550889181463 60.105202395098125 5.95807511691449E7
59.0886168523559 0.1919571488938841 925.691883610836 1145.5975166956462 428452.73214070196 1.2028365999723947E7 6.746884301549585E7 -1312583.025805101 308338.7927771096 0.006192595045342558 0.5500095805755723 1.8694374718514104E-10 1896.762187550062 23.992893920397364 59.0886168523559 6.746884301549585E7
58.43454977448996 0.19410575535935753 974.7115837344813 1209.4782785911525 474591.59335840715 1.3371567328459326E7 7.48688728919363E7 -1505874.6547529064 354852.25783348805 0.005910246860472533 0.5746321228190092 1.6378655410337392E-10 1996.1868731687257 24.354354834912527 58.43454977448996 7.48688728919363E7
56.86928301238618 0.19944831062123553 1086.719764468299 1357.4635827845213 588850.0689790468 1.6732231633191152E7 9.40798499199147E7 -2036389.8505987732 464216.53598406323 0.005669649745737989 0.5965746622381376 1.281216948135596E-10 2252.5764003600557 24.730229363191448 56.86928301238618 9.40798499199147E7
55.341053300448536 0.2049560271555117 1207.7364109930813 1519.0812737968097 726374.979233834 2.080948271894164E7 1.1822026723614E8 -2737282.027726786 601702.6037198858 0.005479757320673387 0.6148295847308308 1.0117815854418853E-10 2537.61922131783 25.065344595937084 55.341053300448536 1.1822026723614E8
53.90029145792418 0.2104345285760756 1339.7246424237387 1696.7872721278477 893178.2512373425 2.578404547372801E7 1.48554994478436E8 -3658951.962893967 773925.6481100913 0.005337140328523683 0.6292426156509942 8.050751031503859E-11 2855.954362217693 25.35358227342411 53.90029145792418 1.48554994478436E8
52.581244365409255 0.21571346513288378 1484.9734073328873 1893.4067350582404 1097111.240120036 3.189118882654635E7 1.86673460485476E8 -4866416.803696529 989401.8387429339 0.005233574438325778 0.6401655719133176 6.440018973120858E-11 3212.512624192152 25.594971503193978 52.581244365409255 1.86673460485476E8
51.4026118796188 0.22065965149056285 1646.0065226940521 2112.0509490393983 1348202.8236815927 3.943156891789331E7 2.34572933558831E8 -6443600.727262326 1258972.2779504186 0.005160577839363653 0.648124161398801 5.168388966331011E-11 3612.534495753692 25.792708180741013 51.4026118796188 2.34572933558831E8
50.3711015603953 0.22517836758963145 1825.557429950316 2356.1002346711025 1659150.6819171873 4.8786243307282746E7 2.94763171022251E8 -8498807.13325878 1596473.185037659 0.0051098275335044185 0.6537997476079177 4.1543962142706045E-11 4061.4991434553776 25.952568854208778 50.3711015603953 2.94763171022251E8
49.48338706801307 0.2292179879981039 2026.5366934178217 2629.195624524819 2045898.6508161763 6.0434577109128006E7 3.70397921332649E8 -1.117175937099238E7 2019390.7732176885 0.005074793117325921 0.6577926727944644 3.340623926279582E-11 4565.315237100512 26.080699674289875 49.48338706801307 3.70397921332649E8
48.729699980223195 0.232763231205295 2252.0526242457336 2935.27723884194 2528432.48792707 7.497833229612806E7 4.65440168972773E8 -1.464260468500877E7 2549747.344122833 0.0050506769724313096 0.6605787715726041 2.68524131469521E-11 5130.464883208015 26.182835745527502 48.729699980223195 4.65440168972773E8
48.096769037888734 0.23582628625482496 2505.4510927236906 3278.6407693148813 3131803.302308943 9.317252807261293E7 5.8486978035397E8 -1.9143453840947516E7 3215229.2108817166 0.005034089800874277 0.6625122265536426 2.1566864714445655E-11 5764.14970757758 26.263963990538652 48.096769037888734 5.8486978035397E8
47.56996152827703 0.23843791457176258 2790.3669870191366 3664.0046037088 3887427.653008657 1.1596460438507287E8 7.34944430615593E8 -2.4973172257359963E7 4050625.515651073 0.005022669388642046 0.6638497447879758 1.7304118898657952E-11 6474.4272193821635 26.328273569963045 47.56996152827703 7.34944430615593E8
47.134667194239405 0.2406399174586212 3110.781489956663 4096.582848476437 4834724.660793663 1.4454376520339915E8 9.23527482931282E8 -3.2516338378781743E7 5099639.244174843 0.00501479155231096 0.6647725829550134 1.3869029939856441E-11 7270.349257717386 26.37919229599986 47.134667194239405 9.23527482931282E8
46.77714623760501 0.242479144953544 3471.0848695806008 4582.16410341301 6023176.406187759 1.8040309588707218E8 1.16049999999999E9 -4.226753451459004E7 6414736.7434697375 0.005014776132720305 0.6647752872084656 1.1109994798694654E-11 8163.308327481908 26.41412310726236 46.77714623760501 1.16049999999999E9
