#rho T p e s c^2 cv gamma alpha
1.0E-10 293.0 2.094656959851371E-12 2.5208297189669993 1.8079271203690794 0.03230315313590757 1.3395818173837518E-4 0.5414162371069123 2.2452029491156764E7
1.778279410038922E-10 293.0 3.726112739632404E-12 2.520839974061807 1.8197724108225224 0.03231627193648509 1.339831874577142E-4 0.5414408354273744 1.262350796969177E7
3.162277660168379E-10 293.0 6.62852407482237E-12 2.5208514688837123 1.8316219408336207 0.03233099318278348 1.340114478698605E-4 0.5414694164785975 7097359.190351489
5.623413251903491E-10 293.0 1.1792263733106093E-11 2.5208643022256574 1.8434762474754431 0.03234746609993112 1.3404328369672936E-4 0.5415030187682197 3990301.1560595213
1.0E-9 293.0 2.097967358742179E-11 2.520878553017607 1.8553359302691996 0.03236583646772735 1.3407896588581806E-4 0.5415431988740954 2243401.0676639583
1.778279410038922E-9 293.0 3.73269943631672E-11 2.5208942601391406 1.8672016597420047 0.032386240197421784 1.341186304322705E-4 0.5415924178318625 1261249.923969933
3.162277660168379E-9 293.0 6.641578424130951E-11 2.5209113893586745 1.8790741906637158 0.03240879537376324 1.3416213047515697E-4 0.5416546859304231 709070.7361499922
5.623413251903491E-9 293.0 1.18180073059985E-10 2.520929778741933 1.8909543843084897 0.03243359526683525 1.3420876191164605E-4 0.5417367236884716 398633.7397520518
1.0E-8 293.0 2.1030113398779346E-10 2.520949048919658 1.9028432491643508 0.03246070616580054 1.3425676933399343E-4 0.5418500159016016 224107.9791269782
1.778279410038922E-8 293.0 3.742498857532933E-10 2.5209684536684898 1.9147420164023283 0.03249017911187928 1.3430245908260956E-4 0.5420144607546372 125991.93115322015
3.162277660168379E-8 293.0 6.660403128096154E-10 2.5209866299137893 1.9266522817542993 0.032522093983216385 1.3433861172393294E-4 0.5422648680030137 70832.70445929025
5.623413251903491E-8 293.0 1.1853617643335621E-9 2.5210011760411617 1.9385762715516048 0.03255667200198373 1.343516506251913E-4 0.5426625458069891 39822.896974264906
1.0E-7 293.0 2.10960341121754E-9 2.521007935003772 1.9505173384203576 0.03259452731773222 1.343165942339971E-4 0.5433160684942382 22389.14625187715
1.778279410038923E-7 293.0 3.754318952073807E-9 2.520999767218931 1.9624808786984513 0.03263719498243783 1.3418806100623314E-4 0.5444187887957845 12587.345599902055
3.162277660168379E-7 293.0 6.680558792066663E-9 2.52096443635351 1.9744760183674 0.032688204145550535 1.338842692104298E-4 0.5463173737109857 7075.9295903494885
5.623413251903491E-7 293.0 1.1885078542998467E-8 2.520880946449564 1.9865186926600364 0.032755249476780386 1.332585510310552E-4 0.5496399332725497 3976.4218670641308
1.0E-6 293.0 2.1136576653387623E-8 2.52071316562406 1.9986372424574927 0.03284868065560891 1.320486928296448E-4 0.5555443982762744 2233.2376867832463
1.258925411794167E-6 293.0 2.6601553206171322E-8 2.5206228582308494 2.00350751844293 0.03286154853662632 1.317103462493447E-4 0.5571715233598151 1773.8658726856331
1.584893192461113E-6 293.0 3.347566313835139E-8 2.5205190863215803 2.0083659370602516 0.03289751479682665 1.3105926053597457E-4 0.5601542022205951 1408.0310132367426
1.995262314968879E-6 293.0 4.212053891626398E-8 2.520420300004292 2.013231098390878 0.03289774075558772 1.3074560843195232E-4 0.5617315477041094 1118.8963360865116
2.51188643150958E-6 293.0 5.299001716120771E-8 2.5203146639200242 2.0180913885597227 0.03290731422774015 1.3023892753477625E-4 0.5641786838821654 888.9248486100881
3.162277660168379E-6 293.0 6.66518534920836E-8 2.5202032031620885 2.0229479836798565 0.03289067618100869 1.2993220245761722E-4 0.5657886336952361 706.8027274202411
3.981071705534972E-6 293.0 8.38182430524256E-8 2.5200833298540206 2.027798485961705 0.032880101812257215 1.294472725848304E-4 0.5682140726595816 561.9164371324126
5.011872336272722E-6 293.0 1.0537930847048669E-7 2.5199542108716293 2.0326422829467448 0.03285712042589332 1.2896957067833035E-4 0.5706499890706963 446.9177132129541
6.309573444801932E-6 293.0 1.3244762779193617E-7 2.5198144467689962 2.0374781790689878 0.03280288555497755 1.2867829756091419E-4 0.5723002977119401 355.8092461151501
7.943282347242815E-6 293.0 1.664114951657008E-7 2.519661728088634 2.042304101485735 0.03274892851967003 1.2820948635339734E-4 0.5747804611303188 283.2859668853277
1.0E-5 293.0 2.0900055926300034E-7 2.5195046042728824 2.0471288320949097 0.03265140295558124 1.2800278322373709E-4 0.5761258563699898 225.85771644434658
1.258925411794167E-5 293.0 2.6236596785239686E-7 2.5193204119321417 2.0519299609349884 0.03256370464882532 1.2745708939124352E-4 0.5790425857112758 180.02826446716006
1.584893192461113E-5 293.0 3.2917692799620975E-7 2.519126494415966 2.056725096891259 0.032415606125831324 1.2727934562505803E-4 0.5803345886161294 143.77462479845093
1.995262314968879E-5 293.0 4.1273733111449824E-7 2.518900091492916 2.0614917592095847 0.032278778626619896 1.266698734864852E-4 0.5836479219073244 114.79082758162166
2.511886431509581E-5 293.0 5.17123892852347E-7 2.5186573914378525 2.0662464457626397 0.03207519481391651 1.2639687205884064E-4 0.5854685880640866 91.84819432363135
3.162277660168379E-5 293.0 6.4734594179798E-7 2.5183841584659548 2.070975227843892 0.031820343162376065 1.2624114637868427E-4 0.5867883928630118 73.61691015235292
3.981071705534973E-5 293.0 8.095348825691504E-7 2.518076196057715 2.0756742372100447 0.0315290174730566 1.259860672924166E-4 0.5886143152059337 59.08032861548864
5.011872336272725E-5 293.0 1.0111572455923424E-6 2.5177273422869213 2.08033750255793 0.03119063108487275 1.256638815059672E-4 0.5908080682476025 47.493341412515086
6.309573444801932E-5 293.0 1.2612364064502251E-6 2.5173327582200464 2.0849609511073948 0.03078169644453119 1.254262656578371E-4 0.5926595744369731 38.27377028164009
7.943282347242815E-5 293.0 1.5705771625997684E-6 2.5168850981118234 2.0895371063538084 0.03031639710571296 1.250456420719393E-4 0.5952369432589778 30.908707985694363
1.0E-4 293.0 1.9520394061976358E-6 2.516385675968038 2.0940680828253657 0.02974616871199993 1.249003742749275E-4 0.5967630537995736 25.057320656877348
1.258925411794167E-4 293.0 2.420619798407158E-6 2.5158051850920544 2.098524727487367 0.02909580321208481 1.2461490573184065E-4 0.5990142318873807 20.378714424629983
1.584893192461114E-4 293.0 2.9936110915245727E-6 2.51515422030121 2.102918411687083 0.028318517461512045 1.2450725522941138E-4 0.6004824904185412 16.65806276525083
1.99526231496888E-4 293.0 3.690268427959194E-6 2.5144006740646883 2.107217009913036 0.02744068105150715 1.2417181086342427E-4 0.6031006304432893 13.677852347975929
2.51188643150958E-4 293.0 4.531654959470475E-6 2.5135497951482653 2.1114266378032407 0.02639090567898314 1.2408576934535282E-4 0.6046084951030509 11.317276541962698
3.162277660168379E-4 293.0 5.538672513872432E-6 2.5125772472341468 2.1155234798731612 0.025187436659859157 1.2394004173856335E-4 0.6064290900761812 9.436429350107844
3.981071705534973E-4 293.0 6.731323014757478E-6 2.5114632269072095 2.119488250250095 0.02378461455919597 1.238804031583229E-4 0.6079401181168095 7.953665013084423
5.011872336272726E-4 293.0 8.1234573176953E-6 2.510188576168426 2.123301967737065 0.02216148317550618 1.2384725683383044E-4 0.6093866978608672 6.79486040507263
6.309573444801936E-4 293.0 9.717590033061013E-6 2.5087280338893025 2.126940644574653 0.02030579145363928 1.2363596287317665E-4 0.6117775187262058 5.90362016693418
7.943282347242811E-4 293.0 1.1495652879397162E-5 2.507066331354357 2.1303892097915558 0.01813365843273811 1.2378590663861605E-4 0.6124921611072645 5.263641539845944
9.999999999999998E-4 293.0 1.3402141301180181E-5 2.5051517225887903 2.1335969330899527 0.01565569497860196 1.2361915000887538E-4 0.6148464423939748 4.854897511647322
0.001258925411794167 293.0 1.5322186141597057E-5 2.5029689028610314 2.136549008097373 0.01278185182026717 1.2380316195535404E-4 0.6155398314499344 4.7358083572900185
0.001584893192461114 293.0 1.7046624773015718E-5 2.500458112674643 2.1391861919568558 0.009493713999112153 1.236157331379999E-4 0.6182160437124667 5.078996062012473
0.00199526231496888 293.0 1.821386719996034E-5 2.4975907305441174 2.141481665297814 0.005694755296957718 1.237413822704047E-4 0.6194042556596301 6.745498976256532
0.002511886431509582 293.0 1.823478417380345E-5 2.494306171182078 2.1433743579458486 0.0013310625888483148 1.2383304812753232E-4 0.6208773977714651 22.99555713606168
0.003162277660168378 293.0 1.616905463682307E-5 2.4905421880404366 2.144803894618719 -0.003685084426212568 1.2391341350353823E-4 0.6225317696861045 -6.619609925286283
0.003981071705534972 293.0 1.0545450937136506E-5 2.4862307582151213 2.145703036803546 -0.009445719974621942 1.240490493204256E-4 0.6240120314757743 -2.058502208040783
0.005011872336272722 293.0 -8.950588035496463E-7 2.4812919135298666 2.1459927328040753 -0.0160632316477201 1.2419001087172422E-4 0.6256089833963019 -0.9650653415633778
0.006309573444801933 293.0 -2.1595345267037016E-5 2.47564391172449 2.145592451107184 -0.023656669034732195 1.2443068432400125E-4 0.6268216258347202 -0.5225379861354367
0.007943282347242817 293.0 -5.6738530506597945E-5 2.469165524577156 2.14438202894299 -0.032372232522953584 1.246534374455722E-4 0.6282747506521495 -0.3045658561303667
0.01000000000000001 293.0 -1.1408905846873124E-4 2.4617550024341996 2.142260959638941 -0.04236651116782686 1.2492969774717826E-4 0.6295921431452255 -0.1856531349384784
0.01258925411794166 293.0 -2.0518821973079622E-4 2.453259684125333 2.1390778806957362 -0.05383373136332231 1.2520694612298103E-4 0.6310747684692938 -0.1165882427617303
0.01584893192461113 293.0 -3.471408184271412E-4 2.443541568961323 2.1346961393300603 -0.0669846514112883 1.2547412291279456E-4 0.6327489897873079 -0.07478428182995613
0.0199526231496888 293.0 -5.651514005988776E-4 2.432414816669099 2.128931308714373 -0.08204982681398183 1.258728549321099E-4 0.6339357993407341 -0.048741589934180464
0.02511886431509581 293.0 -8.962754626284973E-4 2.419676851208106 2.121582306393063 -0.09929734261957422 1.2639929547740965E-4 0.6346551922985697 -0.032162134563402923
0.0316227766016838 293.0 -0.0013948131951124845 2.40509426308671 2.112417341717541 -0.11907489096983384 1.268675816606275E-4 0.6358531173447516 -0.02142334460765087
0.03981071705534975 293.0 -0.0021401513174848855 2.3884128685829804 2.101183948295805 -0.1416880197665498 1.2753823351413802E-4 0.6362343845712661 -0.014385481510539432
0.0501187233627272 293.0 -0.0032481096762433347 2.369308245970835 2.087559564567815 -0.16771396156579088 1.2782959489892988E-4 0.6387167518544973 -0.009713382741382648
0.06309573444801932 293.0 -0.004887363242900227 2.3474447635637623 2.0712105932517337 -0.19737870831856227 1.2858362655951376E-4 0.6391113460735605 -0.006598753349403974
0.07943282347242815 293.0 -0.007303185304714969 2.322434804845602 2.051751681119459 -0.23141207318561088 1.2921255744094903E-4 0.6403688879275504 -0.004501413747373746
0.1 293.0 -0.010851753336788 2.293805663109051 2.028712696746747 -0.26455901997226416 1.2980291455254355E-4 0.6420759645159305 -0.0031502736730367707
0.1157486487082693 293.0 -0.01392088968472421 2.2735250651543315 2.0120044009946345 -0.2915759851593843 1.3042587677676435E-4 0.6420836457446443 -0.002481348086799757
0.1339774967779033 293.0 -0.017828310645356504 2.2514193221286263 1.9934888383143523 -0.321153445308255 1.3084366699135246E-4 0.6432297328196197 -0.0019560248753052495
0.155077142093588 293.0 -0.02279852672519233 2.227351741132819 1.973030342671393 -0.3533318205635889 1.3136186177684005E-4 0.6440206370925948 -0.0015439688683504317
0.1794996964287307 293.0 -0.029115462048898623 2.201129014151497 1.9504368060252648 -0.3882731298773431 1.3205591040830987E-4 0.6441075927787219 -0.00122043655488718
0.2077684730517013 293.0 -0.03713804713822419 2.1725756346879574 1.9255341457522974 -0.42660255460482815 1.3246406465829963E-4 0.6457668016347837 -9.650963917862075E-4
0.2404891999991488 293.0 -0.04731987034400628 2.141462205540905 1.8980946804291814 -0.46829863867660604 1.3298504957154765E-4 0.6470781116085756 -7.640839126536471E-4
0.2783629992883419 293.0 -0.06023393750933396 2.1075871569003533 1.8679189456274137 -0.5136223558380982 1.3364578875089183E-4 0.6479507971965667 -6.056781145431922E-4
0.3222014101800649 293.0 -0.0766038438955346 2.070693738818164 1.8347528135590812 -0.562912254193188 1.3442041956506542E-4 0.6485658995845388 -4.8067464833517434E-4
0.372943778402413 293.0 -0.09734300018597664 2.0305045049479924 1.7983221417444142 -0.6167015669520468 1.3516072990344774E-4 0.6497083617025805 -3.818128724954371E-4
0.4316773839423552 293.0 -0.12360394298881563 1.9867385260225585 1.7583502089684562 -0.6754933936704584 1.3581768533922465E-4 0.6517014243688283 -3.0354605494330313E-4
0.4996607386924834 293.0 -0.15684026215800773 1.9390677507267557 1.7145143752426186 -0.7398696832069995 1.3634243967965555E-4 0.654901233253534 -2.415329642626736E-4
0.578350553162306 293.0 -0.19888426446411142 1.8871670588683025 1.6664965242731913 -0.8092651637364853 1.3744102844327733E-4 0.6560934746222368 -1.9266379630164665E-4
0.6694329500821694 293.0 -0.2520441883476407 1.830647527718281 1.6139168365805978 -0.8856152817098965 1.382374815194828E-4 0.6597055828144304 -1.5382388846929424E-4
0.774859593728014 293.0 -0.31922557600794715 1.7690916641602707 1.5563696861025695 -0.9692172266775654 1.390143512580343E-4 0.6646982106251719 -1.2303821101940481E-4
0.8968895091265614 293.0 -0.4040822240777371 1.7020580731196695 1.4934291632567174 -1.060906269829679 1.3978038688083647E-4 0.6714644436379069 -9.864005329141005E-5
1.038137487220224 293.0 -0.5112027778458429 1.6290817297467453 1.4246504295526294 -1.160869379552938 1.4088645135239787E-4 0.6789105788174805 -7.936766007148953E-5
1.201630113191391 293.0 -0.6463389475511445 1.5496249794335064 1.349522071670285 -1.2709399819804208 1.4201001430577665E-4 0.689393723284475 -6.410478539133924E-5
1.390870618490681 293.0 -0.8166791259240147 1.4631101604651526 1.267500401617992 -1.3930882548597885 1.4297425101113929E-4 0.7049116242574733 -5.2014824652994316E-5
1.609913946183311 293.0 -1.031162951302083 1.368941348781037 1.1780332475078517 -1.5275812897295145 1.442920175285382E-4 0.7245184595137217 -4.250937972333004E-5
1.863453638073155 293.0 -1.300807822896138 1.2664480724175124 1.0805061656745092 -1.6772762917572333 1.4560911795822505E-4 0.7521557934597324 -3.5040732456094674E-5
2.156922405374759 293.0 -1.6389496527610268 1.1549597032668961 0.9743200123459771 -1.8421869041445404 1.4733402304248166E-4 0.7888193378465822 -2.9249091697561142E-5
2.496608537907182 293.0 -2.061110926779503 1.0337663662342083 0.8588563173769999 -2.0230115629435 1.491657847698133E-4 0.8405260759183307 -2.4823990255369105E-5
2.889790646162842 293.0 -2.5836905351447026 0.902219601040265 0.7335852668069865 -2.213700303916186 1.5130046098892107E-4 0.9128367186336168 -2.1589776511862812E-5
3.344893623431453 293.0 -3.219722208849732 0.7599162018248004 0.5982585240091123 -2.3891885691646086 1.5426841854463864E-4 1.0102352152506302 -1.9501444972595827E-5
3.871669169850972 293.0 -3.9660356865267894 0.607026373061388 0.45322938917898375 -2.47767209013539 1.579199809887521E-4 1.1407784003072952 -1.8780030951314506E-5
4.481404746557164 293.0 -4.764233708951968 0.44525002359491983 0.30044258306788857 -2.2843178924019254 1.6301148396526024E-4 1.309639041892078 -2.085446741091312E-5
5.187165437288157 293.0 -5.393790126380816 0.27996811015918927 0.14563712573179677 -1.314527506826949 1.6986088284501167E-4 1.5241684307257604 -3.796877288496924E-5
6.004073899923428 293.0 -5.172935331737979 0.12554506833869863 0.0037146156027953285 1.3562534764777223 1.8441996658932769E-4 2.001070832244744 4.5319332778246695E-5
6.949634406607252 293.0 -2.2603084085903826 0.014143556728325048 -0.08961090417266868 5.958254077400632 2.069107689682804E-4 2.219099462102197 1.1088655353705178E-5
7.287 293.0 -0.006707270121554226 -4.107737070696924E-4 -0.09774358472819994 8.982634985274618 2.053868622265527E-4 2.2407549874766506 7.030958104016529E-6
8.044107915812843 293.0 6.795678307966225 0.023426678052781022 -0.06061815304158911 14.098423994429655 2.009798753404832E-4 2.241899645997419 3.973015737267279E-6
9.310946213188283 293.0 22.256759094245048 0.2286780671227129 0.16367899028164656 22.9464898811963 1.905883065523078E-4 2.233537683034646 1.9924134112037256E-6
10.77729442371921 293.0 48.0754438673992 0.6939732395876631 0.6467154729724561 35.10247481249322 1.7247519580834993E-4 2.1971302324723188 1.0016937472034816E-6
12.47457266276664 293.0 91.0191260881419 1.513247564308563 1.4810020635985917 50.729025192973054 1.4673816241849683E-4 2.001041850199308 4.639990097892373E-7
14.43914928928355 293.0 161.99668424332663 2.8209254532220838 2.799913107328667 70.62656050415511 1.1435858817230931E-4 1.7619004486648147 1.9757886570387057E-7
16.71312018731537 293.0 277.6493145146984 4.80252427127316 4.789205549244653 95.79191128326886 8.333245483865465E-5 1.5572279312457065 8.105503275042808E-8
19.34521077380651 293.0 461.690930299039 7.701471228666868 7.693132998111568 126.4540459387206 5.693446056004677E-5 1.3862639724791121 3.226375800041882E-8
22.39182006044754 293.0 746.151632863682 11.815442581140271 11.810165033315737 162.40923930091344 3.7912073504470304E-5 1.219666750035983 1.2715065287384921E-8
25.91822914115519 293.0 1175.5514735497732 17.490417860822806 17.486964414343433 205.63345475110577 2.471695712594806E-5 1.0867097473593563 5.039755525868972E-9
30.0 293.0 1813.7137682212704 25.13518720114251 25.132816112442793 268.98009755884186 1.6664917193534042E-5 0.9531943598781119 1.968535370073549E-9
37.35090906023129 293.0 3367.3482927149967 41.37423588707428 41.37274802352605 366.47683180658913 9.803008982107485E-6 0.795053512278048 5.693876727668398E-10
46.50301358752225 293.0 6065.382027674299 65.2062378651503 65.20520423044043 491.4808959291022 6.400239862955572E-6 0.6650083616337169 1.862239856140293E-10
57.89766105114145 293.0 10677.296555438064 99.2642024922233 99.26342688106824 660.1036266171434 4.311777224524464E-6 0.5944111045806264 6.706101001451012E-11
72.08434242404263 293.0 18486.84166982345 146.98863568780172 146.98802060599866 887.7556354412272 3.0182285983181116E-6 0.5581715147125723 2.6326032928953178E-11
89.74719061823293 293.0 31638.709048751818 212.93999022299377 212.93948384770388 1164.9485768659167 2.6202988543230546E-6 0.4597791065606056 1.1523182528096399E-11
111.737971839762 293.0 53692.42728127377 303.1910848642663 303.19065834186614 1574.015611333793 1.947160546222976E-6 0.4792313511279409 5.305632480555393E-12
139.1171608253879 293.0 90482.80032100495 425.7699031155564 425.769539646115 2104.40399473584 1.5845643381452315E-6 0.4863528270314265 2.6323976771259413E-12
173.2050807568878 293.0 151434.61310500366 591.1267371934914 591.1264262211204 2828.5554886992313 1.232461608581351E-6 0.5369417573472713 1.350750849826027E-12
215.6455740040177 293.0 251556.1053340047 812.6015197974145 812.6012538017316 3638.269319529772 1.2132003549968433E-6 0.4757028673848232 7.355850682182026E-13
268.485274128848 293.0 414479.37868165865 1106.9246117217447 1106.9243845654742 4867.7100020914695 8.849712107795331E-7 0.5671502003055583 3.840449557199102E-13
334.2723019332623 293.0 677111.7734303741 1494.7861126221546 1494.7859188652237 6299.203946412617 7.45617696003008E-7 0.5803422744636348 2.0550119543001787E-13
416.1791450287817 293.0 1096773.4115909718 2001.5435941713033 2001.5434289111822 8134.682130310203 6.083893165727022E-7 0.6109193140654761 1.0978538614966214E-13
518.1556466244945 293.0 1762139.7185019637 2658.126306584943 2658.126165489144 9865.79885480972 6.59274449288892E-7 0.47421382857853367 6.115725257100689E-14
645.1194812038943 293.0 2809984.4505117014 3502.180178550413 3502.180057891805 13317.501533809207 3.9618627961146324E-7 0.6748129386252363 3.1118590672557254E-14
803.1933025143414 293.0 4450502.952368971 4579.490196175591 4579.490092812513 16278.991361341778 3.8079300459462444E-7 0.594766003071173 1.73215809033299E-14
1000.0 293.0 7005720.347043802 5945.658745015175 5945.658656327461 17817.956898930628 2.778127481643716E-7 0.6900889964604782 1.075968034226106E-14
