#rho v/v0 up us e p T s csqv cv gamma alphavol uc phi st
0.9710462 1.0 0.0 - -0.005762169779476569 1.0128709827132574E-4 293.0 NaN 6.082423252042192 0.0010670793776963966 1.2805298481612892 2.3135021213042112E-4 - - 0.9710462 293.0
1.01849997 0.9534081773217924 0.12793636470969996 2.7458973990631086 0.0024265467900846122 0.341229944464326 308.4958997443561 NaN 7.560288455101403 0.001416802055965147 1.3448649057747901 2.4745056673013653E-4 57.35562936674607 17.020438628623854 1.01849997 308.4958997443561
1.06700003 0.9100713895949939 0.2620886235133299 2.914407576554079 0.02859243370852665 0.7418184872492076 323.39573553527606 NaN 9.919726840739473 0.0014470974311332901 1.2921376736066204 1.766617046549073E-4 18.46007066730038 30.233510963045514 1.06700003 323.39573553527606
1.16400003 0.834232109083365 0.5407243855603064 3.261936811588185 0.1404465515728253 1.7128410986790956 360.43443743537557 NaN 13.675037968073505 0.0015021660381745695 1.202557729817891 1.1348601359637657E-4 12.349508385569074 37.511416687327106 1.16400003 360.43443743537557
1.3548120406344912 0.7167386846851728 1.1267452681608574 3.9777590770153366 0.62718738030008 4.352253854450051 580.242004 NaN 17.12367498481335 0.0013397263662582946 1.0261002763963178 5.925566621380597E-5 12.789022435024297 37.01631271628706 1.3548120406344912 580.242004
1.35800004 0.7150560908672728 1.1366869536750184 3.989160382949432 0.6402961672458405 4.403238970682301 588.0490465228897 NaN 17.20273441136339 0.0013440640569172258 1.0252174701249968 5.8984608100948234E-5 12.775032598629116 37.04535136836495 1.35800004 588.0490465228897
1.55200005 0.6256740777811187 1.8079004641983774 4.829749576202834 1.6285289193291161 8.478991704195037 963.992252514943 NaN 24.36087079746964 0.0013965304814864442 0.9485244105289405 3.5035989863818326E-5 12.45572413416098 38.938467840026675 1.55200005 963.992252514943
1.6167133804418399 0.6006297787518886 2.061692852895209 5.162359993822294 2.1200165510514353 10.335140885909613 1160.47998 NaN 26.771155869653498 0.0010697066214071151 0.8228257224027438 2.0336321001719183E-5 12.882347415431493 38.74237990218285 1.6167133804418399 1160.47998
1.74600005 0.5561547377962561 2.5471607848065934 5.738848652252456 3.2382981582998784 14.194631528169076 1793.7216707743924 NaN 31.63608319871541 0.0010810693109335656 0.8016834049069118 1.5690235848391E-5 13.267538839875574 38.904004403035984 1.74600005 1793.7216707743924
1.8966052704833367 0.5119917228493917 3.1860372134806307 6.5286540467783105 5.064331252980293 20.198381511117873 2901.20996 NaN 44.32883247996242 0.0010474937948026627 0.7261648914974633 9.047393105045467E-6 13.110956251580877 41.411453016791796 1.8966052704833367 2901.20996
1.94000006 0.5005392628699198 3.3658189357327006 6.738905954996222 5.658658481633796 22.025310281234265 3295.2440540212365 NaN 48.1153188747303 0.0010485346265786055 0.7235063333909534 8.127182320212898E-6 13.1178422531904 41.96907492223774 1.94000006 3295.2440540212365
2.133506816742211 0.4551408940341485 4.328195484976109 7.943696705414655 9.302411137282526 33.38648764977242 5802.43018 NaN 53.537717081655806 0.0011238502329374092 0.679864188047921 6.689239136508048E-6 15.702946709867724 38.68759920808818 2.133506816742211 5802.43018
2.3093868380214526 0.42047793120356375 5.205089126003443 8.981692684824727 13.455790299871284 45.39700727070927 8703.63965 NaN 58.578074381966196 0.0012213146022581707 0.6557554480020373 5.920217734700638E-6 17.730737959808415 36.54479734716394 2.3093868380214526 8703.63965
2.42499995 0.4004314309367305 5.810787421267027 9.691614472628974 16.876925597109363 54.68545311891973 11042.860395208547 NaN 62.185728383639336 0.001211611090109705 0.6550638747886037 5.263134032922712E-6 19.082825733658066 35.31068179565788 2.42499995 11042.860395208547
2.447241593626523 0.3967921281368156 5.9520333145550435 9.86730046504606 17.695210641135017 57.030131197239704 11604.9004 NaN 63.57760170719658 0.0013674809470736226 0.631356076709342 5.548999200716368E-6 19.38685783856163 35.14367803230975 2.447241593626523 11604.9004
2.663873548025964 0.36452413468333883 7.346893763026279 11.561247506017057 26.851106021417113 82.48004421689248 17407.3008 NaN 78.46179969536546 0.0015442436364446342 0.6060995267527299 4.4780392359410674E-6 22.053990564565883 33.97589848367487 2.663873548025964 17407.3008
2.840790564111215 0.34182252372547106 8.577580551208268 13.032321615986929 36.68597594921124 108.5492663564233 23209.6992 NaN 93.12159724069485 0.0015845912893713721 0.6323670618708067 3.7878857533433538E-6 24.207152688136667 33.298637333878865 2.840790564111215 23209.6992
2.91000009 0.33369284191327986 9.15366079699443 13.737899534621354 41.88906032406268 122.11117333626457 26310.81241372179 NaN 99.83363339155751 0.001567489120537079 0.6378877845454004 3.4417469880934267E-6 25.38441200643578 32.87213730533083 2.91000009 26310.81241372179
2.9601987379243444 0.32803412404698407 9.641093198647559 14.34759344732212 46.41663500388812 134.32150949021445 29012.0996 NaN 105.45569959882609 0.0018709956962650097 0.5675550845652965 3.401651993387724E-6 26.48691602320249 32.462227037833344 2.9601987379243444 29012.0996
3.0901421645901612 0.3142399761173408 10.779800104876335 15.719493305898613 57.92254057590811 164.5467887309848 34814.6016 NaN 118.48805654462564 0.0019976439337219087 0.5700802549215424 3.1102911443865504E-6 28.77963945920091 31.677075505686883 3.0901421645901612 34814.6016
3.2899325767894787 0.2951568694297096 12.81695775360027 18.18412806723396 81.95067057614685 226.3171792876994 46419.3984 NaN 145.8105635004876 0.002206085223915713 0.5561436680132293 2.557603965689072E-6 32.733444567507746 30.746326451698952 3.2899325767894787 46419.3984
3.39499998 0.286022446456686 14.029415472832303 19.649659016879998 98.40656155788446 267.6915439604592 53713.453966365334 NaN 162.0883138678872 0.0021950825041305313 0.5586447458426063 2.2284099357129987E-6 35.179624005177 30.172410323665623 3.39499998 53713.453966365334
3.445790540115 0.28180650817144337 14.707798752960233 20.47888058065444 108.06724300607294 292.47849258509734 58024.1992 NaN 174.02567490360903 0.002581787227562449 0.5298544316641369 2.2812601702603117E-6 36.405106672323065 30.08191703424026 3.445790540115 58024.1992
3.7792290804315756 0.2569429318344232 19.896640302802883 26.776732441187512 197.65000907189324 517.3414855877055 92838.7969 NaN 279.76707229164515 0.002954307495115423 0.5123531153771975 1.4316117748392846E-6 45.48723800998116 29.655618407107927 3.7792290804315756 92838.7969
3.88000011 0.2502696320799847 21.808188668350983 29.08804231693811 237.79286252968285 615.9905555146654 106506.17069856015 NaN 321.06261937032315 0.0029437884060741393 0.5143098219274322 1.2153739577538542E-6 48.99304254566295 29.373773546387323 3.88000011 106506.17069856015
3.9382382905952427 0.24656867572460475 23.073166073714972 30.624113081448204 265.87064179838893 686.1367308133248 116048.0 NaN 342.6799325152894 0.003377994040643517 0.49650605706253204 1.2427757401597283E-6 51.721461429263464 28.89448357271621 3.9382382905952427 116048.0
4.219323546105257 0.2301426257998978 30.389720585669274 39.47448138331444 459.64281286825786 1164.8850478374661 174073.0 NaN 491.16958811662 0.003873262649272966 0.4837032635421337 9.040275539654699E-7 66.89668590704092 27.116850944128302 4.219323546105257 174073.0
4.403923502363112 0.2204957010445218 37.00873188049433 47.4772646284124 681.4565257143358 1706.1995077738727 232097.0 NaN 648.2389399605778 0.004274616828733552 0.47702087810297406 7.142655376122799E-7 80.62942320779226 26.05125574094678 4.403923502363112 232097.0
4.53189891494742 0.21426916580094688 43.13457210106661 54.89739007765491 926.292386531725 2299.413644733486 290121.0 NaN 815.0418383328182 0.004625335749303267 0.47224984706272877 5.913641216702356E-7 93.36655514949885 25.35385356868086 4.53189891494742 290121.0
4.626025072336774 0.209909411387926 48.89676602010221 61.887543941002434 1191.334562396354 2938.483740870382 348146.0 NaN 989.6827200259303 0.005070625857760787 0.46833410347637894 5.186965754906421E-7 105.41948884744727 24.842467515391384 4.626025072336774 348146.0
4.752367761372781 0.20432892586568283 59.5900647740687 74.89283789649151 1772.408806724236 4333.652144423882 464194.0 NaN 1367.3549297755894 0.005556827424400641 0.46664325152842834 3.9904382713757966E-7 127.76797797236013 24.20290489739851 4.752367761372781 464194.0
4.83135204326446 0.20098849996943735 69.44870468631541 86.91827925337617 2410.692276347831 5861.58639359405 580242.0 NaN 1774.1193349971707 0.00629235968102241 0.4671555261360845 3.4294424326516616E-7 148.51588258858197 23.79510870963782 4.83135204326446 580242.0
4.8499999 0.20021571546836525 72.43754461254564 90.57135281792404 2623.593256000739 6370.807393161598 614347.0528487931 NaN 1909.2524619390006 0.00628802327184572 0.46737622565454306 3.173771591756298E-7 154.82516258121206 23.698101377254098 4.8499999 614347.0528487931
4.956800188907183 0.19590182436102693 95.80747800117628 119.14898068888577 4584.639427631916 11084.845300246518 928388.0 NaN 3183.51049193723 0.006937839240313623 0.4718604060170231 2.0745794485174845E-7 203.21861430341096 23.322092193277122 4.956800188907183 928388.0
4.988890381035658 0.19464171906667907 111.33321787908342 138.24060733573208 6189.314743640616 14945.150433152363 1160480.0 NaN 4250.430837771376 0.007493388122507603 0.4806585527888387 1.6985486357428107E-7 235.39114529841686 23.24679602369415 4.988890381035658 1160480.0
4.99988719801654 0.19421362153634486 145.25205726283906 180.2612468329168 10534.26955905945 25425.210526305542 1740730.0 NaN 7216.891616400441 0.008002584350745606 0.5014831617739673 1.1121829331642554E-7 306.62104585065083 23.238410366157407 4.99988719801654 1740730.0
4.929117006779223 0.19700205912427707 199.34221132545483 248.2474750907316 19852.69274652342 48053.38718572803 2901210.0 NaN 14033.246649306599 0.008038356393065318 0.5340281664253966 6.205890883082052E-8 422.7899855307648 23.491227872940133 4.929117006779223 2901210.0
4.8499999 0.20021571546836525 227.74947338952904 284.76362663577765 25934.90563585737 62976.97418407052 3652924.217318503 NaN 18973.866473128444 0.008044152280939607 0.5339146595834809 4.667180091451132E-8 485.8692169445746 23.765742507867536 4.8499999 3652924.217318503
4.79678511500668 0.2024368773498097 260.61239971136735 326.7608447659778 33927.40095141021 82692.28237503143 4641940.0 NaN 25610.100813625588 0.00770245150650853 0.5703660401365589 3.576194086377549E-8 556.9909703250052 24.034711474123455 4.79678511500668 4641940.0
4.653609132797844 0.2086651827194149 322.68320577714513 407.77076748125785 51908.842147491756 127771.01503059297 6962910.0 NaN 42701.60270806941 0.007230094962787744 0.6080143706261346 2.2121968363915756E-8 693.2045753056176 24.787985840013807 4.653609132797844 6962910.0
4.457952383152233 0.2178233674432767 414.6999016854914 530.1870248027609 85603.19457543152 213502.47838218324 1.16048E7 NaN 77637.78256641675 0.006884565687996011 0.6351662462483285 1.2634422935575021E-8 905.4880113306453 25.56064579317377 4.457952383152233 1.16048E7
4.316082780313681 0.22498321960577114 502.45569772566745 648.315895134661 125638.05636311843 316318.31474086776 1.74073E7 NaN 122350.95377643297 0.006687923990105579 0.6511929138070733 8.247149546016682E-9 1112.0287453994495 26.122621208878073 4.316082780313681 1.74073E7
4.1725533020025365 0.23272229968493516 639.0090637131509 832.8263201846694 203328.0561179757 516774.83063315204 2.90121E7 NaN 211439.65248132165 0.0065644358036151505 0.6617370679821868 4.9237335039830105E-9 1439.6346034254325 26.596385416208246 4.1725533020025365 2.90121E7
4.018182575053898 0.24166303592787217 970.7613375901145 1280.1187118419066 470028.1824379266 1206709.162513187 6.9629104E7 NaN 521358.9682357063 0.0065267660931046 0.6650943781429276 2.0721195634862923E-9 2239.700494827498 27.006071121828917 4.018182575053898 6.9629104E7
3.967719962754465 0.24473657645079414 1244.4402573396817 1647.6903535083025 773015.9330055732 1991083.824510715 1.16048E8 NaN 876286.793407639 0.006516532168783201 0.6660869646975229 1.2484185096569034E-9 2894.624813080353 27.14483971279066 3.967719962754465 1.16048E8
3.9274848072925606 0.24724378263588948 1749.7079735462862 2324.401888931788 1529269.9291442218 3949268.704379144 2.32096992E8 NaN 1762708.305853922 0.006511195197660634 0.6665202204938726 6.268723000287604E-10 4098.45447505823 27.244120343893087 3.9274848072925606 2.32096992E8
3.9020951428166026 0.2488525175475556 2756.0387061798183 3669.1046306665944 3796120.660860396 9819407.925627263 5.80241984E8 NaN 4421530.952531878 0.006510121529162267 0.6666360364497081 2.5154017495420924E-10 6485.106205073458 27.304854972722538 3.9020951428166026 5.80241984E8
3.8933527907227545 0.24941130490764923 3892.4755841662336 5185.896896152043 7573544.356082184 1.960151630805831E7 1.16048E9 NaN 8852943.19207365 0.006510121529162267 0.6666360970209316 1.2591181554908066E-10 9173.813712695632 27.3253997383145 3.8933527907227545 1.16048E9
