 2.25  0.89
  4  6 11 12
CBULK   PB     040  1.134E+01 0.000E+00 2.006 0.000 0.000 1.012 0.000
-       PB     0-1  1.137E+01 2.785E+00 3.288  .856 6.939 1.000 1.000
-       PB     011  1.134E+01 8.450E+00 4.464 1.620 6.042 1.000 1.000
-       PB     011  1.134E+01 8.450E+00 4.461 1.620 6.042 1.000 1.000
-       PB     011  1.134E+01 8.450E+00 5.377 2.225 6.962 1.000 1.000
-       PB     011  1.134E+01 8.450E+00 5.359 2.226 6.959 1.000 1.000
-       PB     0-1  1.134E+01 2.785E+00 2.879  .566 6.373 1.000 1.000
-       PB     0-1  1.134E+01 2.785E+00 3.229  .794 6.822 1.000 1.000
-       PB     0-1  1.134E+01 2.785E+00 3.211  .777 6.791 1.000 1.000
-       PB     0-1  1.134E+01 2.785E+00 3.679 1.092 7.418 1.000 1.000
8C1328  PB     310  1.136E+01 8.928E+00 2.911  .548 4.677 1.003 1.004
8C1329  PB     310  1.136E+01 8.928E+00 3.098  .711 4.903 1.003 1.005
8C1330  PB     310  1.136E+01 8.931E+00 3.567 1.028 5.366 1.003 1.000
8C1331  PB     310  1.136E+01 8.929E+00 3.613 1.083 5.442 1.001 1.009
8C1332  PB     310  1.136E+01 8.931E+00 4.665 1.767 6.479 1.002 1.004
8C1333  PB     310  1.136E+01 8.931E+00 5.083 2.071 6.937 1.003 1.005
8C1334  PB     310  1.136E+01 8.929E+00 5.102 2.064 6.933 1.002 1.007
8C1335  PB     310  1.136E+01 8.928E+00 5.706 2.521 7.622 1.003 1.002
8C1336  PB     310  1.136E+01 8.928E+00 5.731 2.558 7.673 1.004 1.002
8C1342  PB     310  1.136E+01 8.931E+00 4.202 1.425 5.966 1.002 1.000
8C1357  PB     310  1.136E+01 8.931E+00 2.896  .574 4.708 1.001 1.006
8C1358  PB     310  1.136E+01 8.931E+00 3.051  .697 4.880 1.005 1.003
8C1359  PB     310  1.136E+01 8.931E+00 3.497 1.011 5.333 1.003 1.000
8C1360  PB     310  1.136E+01 8.931E+00 5.510 2.335 7.351 1.003 1.005
8C1361  PB     310  1.134E+01 8.931E+00 5.299 2.266 7.221 1.002 1.010
8C1362  PB     310  1.134E+01 8.931E+00 4.945 1.964 6.775 1.002 1.003
8C1366  PB     310  1.136E+01 8.931E+00 3.626 1.092 5.455 1.004 1.004
8C1367  PB     310  1.136E+01 8.931E+00 2.596  .381 4.438 1.001 1.007
8C1369  PB     310  1.139E+01 8.933E+00 3.569 1.111 5.471 1.002 1.001
8C1370  PB     310  1.139E+01 8.933E+00 5.449 2.362 7.375 1.004 1.021
8C1371  PB     310  1.134E+01 8.933E+00 5.675 2.521 7.613 1.004 1.003
8C1372  PB     310  1.139E+01 8.933E+00 4.481 1.627 6.271 1.004 1.007
8C1378  PB     310  1.133E+01 8.924E+00 4.779 1.792 6.530 1.002 1.006
8C1379  PB     310  1.133E+01 8.924E+00 3.059  .691 4.873 1.002 1.003
8C1386  PB     310  1.133E+01 8.924E+00 2.828  .525 4.638 1.005 1.005
8C1409  PB     310  1.134E+01 8.924E+00 5.984 2.710 7.913 1.004 1.005
8C1410  PB     310  1.134E+01 8.924E+00 6.003 2.731 7.942 1.005 1.005
8C1432  PB     310  1.133E+01 8.933E+00 3.571 1.063 5.408 1.003 1.002
8C1434  PB     310  1.133E+01 8.933E+00 5.866 2.661 7.824 1.002 1.003
8C1435  PB     310  1.133E+01 8.933E+00 3.542 1.093 5.441 1.005 1.001
8C1436  PB     310  1.133E+01 8.933E+00 5.776 2.620 7.755 1.004 1.003
8C1530  PB     310  1.134E+01 8.928E+00 2.859  .587 4.720 1.005 1.000
8C1531  PB     310  1.134E+01 8.928E+00 3.495 1.071 5.407 1.004 1.002
8C1532  PB     310  1.134E+01 8.928E+00 5.306 2.211 7.155 1.004 1.000
8C2018  PB     310  1.134E+01 8.930E+00 5.561 2.411 7.454 1.004 1.002
8C2019  PB     310  1.134E+01 8.930E+00 4.910 1.946 6.746 1.005 1.007
8C2020  PB     310  1.134E+01 8.930E+00 5.284 2.168 7.097 1.002 1.004
8C2021  PB     310  1.134E+01 8.924E+00 4.321 1.554 6.148 1.003 1.000
8C2022  PB     310  1.134E+01 8.924E+00 4.660 1.753 6.460 1.006 1.004
8C2023  PB     310  1.134E+01 8.924E+00 3.611 1.131 5.500 1.006 1.001
8C2024  PB     310  1.134E+01 8.930E+00 3.094 0.723 4.917 1.005 1.006
8C2027  PB     310  1.134E+01 8.930E+00 5.732 2.502 7.602 1.007 1.011
8C2028  PB     310  1.134E+01 8.933E+00 5.763 2.527 7.639 1.003 1.006
8C2047  PB     310  1.134E+01 8.924E+00 2.929 0.582 4.722 1.005 1.005
8C2048  PB     310  1.134E+01 8.924E+00 2.614 0.404 4.468 1.004 1.003
8C2058  PB     3-1  1.134E+01 2.784E+00 3.760 1.182 7.585 1.003 1.002
8C2059  PB     3-1  1.134E+01 2.784E+00 3.260 0.880 6.969 1.005 1.001
8C2060  PB     3-1  1.134E+01 2.784E+00 2.971 0.692 6.598 1.003 1.000
8C2061  PB     3-1  1.134E+01 2.784E+00 4.657 1.743 8.738 1.005 1.007
8C2062  PB     3-1  1.134E+01 2.780E+00 5.802 2.55210.363 1.004 1.008
8C2068  PB     3-1  1.134E+01 2.784E+00 3.915 1.265 7.761 1.000 1.004
8C2069  PB     310  1.134E+01 8.928E+00 2.921 0.606 4.751 1.004 1.001
8C2071  PB     3-1  1.134E+01 2.784E+00 2.479 0.336 5.927 1.006 1.010
8C2072  PB     310  1.134E+01 8.928E+00 3.585 1.072 5.422 1.004 1.002
8C2076  PB     310  1.134E+01 8.928E+00 3.119 0.751 4.956 1.003 1.002
8C2077  PB     310  1.134E+01 8.930E+00 3.111 0.752 4.956 1.005 1.002
8C2078  PB     310  1.134E+01 8.931E+00 2.882 0.610 4.751 1.003 1.002
8C2079  PB     310  1.134E+01 8.933E+00 3.571 1.061 5.406 1.004 1.000
8C2081  PB     310  1.134E+01 8.936E+00 3.731 1.181 5.581 1.013 1.000
8C2082  PB     310  1.134E+01 8.937E+00 5.623 2.374 7.420 1.005 1.003
8C2083  PB     310  1.134E+01 8.937E+00 6.181 2.859 8.137 1.016 1.028
8C2085  PB     310  1.134E+01 8.929E+00 2.472 0.282 4.305 1.004 1.001
8C2086  PB     310  1.134E+01 8.929E+00 2.607 0.400 4.462 1.004 1.003
8C2088  PB     310  1.134E+01 8.929E+00 2.465 0.303 4.331 1.001 1.007
8C3133  PB     3-1  1.134E+01 2.783E+00 2.987  .687 6.595 1.000 1.010


8C2232  PB     3-1  5.402E+00 2.785E+00 3.116 1.836 7.565 1.000 1.005
8C2426  PB     3-1  5.463E+00 2.793E+00 2.712 1.293 6.878 1.000 1.008
