#rho v/v0 up us e p T s csqv cv gamma alphavol uc phi st
0.9674881386603765 1.0 0.0 - 0.0034090332293957126 1.0130968823851474E-4 292.9999987915715 0.0021044627144792957 9.249594835681926 0.0010899643921022733 1.285001349498824 1.565119618103909E-4 - - 0.9674881386603765 292.9999987915715
0.968 0.9994712176243561 0.001502533875504611 2.841497645746947 0.00341021740441088 0.004231948506513525 293.2032384180648 0.0021044720164680028 10.47718915926177 0.001089934552361219 1.2850058517075011 1.380973623533378E-4 23.17605113607528 28.657531304566525 0.968 293.2032384180648
1.1112316860488387 0.870644844641206 0.4242918906795131 3.2800539684920125 0.0483177805046634 1.3465548423364193 312.933102591798 0.0019801321785474467 12.401703522698993 0.0010902590129346272 1.2581016038368684 9.953124584598572E-5 17.34801194400796 32.13868854039559 1.1112316860488387 312.933102591798
1.1124851489195 0.8696638688615739 0.4388524502693852 3.3670820703070667 0.09971841781897864 1.4297123025194183 359.8933580080901 0.0021310027566447567 12.533302475770187 0.0010901948389187269 1.2579227016991825 9.835542821881402E-5 19.477237145950735 30.57957173252999 1.1124851489195 359.8933580080901
1.1140761645538038 0.8684218991866351 0.44410543740898983 3.375223039880513 0.10247715045996468 1.4503224001585033 360.577169246536 0.002131179819759477 12.582175648874756 0.001097536927061286 1.2554803963575265 9.830111651281099E-5 19.435086713368708 30.619849804160896 1.1140761645538038 360.577169246536
1.205479290064073 0.8025754956013829 0.7368946836962499 3.73253910876431 0.27816420832523037 2.6611660438070746 415.475045321244 0.002185536326019427 15.432691234570171 0.001102592526146406 1.1953087958454318 7.084247714501149E-5 15.719391725569874 34.25023735557785 1.205479290064073 415.475045321244
1.2624527534457062 0.7663559178905819 0.9148369390856559 3.91551513235943 0.41971698776272603 3.4656998192589406 478.731123341494 0.0022783897979685307 17.21712369813816 0.0010866211936827446 1.155943967536694 5.778820711595313E-5 14.144005358055775 36.201131785528894 1.2624527534457062 478.731123341494
1.2818610191887 0.7547527572628018 0.9760148871778582 3.9797180848379 0.479737244079869 3.758080751514221 510.84738821751847 0.0023314469832673187 17.869766553820497 0.001107191190915619 1.1528355107163335 5.5722442823467076E-5 13.749469952250042 36.774799629047735 1.2818610191887 510.84738821751847
1.3123249413052986 0.737232150520639 1.0833088581427621 4.122684187921742 0.5948474091832069 4.321039075628783 551.617939601174 0.0023865258590519468 18.772308557300434 0.0011136888886910474 1.13564933178731 5.133919676003922E-5 13.811174139163468 36.83240153093874 1.3123249413052986 551.617939601174
1.365397282530682 0.7085762884097699 1.2667443073266154 4.3467441287268365 0.8101392301601873 5.327297444226124 635.601774052174 0.002496784756659285 20.258137629797602 9.961678513413716E-4 1.0622345191924174 3.825554389803019E-5 13.768892709371462 37.05482695403237 1.365397282530682 635.601774052174
1.4107536659606577 0.6857952327216262 1.4212818399887428 4.523425447359746 1.015342721706877 6.220142965877056 732.372147777428 0.002605391294189489 21.583848671400812 9.880584146947733E-4 1.033436216629267 3.353406667467469E-5 13.613487752594141 37.39986770975899 1.4107536659606577 732.372147777428
1.4538307955938976 0.665475061879641 1.5672493724736198 4.685000111739764 1.2309661316367917 7.103944388944221 843.875811454382 0.0027186387611866985 22.79598241053678 9.415321085313339E-4 0.9719268157227066 2.7611914662561356E-5 13.501385842053939 37.66202203569449 1.4538307955938976 843.875811454382
1.4770243666726 0.6550251712095363 1.6453287236869498 4.769416741087262 1.35699846146652 7.592230693357313 917.2396408219261 0.0027838870991220136 23.469398597402964 9.439978222182103E-4 0.9669659090971573 2.633252677891534E-5 13.430064695818908 37.823181271440355 1.4770243666726 917.2396408219261
1.4951751575338883 0.647073444061318 1.7114018245865614 4.8491727125342825 1.4698527352991688 8.029172203375772 972.355908562227 0.0028265551537401995 23.90335287580539 9.357503266732127E-4 0.9503526811650651 2.4882493326550153E-5 13.537171344826659 37.711090805790796 1.4951751575338883 972.355908562227
1.5395932817008224 0.6284050145968234 1.8712902470469432 5.035832884064926 1.7570632698510864 9.11723058474888 1120.39710118766 0.0029349524613484237 24.947728765438033 9.347787188994227E-4 0.929341647785029 2.261763524391419E-5 13.743006083216864 37.50175520969041 1.5395932817008224 1120.39710118766
1.584736375458817 0.6105041530205721 2.0320205624581043 5.217053219479976 2.0681898895772806 10.25659730209135 1290.97756623482 0.003043064036177155 26.05250976831762 9.334860003277417E-4 0.9091201132418265 2.0555236653101204E-5 13.875381003721143 37.398299592884285 1.584736375458817 1290.97756623482
1.630201252659193 0.5934777298705941 2.1929209653668433 5.394343991705014 2.4050020375506924 11.444876505224483 1487.5289080585 0.0031512353794692512 27.17748442358606 9.336597027619441E-4 0.8898148375674717 1.8751576244904475E-5 13.978571986401395 37.3337362376856 1.630201252659193 1487.5289080585
1.6756261178708243 0.577389029892742 2.3536182655972184 5.569231354784458 2.77023806447907 12.681785524185035 1714.00519279606 0.003259816016886402 28.32244837847897 9.35603622636215E-4 0.8711470209080959 1.7174157268654586E-5 14.071696015387102 37.28655184322327 1.6756261178708243 1714.00519279606
1.70190133492423 0.5684748691400786 2.4468597096192424 5.670260048918273 2.997015439291272 13.423351845454901 1861.11731441819 0.003325510961252576 28.997682286493976 9.368607539503333E-4 0.8676546679089095 1.6471163862118595E-5 14.126009092303093 37.26190957050711 1.70190133492423 1861.11731441819
1.7218452714956356 0.5618902898400351 2.5225126740031913 5.7577191637276375 3.184540424966745 14.051821214574394 1974.96249317686 0.0033701571084019236 29.550625789456877 9.39146849905148E-4 0.8536430356665325 1.5756109961434275E-5 14.221483657103857 37.1885357848824 1.7218452714956356 1974.96249317686
1.7711644241675453 0.5462441123246364 2.7084471939457546 5.968952177835969 3.6673869774806858 15.641087096361021 2275.65054402927 0.00348196419717056 30.931171529456087 9.44969135214342E-4 0.8354821266216231 1.4411179829041447E-5 14.426650696689547 37.04683797053219 1.7711644241675453 2275.65054402927
1.8225883313941298 0.5308319613350799 2.901556435936205 6.1844716536807764 4.204248372403716 17.361282702660382 2622.11835233924 0.003593869098384859 32.39685556732701 9.530115393921067E-4 0.8187076920890749 1.3214039017449584E-5 14.61281060448671 36.93686704988075 1.8225883313941298 2622.11835233924
1.8757480657016088 0.5157878908959426 3.1014722216582356 6.405193433507725 4.80157251423573 19.219765477245797 3021.33588644085 0.0037062832671320395 33.944656705374534 9.636952073859367E-4 0.8021399348928439 1.214070508104226E-5 14.794138991346406 36.84167348844344 1.8757480657016088 3021.33588644085
1.9302398458001013 0.5012269023279562 3.3079472456845767 6.632168537405033 5.46731460408163 21.225691663098154 3481.33429238678 0.0038196878191334048 35.527498939818884 9.832712677765288E-4 0.7823280954050548 1.1217249100209372E-5 14.9950319947627 36.72200100643129 1.9302398458001013 3481.33429238678
1.961015822875 0.4933606997836277 3.4253556209045852 6.760935481005335 5.869992650359242 22.4057801985501 3763.163417317497 0.0038891979610515305 36.476720388236956 9.83027473267419E-4 0.7802126732695828 1.0722147415962917E-5 15.100989194743008 36.67544793161573 1.961015822875 3763.163417317497
2.020726359293364 0.4787823617041851 3.683630258304169 7.06735533806617 6.777911542501181 25.187226957698513 4405.76430896958 0.004016497154214047 39.06598502310984 0.0010156002193598712 0.7574205140062318 9.744365456045079E-6 15.409772705869761 36.633680014098495 2.020726359293364 4405.76430896958
2.1185298211412746 0.4566790275999893 4.107824217588298 7.560584675100641 8.415931443570098 30.047915286117725 5575.66654504826 0.004219772557617339 43.37970867366807 0.001059036972975472 0.7338754427740473 8.45692083286358E-6 15.89131072851962 36.56956468642045 2.1185298211412746 5575.66654504826
2.2243569542607102 0.43495183486947675 4.577246665649321 8.100630969382939 10.464110142098857 35.87319355418593 7056.22344760455 0.004429257870691272 48.25710594749908 0.0011151602429611241 0.7123971222349543 7.401055810501729E-6 16.437973903179614 36.46680335837117 2.2243569542607102 7056.22344760455
2.25958049309439 0.4281715750411028 4.736810957989921 8.28362276382186 11.222157937617746 37.96235743441846 7593.747636547392 0.004504367498396558 49.93496807476513 0.001112904593801558 0.7114431102415243 7.017226901469431E-6 16.6311574453778 36.420911767708496 2.25958049309439 7593.747636547392
2.326925215549507 0.41577964439733955 5.112830888430419 8.75154526780603 13.051495103532675 43.29052348233572 8929.92594522046 0.004655814202253555 55.0037170375669 0.0011879353183136823 0.6923531537078531 6.426078169708678E-6 17.181034388955073 36.44353947207529 2.326925215549507 8929.92594522046
2.4373287340146677 0.3969461013438142 5.737256360530071 9.513670955970401 16.41053199472871 52.80789609466677 11301.1695249238 0.004897187042082152 63.563113426115834 0.0012789649531474451 0.6736568447394689 5.561322759300368E-6 18.07553199739458 36.42902287925684 2.4373287340146677 11301.1695249238
2.559027929310718 0.37806861253013857 6.4559413915056 10.380472061025303 20.81095057675313 64.83701478025333 14302.07074667 0.00515324272334885 73.50691562060503 0.001388989633628354 0.6569194057608466 4.850738581990665E-6 19.143156686306387 36.29084664865651 2.559027929310718 14302.07074667
2.60360163605786 0.3715960710968289 6.729407048865438 10.708728477575054 22.645934450666196 69.7205791733954 15479.406766301992 0.00525478650773201 77.3041608326904 0.0013836399072229915 0.6568428504086156 4.515513559469198E-6 19.562635185997276 36.20913666504722 2.60360163605786 15479.406766301992
2.6732935286160835 0.36190868241888424 7.3053032895343035 11.448679974564353 26.64375910367767 80.9170161696874 18099.8282692458 0.005439041822492366 90.11305640980014 0.00152316246824879 0.6407910720665579 4.051616348850694E-6 20.316231141681882 36.72325274229282 2.6732935286160835 18099.8282692458
2.793966610982461 0.34627763082686674 8.323582390910008 12.732595339269434 34.53895822539481 102.53527438528927 22906.0385156089 0.005753633908620739 113.1312324239951 0.001680038384850729 0.6252414358447408 3.323251627557237E-6 21.747440314847317 37.24248311360669 2.793966610982461 22906.0385156089
2.927645984925436 0.3304662324755148 9.525576291941285 14.227178305227046 45.28426844798137 131.1160988499751 28988.4850106605 0.006096119310390176 140.41481608875952 0.0018568091316851709 0.6107303565949779 2.7585780427743E-6 23.585018241860787 37.398804423207544 2.927645984925436 28988.4850106605
3.0 0.3224960462201255 10.218856669040054 15.083095252843687 52.21599578866535 149.1209719853994 32588.412985599 0.006296212651356084 156.19840071125358 0.001846348866478112 0.6117018636204953 2.4102146957020233E-6 24.694135782292996 37.35346249707363 3.0 32588.412985599
3.0566560992775518 0.3165184787680383 10.974417236897425 16.056640737142768 60.10879500880729 170.48338713506712 36686.0582479444 0.006482419947771747 165.8569294289843 0.0020556807485690317 0.5956252473049446 2.41517478918062E-6 26.523555627121688 36.38927977819664 3.0566560992775518 36686.0582479444
3.187437205579146 0.30353167019790356 12.7404053640906 18.29287107385174 80.72252513873939 225.48152541198354 46427.6373627883 0.006917068950793327 189.92352214342455 0.0022763676345773135 0.5795812047310354 2.179396765817622E-6 30.63615721222146 34.58689664319831 3.187437205579146 46427.6373627883
3.3328057942728715 0.2902923837695309 14.834473676423855 20.902232605612244 109.20024517308661 299.9926501582146 58755.9856259934 0.007393647081788026 220.8004385203455 0.002514771841588674 0.5643904922449124 1.9287162456601705E-6 35.32847601674447 32.98062906861692 3.3328057942728715 58755.9856259934
3.4865626232265545 0.27749053816364216 17.30252132999071 23.947812788518995 148.5482559325067 400.88610795278714 74357.991122954 0.007918012048663367 260.19333792993535 0.002772029604387346 0.5500839694696464 1.6808664561181676E-6 40.72551831452026 31.5397056414419 3.4865626232265545 74357.991122954
3.642081124432192 0.26564156744619744 20.20223715975723 27.510049948636112 202.9691934431813 537.6957145531633 94102.9375123826 0.008497021089166895 310.50046753453444 0.003049784868274869 0.5366949012184169 1.4473874448903626E-6 47.003329140040535 30.235757346924917 3.642081124432192 94102.9375123826
3.793556412102636 0.2550345990832733 23.6053000783062 31.686438120828694 278.3210147108991 723.650153555193 119090.937163925 0.009138028044035651 375.12984122964684 0.0033498581494445776 0.5243709298900374 1.2343458592324892E-6 54.372671066155284 29.052215220906767 3.793556412102636 119090.937163925
3.82156457458535 0.2531654561313678 24.287018978395754 32.519945920803345 294.93313266584397 764.1343691577863 124103.8287591001 0.009275385710155624 388.7291085373359 0.003345460705987446 0.5249608211041432 1.1822098153176293E-6 55.83507592589251 28.850076980588018 3.82156457458535 124103.8287591001
3.9441682985486164 0.24529585591375375 27.730862283349843 36.744017507582164 383.52011188869704 985.815647616742 150714.225182563 0.009859015607956413 463.6427179187339 0.0036774647041529418 0.5126570285617996 1.0309474954917418E-6 63.19772779641757 28.02194623033643 3.9441682985486164 150714.225182563
4.095148594091252 0.23625226690341147 32.61413739012644 42.70276162770861 529.3433451886049 1347.4341201464142 190734.729386789 0.010655409632707894 581.4036478058456 0.0040312286225586665 0.5025957012489005 8.509592852456997E-7 73.42307474608828 27.151223930326047 4.095148594091252 190734.729386789
4.240229323569871 0.22816882409695788 38.350029532031726 49.68706982736504 731.1378012409883 1843.5493254142614 241382.238140986 0.011532616913109913 737.2803323147381 0.004411066184284106 0.494382623459148 6.975651541341944E-7 85.30347584009778 26.407420586983598 4.240229323569871 241382.238140986
4.374851435015486 0.22114765564763728 45.082976577050914 57.883855526606474 1010.2695606592966 2524.7344147878125 305478.635575569 0.012499088026342347 944.865720041907 0.004816454317756321 0.4880416607247325 5.686577199380807E-7 99.19129978169012 25.771338126022396 4.374851435015486 305478.635575569
4.495698861824513 0.21520305705434545 52.980386523190155 67.50840073909274 1395.9836163647772 3460.338654657513 386595.126102886 0.01356304113646527 1223.0252623169902 0.00524500229712666 0.4836070162949223 4.613235604014176E-7 115.48210127610592 25.230780761632527 4.495698861824513 386595.126102886
4.600536914232183 0.21029896220751174 62.23279788298916 78.80551614437947 1927.9969467604299 4744.840336020755 489251.208173392 0.014732049865641928 1597.9097365254997 0.005691657018618887 0.4811113581180663 3.724976768288504E-7 134.61567508105634 24.778012683189154 4.600536914232183 489251.208173392
4.687994747596387 0.20637568742081544 73.0524240021113 92.04912556761224 2659.6837251446905 6505.788708892312 619166.483323485 0.01601246660661009 2105.714751402016 0.0061477365401127965 0.4805911699066965 2.992983886595615E-7 157.07482054954664 24.40823207417035 4.687994747596387 619166.483323485
4.757343289529696 0.20336731654192253 85.66899676078899 107.53889281683895 3661.7584410155146 8913.225541686328 783579.330345376 0.017408610032302797 2796.303377128964 0.006600816596133742 0.48202918030094066 2.391785437195163E-7 183.38055960210656 24.118313049075493 4.757343289529696 783579.330345376
4.808434443391066 0.20120647375990264 100.32330814675679 125.59354182422618 5026.325994384332 12190.31155965967 991650.199876408 0.018921788559211193 3737.9356679482494 0.007032545235017321 0.48550727133839405 1.899646321169013E-7 214.0774406898265 23.906260111699485 4.808434443391066 991650.199876408
4.841384393485888 0.19983708378168397 117.2537170764438 146.53730471614654 6870.413097151459 16623.423548365216 1254971.99942919 0.02054896979116767 5023.537996077572 0.007418896119499026 0.4911798854199378 1.498306302038478E-7 249.70619286941334 23.771837321420666 4.841384393485888 1254971.99942919
4.856390091459662 0.19921960971829247 136.6774840284788 170.68035841936245 9338.081835348024 22569.7200961356 1588216.00555073 0.0222814164688246 6778.153105314436 0.007732176323907445 0.4992359868514871 1.17268857405816E-7 290.77188041012386 23.715837195317395 4.856390091459662 1588216.00555073
4.853701889777595 0.19932994663269454 158.76911487658933 198.29530804713932 12600.055222270656 30459.594168914577 2009949.29084858 0.02410365650817099 9167.322579641224 0.00794482312391656 0.5098882495103617 9.10423845751507E-8 337.7095130630316 23.739019194570865 4.853701889777595 2009949.29084858
4.8336570972634325 0.20015655210795125 183.63968052589163 229.59453004192974 16850.03390888942 40791.87949320905 2543669.20976963 0.025993263826387922 12405.496770640373 0.00803654285942041 0.5232842217513316 7.013211028161619E-8 390.86259779635753 23.840592895469253 4.8336570972634325 2543669.20976963
4.796865322647369 0.2016917452513393 211.3287267275881 264.72070841121746 22299.111930697727 54124.27635525794 3219112.58069521 0.02792220028901709 16762.656326721393 0.008003174931941024 0.5393397882713435 5.368147045928761E-8 450.50153794716067 24.015837276234617 4.796865322647369 3219112.58069521
4.74454989455745 0.20391568434556837 241.8240074645226 303.76682809750866 29173.469228963288 71069.85186460185 4073912.50693664 0.02986018333152764 22567.477765613672 0.007862757573453241 0.5575322343519793 4.094178995655326E-8 516.9041335880586 24.253555333437188 4.74454989455745 4073912.50693664
4.678927851572693 0.20677560529923153 275.1186247582351 346.83580913068033 37723.87763478216 92318.67690366218 5155695.14831646 0.03177960214870671 30207.848826028934 0.007652955893180296 0.5767947024196965 3.12308874761526E-8 590.4919033379659 24.53494151362356 4.678927851572693 5155695.14831646
4.603366280913162 0.2101697061717317 311.2944842549534 394.12831678831213 48253.68369373619 118701.09187787562 6524733.26737238 0.033660215611242925 40134.89283504415 0.007418778933111013 0.5956813599934927 2.391931843260247E-8 671.9691109642522 24.83560078536632 4.603366280913162 6524733.26737238
4.522089833968658 0.21394712935441482 350.5979055770494 446.0233130235926 61163.1364501153 151290.8023908397 8257304.39555903 0.03549147440479109 52880.72864626443 0.007197759449769092 0.6127873288974914 1.8444652969976043E-8 762.3921818496933 25.130700354973335 4.522089833968658 8257304.39555903
4.439512833765787 0.21792664530709585 393.4739493683739 503.116423807686 76999.76653051209 191527.0540564896 1.0449940723535E7 0.037271650059049866 69096.7336925082 0.007011638457094923 0.6271684100624625 1.4335434332472472E-8 863.1405276365975 25.40065526349596 4.439512833765787 1.0449940723535E7
4.35952912119441 0.22192491706427853 440.55396111855674 566.2100879214917 96506.00542260939 241336.14024111343 1.32248075030547E7 0.039004889721809835 89609.80863360624 0.006866884808762222 0.6385147189358461 1.122368688297462E-8 975.8283737650214 25.634274474375975 4.35952912119441 1.32248075030547E7
4.285045803921187 0.22578244969401295 492.6170852710956 636.277342300498 120663.86740723466 303250.5366400888 1.67365096243042E7 0.04069802963443508 115488.8707948939 0.006760115975532112 0.6470436804594295 8.838776310509314E-9 1102.224434857096 25.828442316460844 4.285045803921187 1.67365096243042E7
4.217845499341509 0.2293797008001884 550.5512957054531 714.4261529019267 150743.62676504246 380540.4109320445 2.1180705604957E7 0.04235832914058647 148113.70417595195 0.006684457907328147 0.6531904380659619 6.989081432870968E-9 1244.2305642196254 25.985313167228046 4.217845499341509 2.1180705604957E7
4.1587684937682585 0.23263813316613255 615.334956842973 801.8836789243163 188368.93766111703 477384.82694303326 2.68050089292442E7 0.043992387174086635 189255.04747629695 0.0066320506155244235 0.657503344408994 5.540303829972416E-9 1403.891388046088 26.10970230128287 4.1587684937682585 2.68050089292442E7
4.107892705046619 0.23551933025704402 688.0264756806507 899.9919852937397 235598.44156797248 599086.373927142 3.39227841176691E7 0.0456056894392401 241173.4761337153 0.006596168310600612 0.6604795123503093 4.397465537738082E-9 1583.430457308981 26.207354837666 4.107892705046619 3.39227841176691E7
4.064786717033524 0.23801695046042864 769.7699278894839 1010.219227782846 295034.6619783372 752353.9759960528 4.29306061912373E7 0.047202620720994466 306740.11636535625 0.006571701670216585 0.6625127483792415 3.491915604768043E-9 1785.3077891140367 26.283663368345085 4.064786717033524 4.29306061912373E7
4.028730620151785 0.240147140595845 861.8097214196155 1134.1797438196268 369965.4409109327 945668.5036354302 5.43303563043087E7 0.04878663140582576 389592.5058734926 0.006554998986209983 0.6638937790945599 2.7726331049771246E-9 2012.273960156618 26.343206873000522 4.028730620151785 5.43303563043087E7
3.9988780841716123 0.24193989371416322 965.5102167867619 1273.659184516832 464544.98751074006 1189750.1131510527 6.87571846296368E7 0.05036042515447749 494334.4511550774 0.006543538169190355 0.6648286649489965 2.2007126216564437E-9 2267.4215594113775 26.3896849203965 3.9988780841716123 6.87571846296368E7
3.9743632506141524 0.2434322374812801 1082.3782836838573 1430.6428813203308 584024.0685007239 1498152.2737434872 8.70148984798586E7 0.05192612263496039 626790.6885811699 0.00653561119224248 0.6654599507473479 1.7458946608106917E-9 2554.236055167859 26.42600977315352 3.9743632506141524 8.70148984798586E7
3.9543646409971895 0.24466335972911207 1214.0879723348394 1607.3468538470854 735041.8197911299 1888014.87010641 1.10120747355273E8 0.053485392203778195 794330.5153979561 0.0065300628847847365 0.6658859335162662 1.3843287651942858E-9 2876.6478266210765 26.454449411952336 3.9543646409971895 1.10120747355273E8
3.9381376474662626 0.24567148872585592 1362.506888097556 1806.251345048766 925994.9132594945 2381017.236528177 1.39362100168293E8 0.05503954950312215 1006277.500691213 0.0065261296411441025 0.6661723205154509 1.0970681994325302E-9 3239.0887329246398 26.476757422057027 3.9381376474662626 1.39362100168293E8
3.9250295422416284 0.24649193802190678 1529.7251281275865 2030.1377056428366 1167505.2298794615 3004585.3644564645 1.76368172481234E8 0.05658963566067683 1274428.4154941824 0.006523291966338997 0.6663645859101225 8.690011459530518E-10 3646.553486653154 26.494287103853726 3.9250295422416284 1.76368172481234E8
3.914479704693308 0.24715625361408722 1718.086263077966 2282.128624068112 1473010.9813091587 3793418.2828496695 2.23200800122899E8 0.058136475449789886 1613710.4949121457 0.006521206330916181 0.6664929433846329 6.880560658098253E-10 4104.668193677132 26.50808838856144 3.914479704693308 2.23200800122899E8
3.906015168541871 0.24769185395189933 1930.2217652097672 2565.7329052586833 1859515.240285074 4791420.666383864 2.82469316740257E8 0.05968072357271165 2043012.359137052 0.006519637803552958 0.6665783831429805 5.445901418540716E-10 4619.767809121096 26.518972901370283 3.906015168541871 2.82469316740257E8
3.8992413054295163 0.248122150663821 2169.0887329120706 2884.895112719606 2348532.630447198 6054147.473042379 3.57475935820009E8 0.06122290004306729 2586236.5717511196 0.006518431752524013 0.6666345642011801 4.3090604755654357E-10 5198.982891614795 26.527573144478183 3.8992413054295163 3.57475935820009E8
3.893832635441377 0.24846680102641572 2438.012135300417 3244.0511458843894 2967287.865634776 7651898.577550813 4.52399737306329E8 0.06276341848635283 3273630.0467848685 0.006517482491047689 0.6666708059199765 3.408665865512108E-10 5850.338071336503 26.534378089359883 3.893832635441377 4.52399737306329E8
3.8895226388506186 0.24874212814616142 2740.731710064504 3648.1903388264645 3750232.0946326843 9673634.242223531 5.7252950984059E8 0.06430260796110289 4143468.7174203 0.006516719202681379 0.6666935297704576 2.6958447649306095E-10 6582.862426387849 26.539768063192017 3.8895226388506186 5.7252950984059E8
3.8860942913220096 0.24896157070116975 3081.4545311407255 4102.9252444746035 4740962.081581521 1.223193085143892E7 7.24558421695884E8 0.06584073085831625 5244191.752202972 0.006516088564507882 0.6667073784398989 2.131720898108384E-10 7406.713209813493 26.544045657975996 3.8860942913220096 7.24558421695884E8
3.8833714613526524 0.24913613036734375 3464.9135827493105 4614.569594944613 5994647.902204582 1.546924995798886E7 9.16956938335987E8 0.06737799567823807 6637097.790931189 0.006515557192932432 0.6667151874535538 1.68540686410031E-10 8333.317452331137 26.54744626404438 3.8833714613526524 9.16956938335987E8
3.8812121330283156 0.24927473827757363 3896.4340270028756 5190.226339344293 7581106.647334816 1.9565874968470316E7 1.16044476412893E9 0.0689145687034105 8399749.241432287 0.006515556591276364 0.6667153497689285 1.3324725581899024E-10 9375.534529185148 26.55013612668344 3.8812121330283156 1.16044476412893E9
