#state rho e tau(6) p c^2 T s cv gamma alphavol
1.0E-10 -20.17155489162197 1.0E-10 4.423074735721686  7.332506764830639E-13 7.332506764830639E-13 7.332506764830639E-13 0.0 0.0 0.0 -7.332506764830639E-13 -0.020748019305283808 -20.17155489162197 0.0 5.426993021286512E-4 0.6666685247302369 -1.7437835284358868E8
2.154434690031879E-10 -19.261272396264093 2.154434690031879E-10 4.4235370676253805  1.5121226052375516E-12 1.5121226052375516E-12 1.5121226052375516E-12 0.0 0.0 0.0 -1.5121226052375516E-12 -0.011730738654922244 -19.261272396264093 0.0 5.426998115356474E-4 0.6666697136814858 -1.4315670833837485E8
4.641588833612781E-10 -18.350976103666003 4.641588833612781E-10 4.423984999419618  3.1153577382611658E-12 3.1153577382611658E-12 3.1153577382611658E-12 0.0 0.0 0.0 -3.1153577382611658E-12 -0.011234386304086678 -18.350976103666003 0.0 5.427006469052024E-4 0.6666716634288986 -6.938351781558248E7
1.0E-9 -17.440658096266468 1.0E-9 4.424411982412275  6.415258323358542E-12 6.415258323358542E-12 6.415258323358542E-12 0.0 0.0 0.0 -6.415258323358542E-12 -0.010761930404835422 -17.440658096266468 0.0 5.427020168077138E-4 0.6666748608026193 -3.361904211441667E7
2.154434690031879E-9 -16.530305973688254 2.154434690031879E-9 4.424808489871793  1.3214396301363187E-11 1.3214396301363187E-11 1.3214396301363187E-11 0.0 0.0 0.0 -1.3214396301363187E-11 -0.010324241485092572 -16.530305973688254 0.0 5.427042633223419E-4 0.6666801040797017 -1.6266317325077841E7
4.641588833612781E-9 -15.619900357493911 4.641588833612781E-9 4.425160662813761  2.7262713832997958E-11 2.7262713832997958E-11 2.7262713832997958E-11 0.0 0.0 0.0 -2.7262713832997958E-11 -0.009937135350882066 -15.619900357493911 0.0 5.427079473451407E-4 0.6666887024036314 -7844430.239082578
1.0E-8 -14.709411038996564 1.0E-8 4.42544834001237  5.645097774631598E-11 5.645097774631598E-11 5.645097774631598E-11 0.0 0.0 0.0 -5.645097774631598E-11 -0.009623623258272561 -14.709411038996564 0.0 5.427139887310267E-4 0.6667028024688889 -3759799.48004524
2.154434690031879E-8 -13.798791054654501 2.154434690031879E-8 4.4256421922700975  1.1768580000424213E-10 1.1768580000424213E-10 1.1768580000424213E-10 0.0 0.0 0.0 -1.1768580000424213E-10 -0.009417186646813496 -13.798791054654501 0.0 5.427238959558479E-4 0.6667259243330326 -1783494.5005515937
4.641588833612781E-8 -12.887967616570041 4.641588833612781E-8 4.42569955369108  2.481677671814662E-10 2.481677671814662E-10 2.481677671814662E-10 0.0 0.0 0.0 -2.481677671814662E-10 -0.009366543972095496 -12.887967616570041 0.0 5.427401427100921E-4 0.6667638398383229 -832372.9159387466
1.0E-7 -11.976828301594313 1.0E-7 4.425558357568573  5.327805804028848E-10 5.327805804028848E-10 5.327805804028848E-10 0.0 0.0 0.0 -5.327805804028848E-10 -0.009542591920114725 -11.976828301594313 0.0 5.427667856217249E-4 0.6668260121774758 -379279.56495300954
2.15443469003188E-7 -11.06520015332718 2.15443469003188E-7 4.425128315223043  1.1742120441649495E-9 1.1742120441649495E-9 1.1742120441649495E-9 0.0 0.0 0.0 -1.1742120441649495E-9 -0.010048518483504696 -11.06520015332718 0.0 5.428104770581962E-4 0.6669279548084053 -167221.36884315193
4.641588833612781E-7 -10.153121584571352 4.641588833612781E-7 4.424277919810686  2.681973274373061E-9 2.681973274373061E-9 2.681973274373061E-9 0.0 0.0 0.0 -2.681973274373061E-9 -0.011034733458015474 -10.153121584571352 0.0 5.428821262263531E-4 0.6670950940260639 -70707.38502674187
1.0E-6 -9.240934875430813 1.0E-6 4.422815705679499  6.405240072333474E-9 6.405240072333474E-9 6.405240072333474E-9 0.0 0.0 0.0 -6.405240072333474E-9 -0.008683538866461508 -9.240934875430813 0.0 5.429996230106955E-4 0.6673690885393705 -41731.96769873363
1.25892541179417E-6 -8.967179895618312 1.25892541179417E-6 4.422219062392908  8.397802786233945E-9 8.397802786233945E-9 8.397802786233945E-9 0.0 0.0 0.0 -8.397802786233945E-9 -0.012854393435350655 -8.967179895618312 0.0 5.430477908300933E-4 0.6674813783578402 -22398.84462214154
1.58489319246111E-6 -8.693348820523337 1.58489319246111E-6 4.421533761984614  1.1061487600049448E-8 1.1061487600049448E-8 1.1061487600049448E-8 0.0 0.0 0.0 -1.1061487600049448E-8 -0.013576614287049444 -8.693348820523337 0.0 5.431036637534328E-4 0.6676116055384961 -16850.59072626276
1.99526231496888E-6 -8.419409662122906 1.99526231496888E-6 4.420749265260582  1.463830923752808E-8 1.463830923752808E-8 1.463830923752808E-8 0.0 0.0 0.0 -1.463830923752808E-8 -0.014404636885143384 -8.419409662122906 0.0 5.43168474331778E-4 0.6677626307832674 -12619.854621074872
2.51188643150958E-6 -8.145341672397542 2.51188643150958E-6 4.419853770670038  1.9462093390273407E-8 1.9462093390273407E-8 1.9462093390273407E-8 0.0 0.0 0.0 -1.9462093390273407E-8 -0.015351116301369216 -8.145341672397542 0.0 5.432436522526803E-4 0.6679377694668815 -9410.023333437925
3.16227766016838E-6 -7.871110892051786 3.16227766016838E-6 4.418834078118017  2.5994462433424896E-8 2.5994462433424896E-8 2.5994462433424896E-8 0.0 0.0 0.0 -2.5994462433424896E-8 -0.016430225576869302 -7.871110892051786 0.0 5.433308559256418E-4 0.6681408632828332 -6986.969979606259
3.98107170553497E-6 -7.596680748049157 3.98107170553497E-6 4.41767541596655  3.487524226253093E-8 3.487524226253093E-8 3.487524226253093E-8 0.0 0.0 0.0 -3.487524226253093E-8 -0.017657848718463234 -7.596680748049157 0.0 5.434320090254107E-4 0.6683763631154747 -5166.881562571312
5.01187233627272E-6 -7.322017717275826 5.01187233627272E-6 4.41636125082074  4.699310427559716E-8 4.699310427559716E-8 4.699310427559716E-8 0.0 0.0 0.0 -4.699310427559716E-8 -0.019051794257560803 -7.322017717275826 0.0 5.435493429683643E-4 0.6686494245883383 -3806.2873135812083
6.309573444801931E-6 -7.0470692399565875 6.309573444801931E-6 4.414873090143032  6.358458836783898E-8 6.358458836783898E-8 6.358458836783898E-8 0.0 0.0 0.0 -6.358458836783898E-8 -0.020632018600872548 -7.0470692399565875 0.0 5.436854460956924E-4 0.6689660183723095 -2793.894766988109
7.943282347242812E-6 -6.77179208538937 7.943282347242812E-6 4.413190232547268  8.637317062639481E-8 8.637317062639481E-8 8.637317062639481E-8 0.0 0.0 0.0 -8.637317062639481E-8 -0.0224209103418064 -6.77179208538937 0.0 5.438433207971985E-4 0.6693330571985935 -2043.9150038253147
1.0E-5 -6.4961269272004785 1.0E-5 4.411289519471378  1.1776443821953699E-7 1.1776443821953699E-7 1.1776443821953699E-7 0.0 0.0 0.0 -1.1776443821953699E-7 -0.024443576227651875 -6.4961269272004785 0.0 5.440264497425831E-4 0.6697585420872623 -1490.6426066424397
1.25892541179417E-5 -6.220009567842054 1.25892541179417E-5 4.409145035761787  1.6112039214614862E-7 1.6112039214614862E-7 1.6112039214614862E-7 0.0 0.0 0.0 -1.6112039214614862E-7 -0.026728188584436777 -6.220009567842054 0.0 5.442388726874025E-4 0.6702517304641413 -1084.0716207320595
1.58489319246111E-5 -5.943375708383548 1.58489319246111E-5 4.4067277788880865  2.211450193964748E-7 2.211450193964748E-7 2.211450193964748E-7 0.0 0.0 0.0 -2.211450193964748E-7 -0.02930637347627464 -5.943375708383548 0.0 5.444852756245475E-4 0.670823329051671 -786.3795615037113
1.99526231496888E-5 -5.666139030770841 1.99526231496888E-5 4.40400530367414  3.0442630506747933E-7 3.0442630506747933E-7 3.0442630506747933E-7 0.0 0.0 0.0 -3.0442630506747933E-7 -0.03221363329924591 -5.666139030770841 0.0 5.447710941230249E-4 0.6714857149675029 -569.1295337773133
2.51188643150958E-5 -5.388219161719938 2.51188643150958E-5 4.400941296230297  4.201989176891715E-7 4.201989176891715E-7 4.201989176891715E-7 0.0 0.0 0.0 -4.201989176891715E-7 -0.035489858258866636 -5.388219161719938 0.0 5.451026332248918E-4 0.672253188496308 -411.0615787549806
3.16227766016838E-5 -5.10951634123353 3.16227766016838E-5 4.397495128073367  5.814169185664239E-7 5.814169185664239E-7 5.814169185664239E-7 0.0 0.0 0.0 -5.814169185664239E-7 -0.03917987142883116 -5.10951634123353 0.0 5.454872066013597E-4 0.6731422613050354 -296.36602847016945
3.98107170553497E-5 -4.82992242247483 3.98107170553497E-5 4.393621335843055  8.062636268806174E-7 8.062636268806174E-7 8.062636268806174E-7 0.0 0.0 0.0 -8.062636268806174E-7 -0.04333407236856483 -4.82992242247483 0.0 5.459332977950531E-4 0.674171984448737 -213.34417061372395
5.01187233627272E-5 -4.549324875094498 5.01187233627272E-5 4.38926904370642  1.1202768425538443E-6 1.1202768425538443E-6 1.1202768425538443E-6 0.0 0.0 0.0 -1.1202768425538443E-6 -0.04800916377024773 -4.549324875094498 0.0 5.464507474514409E-4 0.6753643199055632 -153.3786799287768
6.309573444801932E-5 -4.2675866548223595 6.309573444801932E-5 4.384381330589949  1.5593402120757915E-6 1.5593402120757915E-6 1.5593402120757915E-6 0.0 0.0 0.0 -1.5593402120757915E-6 -0.053268962620596716 -4.2675866548223595 0.0 5.470509703323993E-4 0.6767445601766575 -110.14843396366408
7.94328234724282E-5 -3.984571974614922 7.94328234724282E-5 4.378894495874422  2.1738957964783962E-6 2.1738957964783962E-6 2.1738957964783962E-6 0.0 0.0 0.0 -2.1738957964783962E-6 -0.05918535524902391 -3.984571974614922 0.0 5.477472071519512E-4 0.6783417995011698 -79.03409639100789
1.0E-4 -3.7001230058519594 1.0E-4 4.372737266365073  3.03487470485568E-6 3.03487470485568E-6 3.03487470485568E-6 0.0 0.0 0.0 -3.03487470485568E-6 -0.06583935216259157 -3.7001230058519594 0.0 5.485548166746685E-4 0.6801894601036386 -56.67145746965478
1.25892541179417E-4 -3.4140709120659576 1.25892541179417E-4 4.36582988882528  4.2420494934795825E-6 4.2420494934795825E-6 4.2420494934795825E-6 0.0 0.0 0.0 -4.2420494934795825E-6 -0.07332231521540072 -3.4140709120659576 0.0 5.494916145136997E-4 0.6823258757154634 -40.617832172281595
1.58489319246111E-4 -3.1262394025295634 1.58489319246111E-4 4.358083119557105  5.935796915251171E-6 5.935796915251171E-6 5.935796915251171E-6 0.0 0.0 0.0 -5.935796915251171E-6 -0.08173735216499402 -3.1262394025295634 0.0 5.505782661182095E-4 0.6847949329421522 -29.104425903039942
1.99526231496888E-4 -2.8364283245516213 1.99526231496888E-4 4.349397105268451  8.313663079625344E-6 8.313663079625344E-6 8.313663079625344E-6 0.0 0.0 0.0 -8.313663079625344E-6 -0.09120089291180551 -2.8364283245516213 0.0 5.518387426499741E-4 0.6876467685373391 -20.853478260247645
2.51188643150958E-4 -2.544437549833195 2.51188643150958E-4 4.339660107897278  1.165369681620117E-5 1.165369681620117E-5 1.165369681620117E-5 0.0 0.0 0.0 -1.165369681620117E-5 -0.10184451692126562 -2.544437549833195 0.0 5.533008498371725E-4 0.6909385170989261 -14.943870255255327
3.16227766016838E-4 -2.2500485989609325 3.16227766016838E-4 4.328747102957375  1.634731096641608E-5 1.634731096641608E-5 1.634731096641608E-5 0.0 0.0 0.0 -1.634731096641608E-5 -0.11381700272433593 -2.2500485989609325 0.0 5.549968412784019E-4 0.6947350990181672 -10.7127903875612
3.98107170553497E-4 -1.9530371106440074 3.98107170553497E-4 4.316518193425554  2.294556948270458E-5 2.294556948270458E-5 2.294556948270458E-5 0.0 0.0 0.0 -2.294556948270458E-5 -0.1272866839649923 -1.9530371106440074 0.0 5.569641299877511E-4 0.6991100312606454 -7.684043017420364
5.011872336272729E-4 -1.6531788778626466 5.011872336272729E-4 4.302816839820253  3.222438279718327E-5 3.222438279718327E-5 3.222438279718327E-5 0.0 0.0 0.0 -3.222438279718327E-5 -0.14244412091531997 -1.6531788778626466 0.0 5.592461137280269E-4 0.7041462352329683 -5.5159625269877965
6.309573444801941E-4 -1.3502410607288837 6.309573444801941E-4 4.287467889075919  4.5276332332743E-5 4.5276332332743E-5 4.5276332332743E-5 0.0 0.0 0.0 -4.5276332332743E-5 -0.15950511373197385 -1.3502410607288837 0.0 5.618931323000228E-4 0.7099368044723235 -3.9636819987666234
7.943282347242811E-4 -1.0440074119703873 7.943282347242811E-4 4.270275350125613  6.36400114230605E-5 6.36400114230605E-5 6.36400114230605E-5 0.0 0.0 0.0 -6.36400114230605E-5 -0.17871414166621322 -1.0440074119703873 0.0 5.649635780989512E-4 0.7165856803568985 -2.8518695519906303
0.001 -0.7342703652893132 0.001 4.2510199259220505  8.948219114638651E-5 8.948219114638651E-5 8.948219114638651E-5 0.0 0.0 0.0 -8.948219114638651E-5 -0.2003482072997371 -0.7342703652893132 0.0 5.685251841265333E-4 0.7242081672838416 -2.0550749477633365
0.00125892541179417 -0.4208500016786574 0.00125892541179417 4.229456237260225  1.2585439935016451E-4 1.2585439935016451E-4 1.2585439935016451E-4 0.0 0.0 0.0 -1.2585439935016451E-4 -0.22477293948902946 -0.4208500016786574 0.0 5.726565182762274E-4 0.7329311974517652 -1.4832467017263118
0.00158489319246111 -0.10360916911162876 0.00158489319246111 4.205294997003978  1.7708456325218734E-4 1.7708456325218734E-4 1.7708456325218734E-4 0.0 0.0 0.0 -1.7708456325218734E-4 -0.25227400738742856 -0.10360916911162876 0.0 5.774487164251373E-4 0.7428932334395466 -1.0729199406720615
0.00199526231496888 0.2175412472754017 0.00199526231496888 4.178252952748105  2.4918681822044494E-4 2.4918681822044494E-4 2.4918681822044494E-4 0.0 0.0 0.0 -2.4918681822044494E-4 -0.2832378247984451 0.2175412472754017 -0.0012039140211337924 5.830074929079521E-4 0.7542436714919261 -0.778098469146469
0.00251188643150958 0.5426083337855451 0.00251188643150958 4.147975184006813  3.5070975337285075E-4 3.5070975337285075E-4 3.5070975337285075E-4 0.0 0.0 0.0 -3.5070975337285075E-4 -0.3181872180001638 0.5426083337855451 0.0013507537043068913 5.894554725173873E-4 0.7671415856987628 -0.5657750614522249
0.00316227766016838 0.8715081207552041 0.00316227766016838 4.1140763894024985  4.936704089866191E-4 4.936704089866191E-4 4.936704089866191E-4 0.0 0.0 0.0 -4.936704089866191E-4 -0.3576180508604128 0.8715081207552041 0.001919528058766362 5.969348956143254E-4 0.7817536339013217 -0.4126458146198866
0.00398107170553497 1.2040338822507808 0.00398107170553497 4.076125293231721  6.949966391234329E-4 6.949966391234329E-4 6.949966391234329E-4 0.0 0.0 0.0 -6.949966391234329E-4 -0.40211940222975323 1.2040338822507808 0.0021207707173557465 6.056107558012038E-4 0.7982509374560633 -0.3019798664393645
0.00501187233627272 1.539828474126542 0.00501187233627272 4.033639125391754  9.785346594874437E-4 9.785346594874437E-4 9.785346594874437E-4 0.0 0.0 0.0 -9.785346594874437E-4 -0.4523595119068739 1.539828474126542 0.002188080103024081 6.156744397512884E-4 0.8168047538114518 -0.22181231462954562
0.006309573444801931 1.8783638684678814 0.006309573444801931 3.986077431425551  0.001377877722880346 0.001377877722880346 0.001377877722880346 0.0 0.0 0.0 -0.001377877722880346 -0.5090972827662671 1.8783638684678814 0.002190062494650082 6.273479490505337E-4 0.8375807948964398 -0.16358158586176913
0.00794328234724282 2.218901889373195 0.00794328234724282 3.932835108945101  0.0019403522462730857 0.0019403522462730857 0.0019403522462730857 0.0 0.0 0.0 -0.0019403522462730857 -0.5731963249694889 2.218901889373195 0.002153839688636108 6.40888797526198E-4 0.8607321109138473 -0.12115665888674156
0.01 2.635563457086106 0.01 3.873280413282049  0.0027322658940586502 0.0027322658940586502 0.0027322658940586502 0.0 0.0 0.0 -0.0027322658940586502 -0.6454389741484022 2.635563457086106 0.002128236746631865 6.308849605976037E-4 0.843724053362187 -0.08246989064503978
0.0125892541179417 3.40629233196349 0.0125892541179417 3.8068304328312212  0.003845412729423667 0.003845412729423667 0.003845412729423667 0.0 0.0 0.0 -0.003845412729423667 -0.7259182891119105 3.40629233196349 0.0021950474918596553 6.449916029569931E-4 0.8675549503131595 -0.06122986678287679
0.0158489319246111 4.18239897399398 0.0158489319246111 3.7324290973734056  0.005412819878116208 0.005412819878116208 0.005412819878116208 0.0 0.0 0.0 -0.005412819878116208 -0.8165383630676238 4.18239897399398 0.002189880497658568 6.613547977482927E-4 0.8939243655645233 -0.04568342846835608
0.0199526231496888 4.961149688785275 0.0199526231496888 3.6491265476907744  0.007620053738306073 0.007620053738306073 0.007620053738306073 0.0 0.0 0.0 -0.007620053738306073 -0.9185727542880466 4.961149688785275 0.002142746656647569 6.803355117321123E-4 0.9229228875922615 -0.03425902485445802
0.0251188643150958 6.18832634608529 0.0251188643150958 3.5561449654235027  0.010722404531406821 0.010722404531406821 0.010722404531406821 0.0 0.0 0.0 -0.010722404531406821 -1.0332716868317742 6.18832634608529 0.002162369725593534 6.663127591812195E-4 0.9016584956696573 -0.023147584569640466
0.0316227766016838 7.962668898579658 0.0316227766016838 3.4523795154327592  0.015080344690376538 0.015080344690376538 0.015080344690376538 0.0 0.0 0.0 -0.015080344690376538 -1.162145467545899 7.962668898579658 0.002204591859725976 6.86086567623856E-4 0.931392557780735 -0.017388062290594624
0.0398107170553497 9.74129186273925 0.0398107170553497 3.3361645275348812  0.021213893860946516 0.021213893860946516 0.021213893860946516 0.0 0.0 0.0 -0.021213893860946516 -1.307225354924597 9.74129186273925 0.0021776408470977593 7.090234700486827E-4 0.963805332220053 -0.013131050551230873
0.0501187233627272 11.515222525467207 0.0501187233627272 3.2060071743436835  0.02984768782563884 0.02984768782563884 0.02984768782563884 0.0 0.0 0.0 -0.02984768782563884 -1.4705914965703757 11.515222525467207 0.00210879338714355 7.356294470635392E-4 0.9988708666591651 -0.009969569419446125
0.06309573444801932 15.458685393311875 0.06309573444801932 3.0617129539762815  0.041916684446931876 0.041916684446931876 0.041916684446931876 0.0 0.0 0.0 -0.041916684446931876 -1.6514830800612383 15.458685393311875 0.0022024429429856637 7.159732301058548E-4 0.9732162804103855 -0.006687010750073291
0.0794328234724282 19.519157470682103 0.0794328234724282 2.900122044384042  0.05887727201548911 0.05887727201548911 0.05887727201548911 0.0 0.0 0.0 -0.05887727201548911 -1.8546905634025146 19.519157470682103 0.0021995924191349635 7.436909173034783E-4 1.0090002647594802 -0.0050934529100696195
0.1 23.558176744611792 0.1 2.719075778477871  0.08271981040948324 0.08271981040948324 0.08271981040948324 0.0 0.0 0.0 -0.08271981040948324 -1.9482972303695758 23.558176744611792 0.002137166001705801 7.758424316946685E-4 1.04730534674885 -0.004170533706473129
0.115225000570453 27.350896642870097 0.115225000570453 2.59792349455083  0.1018789651383897 0.1018789651383897 0.1018789651383897 0.0 0.0 0.0 -0.1018789651383897 -2.2264505577948404 27.350896642870097 0.002149968225105601 7.487008554158561E-4 0.9994329164489582 -0.0029167701308951697
0.132768007564609 33.01160892556041 0.132768007564609 2.4693472171187345  0.12530644137431046 0.12530644137431046 0.12530644137431046 0.0 0.0 0.0 -0.12530644137431046 -2.3859724153281907 33.01160892556041 0.002208063664657487 7.670523898618786E-4 1.0228066407716536 -0.002476621907131346
0.1529819374737 38.66782841607099 0.1529819374737 2.3314385031197085  0.15411993428714052 0.15411993428714052 0.15411993428714052 0.0 0.0 0.0 -0.15411993428714052 -2.5558658004019486 38.66782841607099 0.0022173675470747445 7.872516848947288E-4 1.0471520831852732 -0.002108361883881186
0.176273438326762 44.304893291168966 0.176273438326762 2.1835587774969336  0.18952970466036875 0.18952970466036875 0.18952970466036875 0.0 0.0 0.0 -0.18952970466036875 -2.7366167158429837 44.304893291168966 0.0021945181102532374 8.094606512267438E-4 1.0724196700195396 -0.0017995323651361726
0.203111070317568 49.90655468987906 0.203111070317568 2.0250537400650224  0.2329853899030882 0.2329853899030882 0.2329853899030882 0.0 0.0 0.0 -0.2329853899030882 -2.9268927373955647 49.90655468987906 0.002148464670015129 8.338735395986866E-4 1.098387526708156 -0.0015406904255943147
0.234034731932072 57.569972250247815 0.234034731932072 1.8568648113839699  0.28582035532207006 0.28582035532207006 0.28582035532207006 0.0 0.0 0.0 -0.28582035532207006 -3.118835628921274 57.569972250247815 0.0021417011214175065 7.979243367591736E-4 1.0478571451547283 -0.0011454891761901772
0.269666521203788 70.42659115020732 0.269666521203788 1.6809283305494118  0.3490650421471862 0.3490650421471862 0.3490650421471862 0.0 0.0 0.0 -0.3490650421471862 -3.3190991130879173 70.42659115020732 0.002213565286688693 8.200898001828053E-4 1.073517515231187 -9.836108058196768E-4
0.310723250595386 83.2437342101737 0.310723250595386 1.493003503808934  0.42527898649559637 0.42527898649559637 0.42527898649559637 0.0 0.0 0.0 -0.42527898649559637 -3.5038122289391502 83.2437342101737 0.002225748678563911 8.445360370330127E-4 1.0998708660028487 -8.531891202080546E-4
0.358030867271064 95.60671004401648 0.358030867271064 1.2931889649726194  0.5158291620541994 0.5158291620541994 0.5158291620541994 0.0 0.0 0.0 -0.5158291620541994 -3.660817694663252 95.60671004401648 0.0021991984141603534 8.443311673020826E-4 1.1258949977508919 -7.252907489171829E-4
0.412541068855482 108.83849974472291 0.412541068855482 1.0814256180608095  0.621276932242683 0.621276932242683 0.621276932242683 0.0 0.0 0.0 -0.621276932242683 -3.771438021094748 108.83849974472291 0.002146527686618802 9.049706934863563E-4 1.1913519411512878 -6.929476520506207E-4
0.475350448942082 124.19591126951468 0.475350448942082 0.861888086377948  0.7371498424251371 0.7371498424251371 0.7371498424251371 0.0 0.0 0.0 -0.7371498424251371 -3.6775371007499364 124.19591126951468 0.0021089158883088378 8.886992485590864E-4 1.138197383148053 -5.786306367736634E-4
0.5477225575051659 146.04034053032632 0.5477225575051659 0.6412704424804562  0.8511817116702449 0.8511817116702449 0.8511817116702449 0.0 0.0 0.0 -0.8511817116702449 -3.2806674605423654 146.04034053032632 0.002108731980805075 9.0461334734164E-4 1.1509433723690217 -5.794208372550918E-4
0.631113320009828 172.0673018435883 0.631113320009828 0.4250828856424769  0.9371875329589884 0.9371875329589884 0.9371875329589884 0.0 0.0 0.0 -0.9371875329589884 -2.510348903527159 172.0673018435883 0.0021077449433723264 8.860468312441623E-4 1.2285595778544829 -6.87086579729721E-4
0.727200326581531 203.5422249475008 0.727200326581531 0.2277570093436709  0.9347782820256632 0.9347782820256632 0.9347782820256632 0.0 0.0 0.0 -0.9347782820256632 -0.8817072484221036 203.5422249475008 0.0021051980945994316 0.0010829610099392598 1.288311952474066 -0.0021759824113375048
0.837916580451906 244.63584465942267 0.837916580451906 0.0728494250416246  0.7169687214757356 0.7169687214757356 0.7169687214757356 0.0 0.0 0.0 -0.7169687214757356 2.3567044166851 244.63584465942267 0.0021087006660254104 0.001090170701580599 1.2858777901026133 7.098854934084304E-4
0.96548938460563 293.68163630476255 0.96548938460563 0.005012448679697107  0.014030510074329244 0.014030510074329244 0.014030510074329244 0.0 0.0 0.0 -0.014030510074329244 4.461632240504085 293.68163630476255 0.0021098740683056475 0.0010900809125323357 1.2849840827657772 3.251735484596913E-4
0.968 294.6554972298587 0.968 0.0049930844623561135  -0.006200854148626273 -0.006200854148626273 -0.006200854148626273 0.0 0.0 0.0 0.006200854148626273 10.481647264198754 294.6554972298587 0.0021098083025372655 0.001089934552361219 1.2850058517075011 1.380386261149037E-4
1.1124851489195 351.79742983574636 1.1124851489195 0.09089227870923278  -1.4173608240656497 -1.4173608240656497 -1.4173608240656497 0.0 0.0 0.0 1.4173608240656497 12.513427047256416 351.79742983574636 0.002107607672457049 0.0010901948389187269 1.2579227016991825 9.851164891480098E-5
1.2818610191887 416.8834725705666 1.2818610191887 0.3761766073794376  -3.604883760756629 -3.604883760756629 -3.604883760756629 0.0 0.0 0.0 3.604883760756629 17.662494210460423 416.8834725705666 0.002104977369394922 0.001099504836431877 1.1546444245668326 5.6072824551817396E-5
1.4770243666726 488.4195277412051 1.4770243666726 0.903588805173413  -6.894240685464924 -6.894240685464924 -6.894240685464924 0.0 0.0 0.0 6.894240685464924 22.91489472565186 488.4195277412051 0.00210714447945432 0.0011003337218260779 1.0681854013670238 3.4726861491218185E-5
1.70190133492423 565.305423240205 1.70190133492423 1.7078538089293658  -11.393917560566926 -11.393917560566926 -11.393917560566926 0.0 0.0 0.0 11.393917560566926 27.684174526943643 565.305423240205 0.002107627547403655 0.0011020213528696288 0.9927146413017576 2.3219265600053658E-5
1.961015822875 647.4845741010906 1.961015822875 2.8063213790869894  -17.372768656180476 -17.372768656180476 -17.372768656180476 0.0 0.0 0.0 17.372768656180476 33.562753142199306 647.4845741010906 0.0021069817457377237 0.0011042487589965095 0.9270895349569349 1.5554280338197237E-5
2.25958049309439 734.8091863313925 2.25958049309439 4.237258358584252  -25.870226395598582 -25.870226395598582 -25.870226395598582 0.0 0.0 0.0 25.870226395598582 43.52144215408295 734.8091863313925 0.0021049715635718404 0.0011069235174487016 0.8703729871950467 9.796973278486441E-6
2.60360163605786 829.0917826773364 2.60360163605786 6.1007414045187245  -39.328785103333345 -39.328785103333345 -39.328785103333345 0.0 0.0 0.0 39.328785103333345 62.89324301377111 829.0917826773364 0.002106873572438544 0.0010999743220477653 0.8226127415934621 5.525854611523115E-6
3.0 929.6280908797481 3.0 8.638870815321384  -63.70731125301025 -63.70731125301025 -63.70731125301025 0.0 0.0 0.0 63.70731125301025 118.23647088520246 929.6280908797481 0.002109257704235193 0.0011030726637237679 0.7800491938571139 2.425791116343927E-6
3.82156457458535 1112.5179419764252 3.82156457458535 15.819068414744578  -152.140148457016 -152.140148457016 -152.140148457016 0.0 0.0 0.0 152.140148457016 170.55667135891707 1112.5179419764252 0.0021055097897591437 0.0011020110087688792 0.7202464573851974 1.2177472284638575E-6
4.86811859924191 1317.5713622565445 4.86811859924191 28.675345463547387  -329.9866516987783 -329.9866516987783 -329.9866516987783 0.0 0.0 0.0 329.9866516987783 250.89312698198938 1317.5713622565445 0.002107210240087727 0.001110953834102966 0.6734533265675825 6.125670044981722E-7
6.20127652791432 1544.805683343665 6.20127652791432 49.24126455845023  -642.1572096058243 -642.1572096058243 -642.1572096058243 0.0 0.0 0.0 642.1572096058243 345.6582871851264 1544.805683343665 0.0021088213604538667 0.001110446965999223 0.6369569215274584 3.299740685696081E-7
7.89952623209501 1796.324138763046 7.89952623209501 79.62746237870309  -1180.023876784095 -1180.023876784095 -1180.023876784095 0.0 0.0 0.0 1180.023876784095 467.74302640276176 1796.324138763046 0.0021093962203453487 0.0011098557206978034 0.6085533097008987 1.8279183252741696E-7
10.062849868194 2075.623244071604 10.062849868194 122.63606642613459  -2100.2892260057492 -2100.2892260057492 -2100.2892260057492 0.0 0.0 0.0 2100.2892260057492 626.1680196886838 2075.623244071604 0.0021095370144973186 0.0011099881907739237 0.5859443398795002 1.0321976008771821E-7
12.818610191887 2386.575271492007 12.818610191887 182.078517998391  -3662.5223095257365 -3662.5223095257365 -3662.5223095257365 0.0 0.0 0.0 3662.5223095257365 831.6814791681737 2386.575271492007 0.0021094319694700855 0.0011098297863418641 0.5685507768337001 5.9187181935908145E-8
16.3290488682447 2733.5298993513434 16.3290488682447 262.83570746812154  -6299.39136515858 -6299.39136515858 -6299.39136515858 0.0 0.0 0.0 6299.39136515858 1093.9887192354777 2733.5298993513434 0.0021090833681535245 0.001109764636668553 0.5548553438780681 3.4469653856835165E-8
20.800838230519 3121.217296059597 20.800838230519 371.0797955118696  -10694.211950771589 -10694.211950771589 -10694.211950771589 0.0 0.0 0.0 10694.211950771589 1425.984960202094 3121.217296059597 0.0021084023987495253 0.0011097899319373545 0.5441550173674784 2.0359524789930643E-8
26.4972488344774 3558.3712584603354 26.4972488344774 514.59130661143  -17965.765517741555 -17965.765517741555 -17965.765517741555 0.0 0.0 0.0 17965.765517741555 1845.9941237068952 3558.3712584603354 0.0021096649388276404 0.0011134411502418643 0.535742140703015 1.2195285673424023E-8
33.753649156604 4062.6957818501705 33.753649156604 702.9385869386368  -29916.579891598045 -29916.579891598045 -29916.579891598045 0.0 0.0 0.0 29916.579891598045 2370.763438688574 4062.6957818501705 0.0021182567924481403 0.0011033113343488204 0.5287569328928715 7.2902966655638025E-9
42.9972499599535 4605.018826065453 42.9972499599535 947.9322079587807  -49369.06312195705 -49369.06312195705 -49369.06312195705 0.0 0.0 0.0 49369.06312195705 3024.4137095913647 4605.018826065453 0.0021138452367211805 0.0011101162430726477 0.5238199765168978 4.4716585739915595E-9
54.7722557505166 5231.339386856382 54.7722557505166 1264.170346882849  -80878.71627724123 -80878.71627724123 -80878.71627724123 0.0 0.0 0.0 80878.71627724123 3836.0663416505236 5231.339386856382 0.0021164949151857033 0.0011003285401904816 0.5192463354992843 2.7192496502269386E-9
69.771904082101 5928.112337259791 69.771904082101 1669.2864140451547  -131582.1382318661 -131582.1382318661 -131582.1382318661 0.0 0.0 0.0 131582.1382318661 4835.1735888472285 5928.112337259791 0.0021162692434041103 0.0011070109668396928 0.5163841878087202 1.6944634799296116E-9
88.8792789805082 6711.429880677044 88.8792789805082 2184.9188508000007  -212647.71681256584 -212647.71681256584 -212647.71681256584 0.0 0.0 0.0 212647.71681256584 6064.299195155599 6711.429880677044 0.0021146454495561662 0.0010974900791549634 0.513406420554555 1.0453958118562645E-9
113.2193013222 7606.8402726540935 113.2193013222 2837.194957017036  -341751.0753896149 -341751.0753896149 -341751.0753896149 0.0 0.0 0.0 341751.0753896149 7570.703245175863 7606.8402726540935 0.002117751084984911 0.001104242058951511 0.5116510989417574 6.591458200468641E-10
144.224957030741 8590.691532366101 144.224957030741 3657.5495002389525  -546134.4132273259 -546134.4132273259 -546134.4132273259 0.0 0.0 0.0 546134.4132273259 9397.274942324586 8590.691532366101 0.0021127991717621543 0.0010949397622782963 0.5095066505486293 4.116211984071415E-10
183.721662186591 9740.382546992118 183.721662186591 4684.122454170332  -868329.9710123835 -868329.9710123835 -868329.9710123835 0.0 0.0 0.0 868329.9710123835 11638.63177923699 9740.382546992118 0.0021186627918460717 0.001101290401734035 0.5087501688475632 2.6202584263752303E-10
234.034731932072 10980.440638353348 234.034731932072 5962.292909823495  -1374442.167402619 -1374442.167402619 -1374442.167402619 0.0 0.0 0.0 1374442.167402619 14330.982651974908 10980.440638353348 0.00211095832207397 0.001092316179531159 0.5072724497533636 1.6520886925535795E-10
298.126280258061 12456.985191658168 298.126280258061 7546.786749581904  -2165713.531557349 -2165713.531557349 -2165713.531557349 0.0 0.0 0.0 2165713.531557349 17611.443295655037 12456.985191658168 0.0021192188533326072 0.0010986481644610015 0.5067936437798235 1.0604607124788859E-10
379.769610462371 14021.667743072312 379.769610462371 9502.714219028809  -3399058.2533247774 -3399058.2533247774 -3399058.2533247774 0.0 0.0 0.0 3399058.2533247774 21557.432841229645 14021.667743072312 0.0021091148438957285 0.001089949885803487 0.5057096313172084 6.732719237048502E-11
483.771363282358 15985.182832164057 483.771363282358 11907.901609536086  -5315321.1378875645 -5315321.1378875645 -5315321.1378875645 0.0 0.0 0.0 5315321.1378875645 26311.90229537795 15985.182832164057 0.0021189848868373904 0.0010155517788254759 0.5087374567488592 4.058853545904895E-11
616.254501372907 17894.055683535255 616.254501372907 14854.950350170782  -8282264.809721625 -8282264.809721625 -8282264.809721625 0.0 0.0 0.0 8282264.809721625 32026.313393381937 17894.055683535255 0.0021072479902182325 0.0010877154070117955 0.5046471300283919 2.781224421562569E-11
785.018790458488 20557.495876162568 785.018790458488 18454.142147582676  -1.2865644106921244E7 -1.2865644106921244E7 -1.2865644106921244E7 0.0 0.0 0.0 1.2865644106921244E7 38899.15484673532 20557.495876162568 0.0021180967429346013 9.507243754593632E-4 0.5190400202616626 1.6159773009896855E-11
1000.0 23089.117470234636 1000.0 22835.814796105282  -1.9925493738353718E7 -1.9925493738353718E7 -1.9925493738353718E7 0.0 0.0 0.0 1.9925493738353718E7 36246.891389874574 23089.117470234636 0.0021061220309371276 9.157793304111697E-4 0.5410899765253554 1.3670662431841168E-11
