#rho T p e s c^2 cv gamma alpha
1.0E-10 300.0 1.1945218304090956E-11 4.779972773937827 0.012884074169171325 0.29030623627673097 0.001569860736245093 0.2757096965262332 1.4909284510374675E7
2.154434690031879E-10 300.0 2.5731877644338144E-11 4.771769990693792 0.01255063443840697 0.15340899552433251 0.0015234686528725059 0.28410562047140253 1.3095714196065236E7
4.641588833612781E-10 300.0 5.542726644389622E-11 4.763552831139725 0.012217194530891673 0.1544198255431726 0.0014770766289854376 0.29302900954015326 6038706.465696424
1.0E-9 300.0 1.1938190551407048E-10 4.755314761824572 0.01188375433352566 0.15547780493227537 0.0014306847026445506 0.3025312174688271 2783849.3416704587
2.154434690031879E-9 300.0 2.5709867762874557E-10 4.747046281014807 0.0115503136608369 0.15658020729920524 0.0013842929362662922 0.31267050934292867 1283053.3852782927
4.641588833612781E-9 300.0 5.535834157685356E-10 4.738733570725879 0.011216872208671408 0.15772085213506054 0.0013379014322073754 0.3235132773983241 591235.4233431388
1.0E-8 300.0 1.191660885385873E-9 4.730356536981392 0.010883429478249874 0.15888823304758337 0.0012915103583234966 0.33513553008474745 272412.2486887145
2.154434690031879E-8 300.0 2.56422998652771E-9 4.721885960887775 0.010549984651628657 0.1600627303961543 0.0012451199898783458 0.3476247327892147 125515.77712925087
4.641588833612781E-8 300.0 5.514683044509343E-9 4.713279357471648 0.010216536387469792 0.16121246978301296 0.001198730778275446 0.3610821073444303 57844.533985713584
1.0E-7 300.0 1.1850409155718502E-8 4.704474956780671 0.009883082486126288 0.16228717761971953 0.0011523434637664477 0.37562553932038256 26671.832082376055
2.15443469003188E-7 300.0 2.5435142866789112E-8 4.695382956878965 0.009549619340417915 0.16254051932410668 0.0011059592602836066 0.39139330421647467 12361.112092140409
4.641588833612781E-7 300.0 5.425525341439036E-8 4.686045244313723 0.009217225670889864 0.1616616364945707 0.0010613829282303563 0.40460045090021013 5723.014192117468
1.0E-6 300.0 1.1525732572241333E-7 4.676598601059017 0.008888215195903408 0.11420298337917893 0.0010196159279310339 0.4168109770116426 3721.3310766717577
1.25892541179417E-6 300.0 1.443972547012531E-7 4.673708124085216 0.008790191061344864 0.16021049876773955 0.0010076517808965818 0.42045180432838564 2100.563065108706
1.58489319246111E-6 300.0 1.8082086246058987E-7 4.6707738453681165 0.008692479356484662 0.15953973183355563 9.958076287380315E-4 0.42411328722031805 1670.2768819943417
1.99526231496888E-6 300.0 2.2632395986663963E-7 4.667789196903871 0.008595080457603975 0.15884872494091237 9.843340475905646E-4 0.42769349203928264 1328.2854521778208
2.51188643150958E-6 300.0 2.8319744531339313E-7 4.664739019012088 0.008497991138584276 0.15797814500706509 9.730215388071718E-4 0.43136219447522695 1057.71222474931
3.16227766016838E-6 300.0 3.5405361380393094E-7 4.661611665308045 0.008401210020604347 0.15699829979177055 9.619705617888626E-4 0.4349119065989153 842.6905626113172
3.98107170553497E-6 300.0 4.4246408330765697E-7 4.658392857192614 0.008304733698645593 0.1559421548957304 9.512262505285051E-4 0.43848954011598595 671.8611570774724
5.01187233627272E-6 300.0 5.525206132082844E-7 4.655062984672567 0.008208557431907048 0.15468126065041288 9.406038641105236E-4 0.44209047678962404 536.3894352347589
6.309573444801931E-6 300.0 6.893767665377057E-7 4.651607264505294 0.008112677795989098 0.15333450613589264 9.303576126038735E-4 0.44560301520291434 428.50721393905803
7.943282347242812E-6 300.0 8.595470199317856E-7 4.64800119308727 0.008017087474110807 0.15173242122843936 9.202699432399662E-4 0.4492163731258851 342.99866283185634
1.0E-5 300.0 1.070268466111297E-6 4.6442229252027465 0.007921780810706864 0.14993474125913744 9.104461572037254E-4 0.45270704245354265 274.8965207660124
1.25892541179417E-5 300.0 1.3314177455281284E-6 4.640246629121584 0.007826749921003347 0.14796637183381312 9.009239379408886E-4 0.45623457389885147 220.65475715971021
1.58489319246111E-5 300.0 1.6539518503970588E-6 4.636039912506831 0.007731985231182461 0.14568794349396297 8.91517463259025E-4 0.4597994918439969 177.531216377352
1.99526231496888E-5 300.0 2.051416319490022E-6 4.631573783866162 0.007637478493874812 0.14320119059886202 8.824798637835472E-4 0.4632836913536525 143.0886505985834
2.51188643150958E-5 300.0 2.5405116916158995E-6 4.62680788148725 0.007543217112357899 0.14032752844006244 8.735929050694696E-4 0.46688681041201996 115.7118473905633
3.16227766016838E-5 300.0 3.1387865367452604E-6 4.621702641511624 0.007449189942142877 0.13710814513403663 8.649578168698566E-4 0.4703849612666319 93.83937374089477
3.98107170553497E-5 300.0 3.86985371809969E-6 4.6162124661463615 0.007355383339454044 0.13354703062681145 8.566068167088397E-4 0.47394287999602597 76.36129647584642
5.01187233627272E-5 300.0 4.757804430187741E-6 4.610283190602021 0.007261781587524325 0.12948967918016624 8.483665682515097E-4 0.4775638269559538 62.42805649688063
6.309573444801932E-5 300.0 5.830677135226196E-6 4.603860984543511 0.007168369754612811 0.12500682181608996 8.404686030854648E-4 0.4811360960134457 51.26910317042956
7.94328234724282E-5 300.0 7.120315927695209E-6 4.596878354342598 0.007075128239631647 0.11990658491050958 8.327081186173675E-4 0.48486035638812547 42.39029524108351
1.0E-4 300.0 8.653502761034292E-6 4.589265144484926 0.006982038186225772 0.1141938109115377 8.251819899327043E-4 0.4885257406520741 35.3016192021924
1.25892541179417E-4 300.0 1.0463541509621907E-5 4.580941528737605 0.006889077492118944 0.1078361966458769 8.179129836999872E-4 0.4922962459634755 29.659857787487912
1.58489319246111E-4 300.0 1.256958557606134E-5 4.571815571622384 0.006796221101577755 0.10065513140772067 8.107477459790541E-4 0.4961836587966071 25.216934302831348
1.99526231496888E-4 300.0 1.4979936011154396E-5 4.561790494212248 0.006703443582796054 0.09266589727809274 8.038905426943433E-4 0.5000912960882894 21.74334115342239
2.51188643150958E-4 300.0 1.7681562821979454E-5 4.550751659104823 0.006610713720884714 0.08364916165118369 7.971609227599475E-4 0.5042146448004372 19.12933461382978
3.16227766016838E-4 300.0 2.060259042903017E-5 4.538575631324135 0.006517999242198911 0.07355007650227718 7.906457152725268E-4 0.508374883613363 17.281557429299323
3.98107170553497E-4 300.0 2.3623833973668302E-5 4.5251231269099295 0.006425262851045294 0.0622722873996354 7.84361979112803E-4 0.5127332435480745 16.222328490322347
5.011872336272729E-4 300.0 2.6495035768923403E-5 4.510236254220101 0.0063324621397191005 0.04958805232260015 7.781836836949239E-4 0.5173177097041224 16.19803809577115
6.309573444801941E-4 300.0 2.880435930206593E-5 4.493743509132123 0.0062395513926028455 0.035423234413584706 7.722826338917983E-4 0.5220613773504315 18.038882131474768
7.943282347242811E-4 300.0 2.9893004377349225E-5 4.47544777743779 0.006146476297091245 0.019495754502289356 7.665111065257364E-4 0.527159478479619 26.092784309960404
0.001 300.0 2.867676825907003E-5 4.455132638533075 0.006053177379315858 0.0016492102939578701 7.609457746980112E-4 0.5324841847495752 245.68824968118662
0.00125892541179417 300.0 2.3560467885084665E-5 4.432555006697574 0.0059595858142029645 -0.018376898262192725 7.556042585236337E-4 0.5382043010696265 -17.57799554277069
0.00158489319246111 300.0 1.2027491323638726E-5 4.407426600079353 0.005865622509802053 -0.04084059973718321 7.503894833132492E-4 0.5443852123832381 -6.3110402117137605
0.00199526231496888 300.0 -9.571236316166367E-6 4.379469554737911 0.00577119830709476 -0.06595799082305209 7.454482017642939E-4 0.5510089816604015 -3.121107530923045
0.00251188643150958 300.0 -4.669496352087634E-5 4.348330821419428 0.005676208678870496 -0.09421591216644908 7.406673879822272E-4 0.5582978353660765 -1.747289671218266
0.00316227766016838 300.0 -1.0746106540127868E-4 4.313630673272791 0.005580534954952122 -0.12593684649266806 7.36120561958328E-4 0.566197343293679 -1.0465595909234184
0.00398107170553497 300.0 -2.0353424486407659E-4 4.274943355663445 0.005484039766177423 -0.16155680175033157 7.318271390050945E-4 0.5749217188660044 -0.6541720415609407
0.00501187233627272 300.0 -3.5204429368099687E-4 4.23179134406856 0.00538656467311624 -0.20163192904408112 7.27723869205151E-4 0.5845871449052398 -0.4209752619040883
0.006309573444801931 300.0 -5.776413767434272E-4 4.1836437832514175 0.0052879300445985815 -0.24675545526402687 7.239353174512106E-4 0.5952808203765312 -0.27679286540783427
0.00794328234724282 300.0 -9.159857877070806E-4 4.129903615099066 0.005187932002485902 -0.2976160430420503 7.203587656300348E-4 0.6071710486571874 -0.1850135610010007
0.01 300.0 -0.0014181618765220733 4.0699076631444555 0.005086344026510495 -0.3550624970301769 7.171235633765542E-4 0.6203607983194676 -0.125294941028979
0.0125892541179417 300.0 -0.0021577853192432657 4.00291150735973 0.004982930150589027 -0.42018762883047134 7.139869664751398E-4 0.6350378751922489 -0.08571299107291674
0.0158489319246111 300.0 -0.0032407331314645055 3.9280954133366697 0.004877445474476172 -0.4938735590517644 7.113130759679007E-4 0.65069370880707 -0.059131871515396416
0.0199526231496888 300.0 -0.004816885423638238 3.844535350925955 0.004769676064825301 -0.5779571331227054 7.084410131746479E-4 0.6681241855086348 -0.04104547259392669
0.0251188643150958 300.0 -0.007106935010971488 3.751224844052869 0.004659443837856581 -0.6729420842501116 7.058409491470769E-4 0.6856913024439162 -0.028632403259455163
0.0316227766016838 300.0 -0.010411276385921438 3.6470380224723944 0.004546624959081703 -0.7808707899753241 7.033175132070872E-4 0.7047981208894548 -0.02007414199741715
0.0398107170553497 300.0 -0.015178188267550094 3.5307229919568317 0.004431102942947735 -0.9029591281818959 7.009211170618248E-4 0.7240589127137598 -0.014118057797438478
0.0501187233627272 300.0 -0.022018954077253478 3.4008925168309743 0.004312730633147584 -1.0407781016437974 6.997219490692878E-4 0.7441182007019039 -0.009981809529839597
0.06309573444801932 300.0 -0.03181715062119001 3.2559552189489285 0.0041911831900365605 -1.1962550542217563 6.996893962954048E-4 0.7651928120757125 -0.007093366317292808
0.0794328234724282 300.0 -0.04580027703800445 3.0941309483276838 0.004065980904220891 -1.372334001992701 7.017811312447232E-4 0.7881139976240878 -0.0050737714964347235
0.1 300.0 -0.06572907495158443 2.9133963804562395 0.003936427843010196 -1.4578113298213364 7.06110029403317E-4 0.8126916843242696 -0.0039363787163347805
0.115225000570453 300.0 -0.08196589870762443 2.7917931099501385 0.003854168335793482 -1.6990889294137312 7.101606850692E-4 0.8291912285013 -0.003007796821007365
0.132768007564609 300.0 -0.10212042572144359 2.6616013630067807 0.003769695181551373 -1.844755441407829 7.152146733650315E-4 0.8465339186461361 -0.0024720004296870475
0.1529819374737 300.0 -0.1270882422488082 2.5222083219117297 0.003682751283328083 -2.0007323246984074 7.208395373058092E-4 0.8655156198709039 -0.002038376310835047
0.176273438326762 300.0 -0.15797524807717944 2.373007457331859 0.0035931122941108133 -2.1676333329989212 7.283131785488799E-4 0.8847204505701757 -0.0016863648372607866
0.203111070317568 300.0 -0.1961303435997375 2.2133415574486732 0.0035004629610583607 -2.3442562294114655 7.370847468257534E-4 0.904885833455605 -0.001400788409711661
0.234034731932072 300.0 -0.24307766757691196 2.042571286611601 0.003404462964481494 -2.527892233704035 7.471193252992028E-4 0.92643096522034 -0.0011699415457072032
0.269666521203788 300.0 -0.3005697652318797 1.860128274191579 0.003304770631848104 -2.7133935454083815 7.591423868583246E-4 0.9483325926024028 -9.838844519918211E-4
0.310723250595386 300.0 -0.3703920584181588 1.665561824363317 0.003200990188959049 -2.8896205973560773 7.725794835323975E-4 0.9714516771709532 -8.358912852615539E-4
0.358030867271064 300.0 -0.45395914302096424 1.4587285093399744 0.003092693198437635 -3.0369408112844165 7.878417573960514E-4 0.9956983632029747 -7.214562342265807E-4
0.412541068855482 300.0 -0.5515505894655238 1.240049299058497 0.0029794205150319585 -3.118025403939251 8.052688526469946E-4 1.020312944841577 -6.387449198383769E-4
0.475350448942082 300.0 -0.6603021453190135 1.0109847502866414 0.0028606702966568315 -3.0660720858369026 8.245879307801919E-4 1.046141635727353 -5.918766285163222E-4
0.5477225575051659 300.0 -0.7702935490501772 0.7749123049797568 0.002735877495348433 -2.7621975181214813 8.462899339175936E-4 1.0728405420737908 -6.001212346559786E-4
0.631113320009828 300.0 -0.8563595046806689 0.5386330397968168 0.0026044445725363196 -1.991891177800161 8.704452991556477E-4 1.0999222862704978 -7.616063063349529E-4
0.727200326581531 300.0 -0.8608217157253931 0.31506074431687564 0.0024657144718552813 -0.3770301609076907 8.971549200860612E-4 1.1280120793354147 -0.003691059404327059
0.837916580451906 300.0 -0.6590993002140028 0.12815382404701856 0.0023177359190737325 2.6490051807669626 9.123818326662622E-4 1.20675864378285 4.960362954905576E-4
0.96548938460563 300.0 -0.005485578146211589 0.01189997634231273 0.002132643039666362 4.491316123601084 0.0010900809125323357 1.2849840827657772 3.2302442037939605E-4
0.968 300.0 0.013446684969525207 0.010818242696723341 0.002129001613408865 10.498053674675873 0.001089934552361219 1.2850058517075011 1.3782289866370943E-4
1.1124851489195 300.0 1.3384700503498255 0.03454224511548644 0.0019350741685118884 12.38680333822745 0.0010809737659710147 1.260069657191455 9.884534997678081E-5
1.2818610191887 300.0 3.416727913486272 0.24946328029885675 0.0017504757607006345 17.448526254711947 0.0010697329216387088 1.1603000566320953 5.5493993990905595E-5
1.4770243666726 300.0 6.572028686377986 0.6999270498866779 0.0015819846135981886 22.614944730489306 0.001056031868034805 1.0735123776243276 3.3939144406424516E-5
1.70190133492423 300.0 10.909653228017627 1.4221447976172068 0.0014278172982778677 27.311045835680932 0.0010394930142129189 0.9982837589223238 2.232558618533306E-5
1.961015822875 300.0 16.69264598256118 2.4336121180851005 0.001286431222246942 33.12864858723347 0.0010193763603615546 0.933424778843299 1.4646338444497398E-5
2.25958049309439 300.0 24.95345821358479 3.772918783511074 0.0011565694105640568 43.03017853757982 9.955281898391163E-4 0.8772602878633976 8.982165800317865E-6
2.60360163605786 300.0 38.12108452362572 5.538199637988176 0.0010372207067233614 62.33984690055938 9.689015421350153E-4 0.8277491810258968 4.94126493191529E-6
3.0 300.0 62.14419006729947 7.9725565566307965 9.274631255085689E-4 117.60037129426257 9.395251269142431E-4 0.7843510590983701 2.088761909605381E-6
3.82156457458535 300.0 149.78959007595134 14.966861958325211 7.597564142423015E-4 169.87577782828743 8.825841250442882E-4 0.7235417505748489 9.836646108693128E-7
4.86811859924191 300.0 326.5131659875144 27.61767992988309 6.138947262152546E-4 250.11535937069596 8.195265718478347E-4 0.6763232189552625 4.5521422470124167E-7
6.20127652791432 300.0 637.0946100452061 47.960921223336314 4.924724055888419E-4 344.7115988392484 6.207638187906982E-4 0.6385700754226665 1.8543767107720331E-7
7.89952623209501 300.0 1172.7130736381457 78.10689999333523 3.9595121990795216E-4 466.56956591422113 6.816709325006731E-4 0.6090912926596495 1.1265220952530683E-7
10.062849868194 300.0 2089.7518034674517 120.84884821050281 3.026582204146185E-4 624.6448937880248 5.62328461680654E-4 0.585378516730257 5.236880427184155E-8
12.818610191887 300.0 3647.3873844484356 179.99982248369062 2.284874199891836E-4 829.7320748482035 4.587415636944117E-4 0.5669109009206093 2.4451419611149094E-8
16.3290488682447 300.0 6277.687625856127 260.43648582043096 1.6994982999013548E-4 1091.4820940058146 3.668841230740831E-4 0.5520447083931153 1.1363854518662588E-8
20.800838230519 300.0 10663.114965731127 368.32651476100455 1.2441184514974188E-4 1423.122475555339 2.8562280552607984E-4 0.54145130585433 5.224312801837279E-9
26.4972488344774 300.0 17921.171549778795 511.44154820946693 8.97775113141582E-5 1840.8637252354333 2.164272831047241E-4 0.5304695307439896 2.3536941468094515E-9
33.753649156604 300.0 29852.335507252148 699.3308066303427 6.434424728695376E-5 2360.319609687395 1.628184627291355E-4 0.5116752159799006 1.0456985000448751E-9
42.9972499599535 300.0 49277.18752283417 943.840716458562 4.535084683463234E-5 3040.644087756986 1.1596370091979581E-4 0.5363627546910184 4.757451963640771E-10
54.7722557505166 300.0 80746.70653761872 1259.5175234198057 3.1329699450755776E-5 3842.915274686073 7.636511403769693E-5 0.555242378140342 2.0144485200826727E-10
69.771904082101 300.0 131392.75975286323 1664.013069755013 2.168890607663343E-5 4880.392515157517 4.9690475452892E-5 0.60710217605074 8.859304201196786E-11
88.8792789805082 300.0 212376.0659357925 2178.949825519289 1.5187872128687255E-5 6001.531667123526 3.32848554986723E-5 0.5684271653485475 3.546981112781915E-11
113.2193013222 300.0 341360.31903223525 2830.428521549209 1.1327959326384492E-5 7476.5025082328 2.87915980267282E-5 0.4755619097560725 1.6175357158579097E-11
144.224957030741 300.0 545574.5757423984 3649.914171623009 8.03719889063359E-6 9480.356383907098 1.954790730032997E-5 0.534104173697776 7.635916326177766E-12
183.721662186591 300.0 867522.9824172293 4675.4611303261645 5.70285300151833E-6 11692.931676702752 1.273797951268575E-5 0.5563342993109073 3.298774312593412E-12
234.034731932072 300.0 1373287.214527537 5952.541815279254 4.109558937367789E-6 14458.855646354194 8.485262200624403E-6 0.5901068350023917 1.4797272657707275E-12
298.126280258061 300.0 2164045.912997457 7535.716109362749 2.9835909208486556E-6 17838.61075520484 5.510253339089269E-6 0.6432629949626284 6.664979904203414E-13
379.769610462371 300.0 3396674.2749593128 9490.273555231179 2.176081531312472E-6 22189.38488796961 3.402785339303198E-6 0.7757150583437453 3.1323573550528854E-13
483.771363282358 300.0 5311886.043733456 11893.826028873942 1.5403640099975745E-6 28092.40565895666 1.6117523256504363E-6 1.272129869518103 1.5086922783127859E-13
616.254501372907 300.0 8277342.067769954 14839.088380576712 1.1865691218796807E-6 28444.837060681897 1.2208817089491641E-6 0.4292372089555901 2.9895608297975634E-14
785.018790458488 300.0 1.2858528898092326E7 18436.200105882734 1.1919769652498266E-6 35874.33835680017 3.323469013715672E-6 0.20828393161043746 2.4580088864495656E-14
1000.0 300.0 1.9915403732242394E7 22815.785281215693 6.657075209659525E-7 71205.69501459593 -1.0046260933373375E-7 -19.54031943095504 2.756902347271531E-14
