#rho v/v0 up us e p T s csqv cv gamma alphavol uc phi st
11.155949 1.0 0.0 - 0.031684578644647944 1.0124052644692533E-4 293.0 NaN 4.037148101953848 1.2098606967026023E-4 1.99788468247912 5.36691335372003E-6 - - 11.155949 293.0
11.34 0.9837697530864197 0.03352580548601582 2.065637427731533 0.03224671575130262 0.7726747900833882 303.1897795154118 NaN 4.218130261090375 1.2237415459915465E-4 2.088720497070068 5.343637530830194E-6 195.5295625377411 8.2022551238654 11.34 303.1897795154118
11.4545453 0.9739320686959089 0.05422270981608577 2.0800541931601604 0.03315486634170019 1.2583380558106627 309.690143864943 NaN 4.528197891255426 1.223555382447856E-4 2.0633791377668005 4.867426641026539E-6 43.341724044370046 17.386467474215333 11.4545453 309.690143864943
11.6307689 0.9591755365373995 0.08654687645388348 2.119975845687955 0.035430130039674324 2.0469645036723856 320.30057732100795 NaN 5.143235122836285 1.2232693261868963E-4 2.0267623813221336 4.14457607390353E-6 20.507615152991065 25.346021499408565 11.6307689 320.30057732100795
12.0638322 0.924743382952558 0.16854920041679222 2.239659541307021 0.04588967808096904 4.211391942900225 352.18107512373155 NaN 6.20794754036481 1.2225368772539067E-4 1.9472029407219411 3.1786291288502586E-6 13.27168918403544 31.734045291509428 12.0638322 352.18107512373155
12.5303825 0.8903119278282207 0.2611325658640027 2.380683338613613 0.06578068254410595 6.935464107096056 402.66213074287623 NaN 7.401500189333033 1.22178630141708E-4 1.87480210345232 2.4698273792421167E-6 10.776389207625517 35.618748736986625 12.5303825 402.66213074287623
13.0344795 0.8558798991551598 0.36634033423927526 2.5419100603716456 0.09878850678357207 10.38856759371833 487.83047986824533 NaN 8.751074718964155 1.2209767950468987E-4 1.8084548390952164 1.935797803778893E-6 9.607762881563556 38.258442921610026 13.0344795 487.83047986824533
13.414039537219 0.8316621528545793 0.4501690080766951 2.674199627180757 0.13344312253001145 13.430098893628752 580.2425 NaN 9.046641069155841 1.249523019294723E-4 1.7319997437218402 1.7833851372071315E-6 10.262884819836469 37.13331760573382 13.414039537219 580.2425
13.5808407 0.8214476000738304 0.486678277134299 2.725688802477804 0.15011407172951188 14.798841652393516 631.4664267004097 NaN 10.253413249326238 1.2494562876728266E-4 1.7141929744118267 1.538103857298583E-6 9.062459072283055 40.025077334864264 13.5808407 631.4664267004097
14.175 0.7870158024691357 0.6252713799638855 2.935764189140254 0.227168660782734 20.47851150094955 868.9201621377892 NaN 12.011931672372334 1.2492188524625475E-4 1.658497591602562 1.2167951057708469E-6 8.806864845776047 41.346126450725535 14.175 868.9201621377892
14.678964849298954 0.7599956205721681 0.7506162427425407 3.1275106084814053 0.3137417730502567 26.189363798670144 1160.485 NaN 12.413531112447364 1.2983061916854946E-4 1.5585947081630696 1.1105025447067502E-6 9.612008750584483 39.74596695263765 14.678964849298954 1160.485
14.8235233 0.7525841714027596 0.7862128566891007 3.1776982949985344 0.34075215196132613 27.87153579274846 1257.7303825762363 NaN 13.941890380733252 1.2982780906259023E-4 1.5478167733583692 9.723310907582477E-7 8.838773120283419 42.06277611629063 14.8235233 1257.7303825762363
15.5342464 0.7181519278592103 0.9741803040589085 3.456402226417511 0.5062007688313646 37.563955005726655 1869.6411484793052 NaN 16.300551322395567 1.2981400362779356E-4 1.5008401966202174 7.694200763147977E-7 8.973191533153617 42.65272043979644 15.5342464 1869.6411484793052
15.924356327770626 0.7005588653241224 1.0853407310878276 3.6245545631618943 0.6211407856206731 43.88622907187732 2320.97 NaN 16.416695956407192 1.4254563295404405E-4 1.3468431151686464 7.343841337949724E-7 9.709371469193629 41.059454636030736 15.924356327770626 2320.97
16.3165477 0.6837199391143262 1.194477743667069 3.7766457370793236 0.7450759889523877 50.32591784613364 2792.9804284457223 NaN 18.809022624998665 1.4254627418708557E-4 1.3271017216002057 6.164041857744174E-7 9.334034575687099 42.695634425903535 16.3165477 2792.9804284457223
17.1818237 0.6492878285091471 1.4566684475330682 4.153458493729695 1.0926292443858976 67.49595703722355 4198.514581007025 NaN 22.76712130758723 1.4254769026168657E-4 1.2888484796297295 4.6966118358760967E-7 9.55231289862431 43.46233054699421 17.1818237 4198.514581007025
17.863702888660267 0.6245037252092737 1.688709472576645 4.497273570870459 1.4573103538431267 84.72494299825088 5802.425 NaN 23.23120282206423 1.5837595361567995E-4 1.1363226195269835 4.336583482557472E-7 10.777195782322979 41.055217503151084 17.863702888660267 5802.425
18.144 0.6148560956790123 1.7807547790276288 4.623608887610765 1.617231865350436 91.85275930915698 6459.0690065916315 NaN 26.21440016248266 1.5837669164185666E-4 1.1271332050757028 3.7531294930573606E-7 10.395854522191728 42.64435429662651 18.144 6459.0690065916315
18.738483626967838 0.5953496143062883 1.9931538537812754 4.925619557644349 2.017570950275825 109.5238269326588 8123.395 NaN 26.551330157808344 1.7420445334312187E-4 1.0084036141231956 3.5307983903598935E-7 11.431046064866193 40.701844653580864 18.738483626967838 8123.395
19.0268417 0.5863268941791847 2.0926322340165684 5.058661548384544 2.221243166161397 118.09606498899588 8911.7825647068 NaN 28.91852226163508 1.7420545720108404E-4 1.000899521192663 3.168906574492578E-7 11.280404478174793 41.56435543774478 19.0268417 8911.7825647068
19.4845354 0.5725540163508338 2.2597875848367215 5.286720828546799 2.585008422019125 133.27873008216534 10337.660088599874 NaN 31.032737419642835 1.7420705136214602E-4 0.9897305238887517 2.851494596251145E-7 11.577599898080434 41.49565795893754 19.4845354 10337.660088599874
19.843041579399234 0.5622096267530855 2.3958893813656443 5.472686307824221 2.9016487331942065 146.276358026042 11604.85 NaN 29.18979048864519 2.0844938220736424E-4 0.6524160779955887 2.3479348781701674E-7 12.711993517135006 39.05924139147564 19.843041579399234 11604.85
19.9647844 0.558781341009623 2.4364927895920134 5.522188919134431 2.999937139582355 150.10086803721506 11920.016451987583 NaN 30.86884907620375 2.0854627504879428E-4 0.6526125687523834 2.208374932371443E-7 12.420115644044872 39.91862147447849 19.9647844 11920.016451987583
20.4693124 0.5450084879255641 2.6112288684838076 5.739071607244872 3.4409468095060314 167.1834815991182 13345.566746942231 NaN 33.16540938547935 2.0891675807959605E-4 0.653504690857118 2.0110986318095065E-7 12.561663151161063 40.11604643367167 20.4693124 13345.566746942231
21.0000017 0.531235623661878 2.8020008055451306 5.977418393935366 3.957293089831298 186.8480918191589 15047.982183235965 NaN 35.68715906162564 2.0927499192148114E-4 0.6544797137558129 1.8276044931343733E-7 12.760016813010665 40.24871398845459 21.0000017 15047.982183235965
21.5589389 0.5174628051847208 3.0109191605069516 6.239765955574816 4.564506053236146 209.5917218976071 17090.697197249192 NaN 38.464552279061394 2.0962040353817582E-4 0.655541422218963 1.6570882136788055E-7 13.016203103939876 40.31863317933677 21.5589389 17090.697197249192
22.1484375 0.503690113580247 3.240476619839095 6.529139774375698 5.282033444531639 236.03236872524582 19554.180769245417 NaN 41.3795636030906 2.0995188563402366E-4 0.6566953358311631 1.5043701637588754E-7 13.358632344465958 40.255981878260556 22.1484375 19554.180769245417
22.68 0.49188487654320984 3.4559202575168175 6.801451281366371 6.003381602960121 262.22373100240617 22078.17168327978 NaN 44.78109397159573 2.1022507658435916E-4 0.6577591018780653 1.3614874320148688E-7 13.601264969342672 40.43452865715888 22.68 22078.17168327978
22.894879628655296 0.4872682967084563 3.5474023306120297 6.918632703690932 6.322997969757557 273.80249620292835 23209.7 NaN 43.760109271357265 3.178458520901073E-4 0.5342944063232467 1.695041803609182E-7 14.108810598391397 39.44261982693336 22.894879628655296 23209.7
23.4297554 0.4761444927419088 3.759555576553876 7.17670335515177 7.098818399245631 301.0011610787674 25017.330197748954 NaN 47.207631567356096 3.1663133862135226E-4 0.5376652653736577 1.5391675934295307E-7 14.27758939213745 39.71205976020795 23.4297554 25017.330197748954
24.1276644 0.462371691476279 4.0496788063347635 7.532488044490844 8.231638674873961 340.30292317076777 27729.611416252428 NaN 51.09396065792626 3.1512567475380267E-4 0.5419341429265663 1.385305151294715E-7 14.690148391537452 39.648282024792636 24.1276644 27729.611416252428
24.8684159 0.44859910035524214 4.372258358842218 7.929363846992382 9.59001116085493 386.768233541591 31081.00937984287 NaN 55.45365066584145 3.1360375532643673E-4 0.5463285297893081 1.242386921182208E-7 15.1808736750483 39.52476154260115 24.8684159 31081.00937984287
25.6561036 0.4348263155594678 4.732828574141153 8.374113488362784 11.231522863713975 442.1465455558979 35250.973424947246 NaN 60.37549235409604 3.1206440640479336E-4 0.5508559018359235 1.1097645745026072E-7 15.759292778510787 39.34101411504051 25.6561036 35250.973424947246
26.4953317 0.4210533812641417 5.138302421514657 8.875261129833083 13.232765720071919 508.75349777070096 40481.513820054606 NaN 65.97415070438686 3.105061903715544E-4 0.55552643914326 9.868061033155122E-8 16.43804083207324 39.09618038453105 26.4953317 40481.513820054606
27.3913051 0.40728066659372136 5.597470048160804 9.443710931433422 15.697525427616622 589.7134839360651 47105.01150248362 NaN 72.39355305023538 3.089275294381228E-4 0.5603501725170391 8.729784112196652E-8 17.234623617304795 38.78719915637675 27.3913051 47105.01150248362
28.35 0.39350790123456786 6.121715497748324 10.093644270402883 18.769390400262175 689.3308593720888 55587.09948894991 NaN 82.19031292752773 3.0732607458663116E-4 0.5653397585894163 7.456503752613938E-8 17.963994159102914 38.916980072862934 28.35 55587.09948894991
28.588025730420323 0.3902315292842705 6.263432415296002 10.27182072556844 19.641364208391394 717.738773287783 58024.25 NaN 81.52795340426123 5.145234758950017E-4 0.50240546438288 1.1090952479997991E-7 18.47224073007663 38.226369151839975 28.588025730420323 58024.25
30.4838705 0.36596235376344355 7.329962328335692 11.56076831059479 26.895864199962926 945.3551771444768 70436.45656016553 NaN 94.5896967191699 5.055530110255626E-4 0.5069099025141762 8.88758025845104E-8 20.461969824981498 37.14392689322538 30.4838705 70436.45656016553
31.6759766 0.35218958331974526 8.069504919484213 12.456584074144562 32.59014528033093 1121.3789866965365 80591.31092728177 NaN 104.67942774147669 5.003481010094917E-4 0.509510610728624 7.68836752003946E-8 21.807369175262274 36.57603806304171 31.6759766 80591.31092728177
32.9651192 0.338416765075735 8.934573188291612 13.504836151590812 39.944989610999336 1346.0763162290448 94111.61421885218 NaN 116.65347325958018 4.950355532385166E-4 0.5121702952634996 6.593233446924697E-8 23.411269287881915 35.928240761885505 32.9651192 94111.61421885218
34.363636 0.32464402195390496 9.96112688243425 14.749446523377594 49.64371509149481 1639.044492068824 112474.33429254428 NaN 131.11698715523605 4.896133116757218E-4 0.5148858343608336 5.5950772761153014E-8 25.350129021395123 35.191707389320534 34.363636 112474.33429254428
34.59887144594256 0.3224367886516214 10.147036316727242 14.975778121917543 51.50601175046582 1695.2554837683488 116048.5 NaN 130.0638809810976 7.987689746233819E-4 0.4639348972222466 8.234923847747863E-8 25.972769784404896 34.60195222577444 34.59887144594256 116048.5
35.8860764 0.3108712380715992 11.09195146621045 16.095615331990576 61.54738449689012 1991.691579329765 127964.94087477635 NaN 145.1936287627612 7.910636570054762E-4 0.4678806938119972 7.103510405601307E-8 27.52584727744112 34.25607849446736 35.8860764 127964.94087477635
37.5496657 0.2970984905466149 12.450265887230364 17.712674848162408 77.53625128886011 2460.1937718915733 147433.26914135955 NaN 166.0930153645268 7.813752836098698E-4 0.47296065958200345 5.9255305706346537E-8 29.93663345949442 33.59120834858632 37.5496657 147433.26914135955
39.5122001 0.2823418835642108 14.294548217755443 19.918325857928778 102.1987454662783 3176.360604893323 178373.394771472 NaN 194.73474051595787 7.702835719548292E-4 0.47894959610963006 4.794748127954764E-8 33.36410129388034 32.667459516501985 39.5122001 178373.394771472
41.5384654 0.26856911762561164 16.567265393228105 22.65048659067697 137.26883252122568 4186.343845252096 223697.91133786956 NaN 232.36572500471053 7.591875422775822E-4 0.48513280376318463 3.815814015831736E-8 37.69230095386367 31.677845229482937 41.5384654 223697.91133786956
41.840001514440516 0.2666335706548594 16.95121676434519 23.114252420146602 143.6815004143101 4371.064946693989 232097.0 NaN 228.95916680573487 0.0013814214947717156 0.40680769460610877 5.8663185287007575E-8 38.99830980212428 30.874109057964947 41.840001514440516 232097.0
43.7837854 0.25479635664393696 18.94569027551707 25.423507311631184 179.501281349298 5373.440263616444 258061.6089513445 NaN 262.2137969225412 0.0013705781749297349 0.4107136403354725 4.903137728000519E-8 42.3751738522028 30.274088763752708 43.7837854 258061.6089513445
45.36 0.24594243827160492 20.784980996073667 27.56418349340847 216.0394089253083 6391.4778938715135 284821.7330901086 NaN 296.34707160390855 0.0013621145469351176 0.4138062740194345 4.1931173431547596E-8 45.470619689063845 29.858730048872886 45.36 284821.7330901086
47.6470625 0.23413718316842722 23.91079516479383 31.220728620452466 285.89475423523356 8328.054887160062 336565.2397754338 NaN 356.2813195539228 0.001350278099242989 0.4181920538331456 3.326364346010351E-8 50.95371017187295 29.135354965617534 47.6470625 336565.2397754338
50.6250032 0.2203644107621508 29.169952710557556 37.41485523906537 425.47476222193995 12175.486349375256 441418.86493418086 NaN 459.9978737987251 0.001335586873878881 0.42373682786509004 2.4302304900791828E-8 60.77998542954493 27.8872426340768 50.6250032 441418.86493418086
52.2580653 0.21347803321758257 32.94496002460107 41.88689116894676 542.7168872276334 15394.78529445231 530394.8998492782 NaN 546.1199198034269 0.0013278481726749303 0.42670390361734095 1.9853345074168164E-8 67.84810891894816 27.269038757724093 52.2580653 530394.8998492782
52.96650387856991 0.21062271781380804 34.87534963019329 44.180837753026665 608.1193762083868 17189.33357633861 580242.5 NaN 584.0101844835492 0.0019365626760765222 0.4138137288712175 2.5906856750467885E-8 71.84582608919263 26.78504171229204 52.96650387856991 580242.5
54.0000027 0.2065916378185662 37.68480693119785 47.49736545199182 710.1040284996748 19968.357260947203 633710.9586641265 NaN 660.221691252883 0.0019288674683429774 0.415542451948234 2.2481962353098707E-8 76.84280019976582 26.56373972779498 54.0000027 633710.9586641265
56.7 0.19675395061728393 47.71820885097255 59.40671465193431 1138.545419840641 31624.68370801826 859992.5898109595 NaN 924.1222645254551 0.0019096997152052806 0.4199131169243677 1.5304249307990192E-8 96.51752763523754 25.285039420350767 56.7 859992.5898109595
58.51519439770514 0.1906504646327812 58.381975856382596 72.13444044283472 1703.813975863077 46981.61886716521 1160485.0 NaN 1227.0675114993348 0.002994555171951668 0.36590487098225516 1.5260311547898344E-8 118.7586635134918 24.066725576330825 58.51519439770514 1160485.0
59.9999967 0.18593249355962047 63.927555873952144 78.52856841502499 2043.397891974965 56004.419723139916 1276673.3314849753 NaN 1419.4718355887258 0.00298311910968259 0.3672330792602981 1.2862766385300419E-8 128.2188506690476 23.85882329079967 59.9999967 1276673.3314849753
62.307698 0.17904607870443232 75.07739511372509 91.4514117859911 2818.3393205600187 76596.00714774396 1542026.8357694452 NaN 1833.727937700148 0.0029662776253032135 0.3692034600065695 9.58519495065966E-9 148.06911721508314 23.396490931338793 62.307698 1542026.8357694452
64.8000032 0.17215969828840993 93.47301679907936 112.91189448716193 4368.634126851804 117742.28895260605 2073538.0283489681 NaN 2658.6397449395786 0.0029488749100591563 0.37126249901849434 6.354815026614488E-9 181.2390188179762 22.926500108232784 64.8000032 2073538.0283489681
65.51624141339168 0.17027760993810148 100.90896397069415 121.61774248753993 5090.1773135419235 136909.38053809604 2320970.0 NaN 3070.223452415855 0.0035661634808353965 0.39125705671408734 6.9365651966292356E-9 194.1968629422765 22.908360485625117 65.51624141339168 2320970.0
66.53692377131827 0.16766553618171534 135.71532593642408 163.0538345292566 9205.225065273351 246868.92787919944 3481455.0 NaN 5252.865771283249 0.004411785179599601 0.3925176663090619 4.9546678338131685E-9 261.8095176926117 22.375026157539494 66.53692377131827 3481455.0
67.2272085878069 0.16594395683451552 197.07994967167357 236.29101579756923 19410.088033339252 519512.7041899288 5802425.0 NaN 10777.80367905717 0.005448400316854806 0.4167953622477905 3.1341266333537354E-9 379.70411449299405 22.137172704397173 67.2272085878069 5802425.0
65.7768430248481 0.16960298620269273 320.12527693359016 385.50870440838315 51224.63065712972 1376767.7230840076 1.160485E7 NaN 28936.89125326413 0.006556541512815786 0.4414736184739244 1.5207389648054733E-9 626.1949818150644 22.164047734485447 65.7768430248481 1.160485E7
64.8000032 0.17215969828840993 368.4713211640603 445.09952028456746 67885.58895228535 1829647.1266436463 1.4119340028853035E7 NaN 38925.06699221354 0.006572245569740238 0.4408728784374025 1.1487427120211629E-9 727.7568338696134 22.2180509626172 64.8000032 1.4119340028853035E7
63.4617680128256 0.1757900756522476 506.1772034085094 614.136263657682 128093.24588649996 3467958.1242268016 2.32097E7 NaN 77180.44894249228 0.007021244942367779 0.47578549172441015 6.820337269185928E-10 1004.479300914801 22.626937298554754 63.4617680128256 2.32097E7
62.307698 0.17904607870443232 569.5473114260873 693.7628247481547 162192.101668371 4408058.5133123975 2.8007860153897285E7 NaN 100484.01975151674 0.007023332399815595 0.4758587766734859 5.338049546594582E-10 1140.7885084066759 22.80070556399832 62.307698 2.8007860153897285E7
59.9999967 0.18593249355962047 836.132859540362 1027.1050655202616 349559.11109353765 9580687.673885658 5.4549139226001024E7 NaN 229544.40453024462 0.007027428330970815 0.4760181398030803 2.428857249166452E-10 1707.8555128519924 23.16153814676914 59.9999967 5.4549139226001024E7
59.8714819328637 0.18633159961715348 864.9275456627287 1062.9975863088252 374036.3650608851 1.0256956816343097E7 5.802425E7 NaN 264451.5683760184 0.005863605753212555 0.5796585236454563 2.146697417091966E-10 1728.9124752452615 24.05828502226733 59.8714819328637 5.802425E7
56.7 0.19675395061728393 1011.6237060856197 1259.4194604044912 511691.2930490703 1.4213332564471643E7 8.12716406155515E7 NaN 389525.1093939197 0.005861688535396837 0.5798439458835418 1.5389175349438765E-10 2088.7022945059716 24.45738637937591 56.7 8.12716406155515E7
54.476377798030946 0.2047850729239056 1197.1265357616765 1505.412555777041 716474.33446746 2.0104908998725705E7 1.160485E8 NaN 595298.9908737731 0.005373609825441534 0.6254261815178334 1.0363317829697524E-10 2507.198666009765 25.16559966386313 54.476377798030946 1.160485E8
54.0000027 0.2065916378185662 1229.6867472230656 1549.8787331180981 756064.7798398008 2.1261736510784443E7 1.2337962313342473E8 NaN 635428.5718969181 0.0053730915608560205 0.625478436953975 9.794360005354388E-11 2590.3718043062295 25.22076828768106 54.0000027 1.2337962313342473E8
52.2580653 0.21347803321758257 1386.5949753521975 1762.9450084205769 961322.8445276968 2.7270613474274047E7 1.614569077671854E8 NaN 843985.1912567887 0.005371117498287355 0.6256786977853431 7.619524474514152E-11 2986.326154525493 25.4252668303856 52.2580653 1.614569077671854E8
50.6250032 0.2203644107621508 1626.1265208737461 2085.75204021074 1322143.7626361307 3.783759550418869E7 2.2853966356510228E8 NaN 1211151.1600267629 0.005369204660120554 0.6258728440527317 5.480657385501005E-11 3581.5679841217584 25.61391339042882 50.6250032 2.2853966356510228E8
50.56623528220224 0.2206205175793767 1637.8633397426554 2101.496609399729 1341262.6140056308 3.839837769014677E7 2.32097E8 NaN 1259646.7685256728 0.004993284322827365 0.6638863950972542 5.2043999833222524E-11 3580.643400613919 25.93681767230537 50.56623528220224 2.32097E8
48.37682157428293 0.23060524931076684 2018.52552174006 2623.523906202688 2036687.3562973437 5.9078000893175684E7 3.713552E8 NaN 2028118.4775043537 0.00498875426646148 0.6645252544682205 3.3788814117347145E-11 4561.242575088659 26.16990909863617 48.37682157428293 3.713552E8
