#           USTAR            CLAG         DENSITY          STRESS
  0.00000000e+00  9.12400000e+03  3.58000000e+03  0.00000000e+00
  3.00816950e+01  9.11381444e+03  3.59184889e+03  9.82037625e+08
  3.06332557e+01  9.10651933e+03  3.59206709e+03  1.00002644e+09
  3.11848163e+01  9.09775491e+03  3.59228550e+03  1.01799941e+09
  3.17363770e+01  9.08504917e+03  3.59250420e+03  1.03595117e+09
  3.22879377e+01  9.05258888e+03  3.59272347e+03  1.05385835e+09
  3.28394983e+01  9.05469934e+03  3.59294314e+03  1.07173556e+09
  3.33910590e+01  9.05785577e+03  3.59316277e+03  1.08961797e+09
  3.39426196e+01  9.05074862e+03  3.59338247e+03  1.10749647e+09
  3.44941803e+01  9.04399266e+03  3.59360237e+03  1.12536130e+09
  3.50457410e+01  9.05435136e+03  3.59382225e+03  1.14322968e+09
  3.55973016e+01  9.05041756e+03  3.59404208e+03  1.16110440e+09
  3.61488623e+01  9.05114097e+03  3.59426197e+03  1.17897595e+09
  3.67004230e+01  9.04530692e+03  3.59448196e+03  1.19684246e+09
  3.72519836e+01  9.04130270e+03  3.59470209e+03  1.21469925e+09
  3.78035443e+01  9.05486458e+03  3.59492213e+03  1.23256548e+09
  3.83551050e+01  9.05585714e+03  3.59514202e+03  1.25044608e+09
  3.89066656e+01  9.05865449e+03  3.59536190e+03  1.26833042e+09
  3.94582263e+01  9.06096659e+03  3.59558174e+03  1.28621981e+09
  4.00097870e+01  9.06510020e+03  3.59580152e+03  1.30411556e+09
  4.05613476e+01  9.08652477e+03  3.59602103e+03  1.32203654e+09
  4.11129083e+01  9.09604504e+03  3.59624018e+03  1.33998807e+09
  4.16644689e+01  9.10661739e+03  3.59645913e+03  1.35795945e+09
  4.22160296e+01  9.11562727e+03  3.59667786e+03  1.37595015e+09
  4.27675903e+01  9.12455519e+03  3.59689641e+03  1.39395857e+09
  4.33191509e+01  9.14906286e+03  3.59711458e+03  1.41199999e+09
  4.38707116e+01  9.16157445e+03  3.59733233e+03  1.43007797e+09
  4.44222723e+01  9.17375816e+03  3.59754982e+03  1.44818032e+09
  4.49738329e+01  9.18333738e+03  3.59776708e+03  1.46630417e+09
  4.55253936e+01  9.19196506e+03  3.59798415e+03  1.48444599e+09
  4.60769543e+01  9.19750978e+03  3.59820108e+03  1.50260180e+09
  4.66285149e+01  9.22809485e+03  3.59841761e+03  1.52079328e+09
  4.71800756e+01  9.23987154e+03  3.59863367e+03  1.53902658e+09
  4.77316363e+01  9.25088274e+03  3.59884948e+03  1.55728239e+09
  4.82831969e+01  9.25917666e+03  3.59906510e+03  1.57555725e+09
  4.88347576e+01  9.26636875e+03  3.59928057e+03  1.59384740e+09
  4.93863182e+01  9.29585425e+03  3.59949563e+03  1.61217376e+09
  4.99378789e+01  9.30666630e+03  3.59971026e+03  1.63053991e+09
  5.04894396e+01  9.31613698e+03  3.59992467e+03  1.64892609e+09
  5.10410002e+01  9.32307404e+03  3.60013892e+03  1.66732846e+09
  5.15925609e+01  9.32995802e+03  3.60035304e+03  1.68574448e+09
  5.21441216e+01  9.35491316e+03  3.60056682e+03  1.70419193e+09
  5.26956822e+01  9.36359797e+03  3.60078024e+03  1.72267260e+09
  5.32472429e+01  9.37065251e+03  3.60099351e+03  1.74116881e+09
  5.37988036e+01  9.37552733e+03  3.60120667e+03  1.75967679e+09
  5.43503642e+01  9.37800307e+03  3.60141976e+03  1.77819203e+09
  5.49019249e+01  9.40237924e+03  3.60163258e+03  1.79673378e+09
  5.54534856e+01  9.41003559e+03  3.60184506e+03  1.81530716e+09
  5.60050462e+01  9.41667722e+03  3.60205741e+03  1.83389465e+09
  5.65566069e+01  9.42213126e+03  3.60226964e+03  1.85249408e+09
  5.71081675e+01  9.42468481e+03  3.60248181e+03  1.87110142e+09
  5.76597282e+01  9.45069078e+03  3.60269368e+03  1.88973696e+09
  5.82112889e+01  9.45912209e+03  3.60290519e+03  1.90840650e+09
  5.87628495e+01  9.46722111e+03  3.60311654e+03  1.92709236e+09
  5.93144102e+01  9.47545770e+03  3.60332774e+03  1.94579434e+09
  5.98659709e+01  9.48507629e+03  3.60353876e+03  1.96451396e+09
  6.04175315e+01  9.51228785e+03  3.60374939e+03  1.98326993e+09
  6.09690922e+01  9.51927828e+03  3.60395967e+03  2.00205967e+09
  6.15206529e+01  9.52827439e+03  3.60416980e+03  2.02086520e+09
  6.20722135e+01  9.53338170e+03  3.60437980e+03  2.03968465e+09
  6.26237742e+01  9.53396900e+03  3.60458976e+03  2.05850973e+09
  6.31753348e+01  9.55708395e+03  3.60479949e+03  2.07735820e+09
  6.37268955e+01  9.56427317e+03  3.60500890e+03  2.09623659e+09
  6.42784562e+01  9.56418756e+03  3.60521826e+03  2.11512200e+09
  6.48300168e+01  9.57244950e+03  3.60542756e+03  2.13401548e+09
  6.53815775e+01  9.56885405e+03  3.60563683e+03  2.15291356e+09
  6.59331382e+01  9.58845208e+03  3.60584595e+03  2.17182745e+09
  6.64846988e+01  9.59363833e+03  3.60605482e+03  2.19076580e+09
  6.70362595e+01  9.59693179e+03  3.60626363e+03  2.20971253e+09
  6.75878202e+01  9.59690382e+03  3.60647242e+03  2.22866248e+09
  6.81393808e+01  9.59353138e+03  3.60668128e+03  2.24760908e+09
  6.86909415e+01  9.61226044e+03  3.60688999e+03  2.26657083e+09
  6.92425022e+01  9.61019721e+03  3.60709855e+03  2.28554904e+09
  6.97940628e+01  9.61063632e+03  3.60730715e+03  2.30452565e+09
  7.03456235e+01  9.60060538e+03  3.60751587e+03  2.32349278e+09
  7.08971841e+01  9.59007563e+03  3.60772484e+03  2.34243962e+09
  7.14487448e+01  9.61302436e+03  3.60793371e+03  2.36139872e+09
  7.20003055e+01  9.60335907e+03  3.60814245e+03  2.38037093e+09
  7.25518661e+01  9.59925756e+03  3.60835137e+03  2.39932955e+09
  7.31034268e+01  9.60900627e+03  3.60856025e+03  2.41829374e+09
  7.36549875e+01  9.58898828e+03  3.60876926e+03  2.43724780e+09
  7.42065481e+01  9.59186081e+03  3.60897849e+03  2.45618493e+09
  7.47581088e+01  9.59355001e+03  3.60918769e+03  2.47512656e+09
  7.53096695e+01  9.58900785e+03  3.60939694e+03  2.49406538e+09
  7.58612301e+01  9.58828552e+03  3.60960628e+03  2.51299900e+09
  7.64127908e+01  9.58177073e+03  3.60981572e+03  2.53192547e+09
  7.69643515e+01  9.58295536e+03  3.61002525e+03  2.55084668e+09
  7.75159121e+01  9.57303046e+03  3.61023489e+03  2.56975927e+09
  7.80674728e+01  9.56998912e+03  3.61044470e+03  2.58865905e+09
  7.86190334e+01  9.56832332e+03  3.61065459e+03  2.60755418e+09
  7.91705941e+01  9.55130538e+03  3.61086470e+03  2.62643087e+09
  7.97221548e+01  9.55083262e+03  3.61107503e+03  2.64529028e+09
  8.02737154e+01  9.55151437e+03  3.61128539e+03  2.66414991e+09
  8.08252761e+01  9.56144865e+03  3.61149565e+03  2.68302001e+09
  8.13768368e+01  9.56251053e+03  3.61170582e+03  2.70190098e+09
  8.19283974e+01  9.54248266e+03  3.61191621e+03  2.72076321e+09
  8.24799581e+01  9.55132560e+03  3.61212676e+03  2.73961441e+09
  8.30315188e+01  9.55383011e+03  3.61233721e+03  2.75847681e+09
  8.35830794e+01  9.55193975e+03  3.61254767e+03  2.77733981e+09
  8.41346401e+01  9.54972007e+03  3.61275821e+03  2.79619876e+09
  8.46862008e+01  9.53718608e+03  3.61296893e+03  2.81504314e+09
  8.52377614e+01  9.51422083e+03  3.61318006e+03  2.83385247e+09
  8.57893221e+01  9.52939891e+03  3.61339131e+03  2.85265411e+09
  8.63408827e+01  9.53252561e+03  3.61360239e+03  2.87147383e+09
  8.68924434e+01  9.52883996e+03  3.61381349e+03  2.89029299e+09
  8.74440041e+01  9.52506900e+03  3.61402470e+03  2.90910479e+09
  8.79955647e+01  9.51621292e+03  3.61423607e+03  2.92790413e+09
  8.85471254e+01  9.53107074e+03  3.61444740e+03  2.94670939e+09
  8.90986861e+01  9.53431462e+03  3.61465856e+03  2.96553252e+09
  8.96502467e+01  9.53062519e+03  3.61486975e+03  2.98435522e+09
  9.02018074e+01  9.51585031e+03  3.61508116e+03  3.00315968e+09
  9.07533681e+01  9.49618301e+03  3.61529298e+03  3.02193014e+09
  9.13049287e+01  9.50985622e+03  3.61550490e+03  3.04069468e+09
  9.18564894e+01  9.51343117e+03  3.61571665e+03  3.05947625e+09
  9.24080501e+01  9.51001884e+03  3.61592842e+03  3.07825798e+09
  9.29596107e+01  9.50665977e+03  3.61614029e+03  3.09703302e+09
  9.35111714e+01  9.49837930e+03  3.61635231e+03  3.11579658e+09
  9.40627320e+01  9.51113404e+03  3.61656431e+03  3.13456455e+09
  9.46142927e+01  9.51493188e+03  3.61677615e+03  3.15334886e+09
  9.51658534e+01  9.49973645e+03  3.61698815e+03  3.17212192e+09
  9.57174140e+01  9.49422508e+03  3.61720039e+03  3.19087454e+09
  9.62689747e+01  9.49879431e+03  3.61741268e+03  3.20962622e+09
  9.68205354e+01  9.51278961e+03  3.61762478e+03  3.22839624e+09
  9.73720960e+01  9.51607279e+03  3.61783671e+03  3.24718331e+09
  9.79236567e+01  9.51337078e+03  3.61804867e+03  3.26597096e+09
  9.84752174e+01  9.49834005e+03  3.61826084e+03  3.28474110e+09
  9.90267780e+01  9.48824791e+03  3.61847332e+03  3.30348644e+09
  9.95783387e+01  9.51149311e+03  3.61868568e+03  3.32224476e+09
  1.00129899e+02  9.51818911e+03  3.61889773e+03  3.34103264e+09
  1.00681460e+02  9.51490041e+03  3.61910976e+03  3.35982389e+09
  1.01233021e+02  9.50031102e+03  3.61932202e+03  3.37859749e+09
  1.01784581e+02  9.49043427e+03  3.61953458e+03  3.39734693e+09
  1.02336142e+02  9.51296470e+03  3.61974702e+03  3.41610886e+09
  1.02887703e+02  9.51908523e+03  3.61995917e+03  3.43489908e+09
  1.03439263e+02  9.52398768e+03  3.62017122e+03  3.45370019e+09
  1.03990824e+02  9.52338061e+03  3.62038325e+03  3.47250553e+09
  1.04542385e+02  9.50836714e+03  3.62059547e+03  3.49129545e+09
  1.05093945e+02  9.51553718e+03  3.62080781e+03  3.51007763e+09
  1.05645506e+02  9.52796788e+03  3.62101995e+03  3.52887916e+09
  1.06197067e+02  9.52753993e+03  3.62123199e+03  3.54769254e+09
  1.06748627e+02  9.51720388e+03  3.62144417e+03  3.56649530e+09
  1.07300188e+02  9.50920093e+03  3.62165657e+03  3.58527994e+09
  1.07851749e+02  9.52505651e+03  3.62186892e+03  3.60407234e+09
  1.08403309e+02  9.53137476e+03  3.62208104e+03  3.62288664e+09
  1.08954870e+02  9.52036794e+03  3.62229325e+03  3.64169630e+09
  1.09506431e+02  9.52518425e+03  3.62250554e+03  3.66049985e+09
  1.10057991e+02  9.53411466e+03  3.62271771e+03  3.67931698e+09
  1.10609552e+02  9.51744984e+03  3.62292998e+03  3.69812646e+09
  1.11161113e+02  9.51623096e+03  3.62314249e+03  3.71691829e+09
  1.11712673e+02  9.53065157e+03  3.62335487e+03  3.73572316e+09
  1.12264234e+02  9.53969762e+03  3.62356701e+03  3.75455119e+09
  1.12815795e+02  9.52740856e+03  3.62377921e+03  3.77337602e+09
  1.13367355e+02  9.51463309e+03  3.62399172e+03  3.79217611e+09
  1.13918916e+02  9.53816144e+03  3.62420414e+03  3.81098681e+09
  1.14470477e+02  9.53609052e+03  3.62441633e+03  3.82981870e+09
  1.15022037e+02  9.52798301e+03  3.62462867e+03  3.84864054e+09
  1.15573598e+02  9.53802285e+03  3.62484101e+03  3.86746428e+09
  1.16125159e+02  9.53232886e+03  3.62505333e+03  3.88629232e+09
  1.16676719e+02  9.53737423e+03  3.62526568e+03  3.90511971e+09
  1.17228280e+02  9.54478540e+03  3.62547791e+03  3.92395941e+09
  1.17779841e+02  9.55238167e+03  3.62569001e+03  3.94281392e+09
  1.18331401e+02  9.56149801e+03  3.62590194e+03  3.96168493e+09
  1.18882962e+02  9.54549664e+03  3.62611397e+03  3.98054914e+09
  1.19434523e+02  9.54920810e+03  3.62632617e+03  3.99940122e+09
  1.19986083e+02  9.56760626e+03  3.62653814e+03  4.01827513e+09
  1.20537644e+02  9.57545487e+03  3.62674985e+03  4.03717495e+09
  1.21089205e+02  9.57357128e+03  3.62696152e+03  4.05608066e+09
  1.21640765e+02  9.55847014e+03  3.62717340e+03  4.07496960e+09
  1.22192326e+02  9.57158152e+03  3.62738533e+03  4.09385658e+09
  1.22743887e+02  9.57910984e+03  3.62759705e+03  4.11276394e+09
  1.23295447e+02  9.57618576e+03  3.62780875e+03  4.13167584e+09
  1.23847008e+02  9.58455767e+03  3.62802041e+03  4.15059312e+09
  1.24398569e+02  9.58860231e+03  3.62823196e+03  4.16952265e+09
  1.24950129e+02  9.59625539e+03  3.62844340e+03  4.18846374e+09
  1.25501690e+02  9.59466718e+03  3.62865481e+03  4.20741082e+09
  1.26053251e+02  9.59751734e+03  3.62886622e+03  4.22635914e+09
  1.26604811e+02  9.59615678e+03  3.62907764e+03  4.24530893e+09
  1.27156372e+02  9.58992051e+03  3.62928917e+03  4.26425122e+09
  1.27707933e+02  9.60595116e+03  3.62950062e+03  4.28320318e+09
  1.28259493e+02  9.61251034e+03  3.62971184e+03  4.30217744e+09
  1.28811054e+02  9.60967884e+03  3.62992305e+03  4.32115539e+09
  1.29362615e+02  9.61845074e+03  3.63013421e+03  4.34013920e+09
  1.29914175e+02  9.62662088e+03  3.63034522e+03  4.35913973e+09
  1.30465736e+02  9.60981435e+03  3.63055634e+03  4.37813174e+09
  1.31017297e+02  9.61286151e+03  3.63076764e+03  4.39711017e+09
  1.31568857e+02  9.63380568e+03  3.63097870e+03  4.41611228e+09
  1.32120418e+02  9.64062626e+03  3.63118948e+03  4.43514180e+09
  1.32671979e+02  9.63807469e+03  3.63140024e+03  4.45417554e+09
  1.33223539e+02  9.62217796e+03  3.63161123e+03  4.47319106e+09
  1.33775100e+02  9.63475245e+03  3.63182227e+03  4.49220331e+09
  1.34326661e+02  9.65597776e+03  3.63203297e+03  4.51124892e+09
  1.34878221e+02  9.66311246e+03  3.63224339e+03  4.53032253e+09
  1.35429782e+02  9.67215466e+03  3.63245365e+03  4.54941212e+09
  1.35981343e+02  9.66773662e+03  3.63266389e+03  4.56850627e+09
  1.36532903e+02  9.67988549e+03  3.63287407e+03  4.58760805e+09
  1.37084464e+02  9.71221420e+03  3.63308379e+03  4.60675375e+09
  1.37636025e+02  9.73067143e+03  3.63329299e+03  4.62594959e+09
  1.38187585e+02  9.74826523e+03  3.63350182e+03  4.64518101e+09
  1.38739146e+02  9.75948893e+03  3.63371037e+03  4.66444090e+09
  1.39290707e+02  9.76463262e+03  3.63391877e+03  4.68371694e+09
  1.39842267e+02  9.79288760e+03  3.63412684e+03  4.70302595e+09
  1.40393828e+02  9.81143200e+03  3.63433443e+03  4.72238117e+09
  1.40945388e+02  9.82305194e+03  3.63454173e+03  4.74176617e+09
  1.41496949e+02  9.82751050e+03  3.63474888e+03  4.76116704e+09
  1.42048510e+02  9.84579852e+03  3.63495582e+03  4.78059038e+09
  1.42600070e+02  9.86381000e+03  3.63516240e+03  4.80004955e+09
  1.43151631e+02  9.87061815e+03  3.63536874e+03  4.81953322e+09
  1.43703192e+02  9.88026915e+03  3.63557493e+03  4.83903314e+09
  1.44254752e+02  9.87334872e+03  3.63578112e+03  4.85853576e+09
  1.44806313e+02  9.86542205e+03  3.63598749e+03  4.87802373e+09
  1.45357874e+02  9.86304727e+03  3.63619398e+03  4.89750152e+09
  1.45909434e+02  9.85864139e+03  3.63640058e+03  4.91697261e+09
  1.46460995e+02  9.86160507e+03  3.63660721e+03  4.93644229e+09
  1.47012556e+02  9.86848357e+03  3.63681376e+03  4.95592168e+09
  1.47564116e+02  9.87821478e+03  3.63702016e+03  4.97541747e+09
  1.48115677e+02  9.88537975e+03  3.63722641e+03  4.99492994e+09
  1.48667238e+02  9.87183042e+03  3.63743275e+03  5.01443610e+09
  1.49218798e+02  9.85776829e+03  3.63763940e+03  5.03391501e+09
  1.49770359e+02  9.83947764e+03  3.63784641e+03  5.05336197e+09
  1.50321920e+02  9.83581462e+03  3.63805368e+03  5.07278726e+09
  1.50873480e+02  9.84293511e+03  3.63826094e+03  5.09221597e+09
  1.51425041e+02  9.83160976e+03  3.63846826e+03  5.11164052e+09
  1.51976602e+02  9.81240129e+03  3.63867593e+03  5.13103493e+09
  1.52528162e+02  9.80276720e+03  3.63888393e+03  5.15040086e+09
  1.53079723e+02  9.79474050e+03  3.63909214e+03  5.16974935e+09
  1.53631284e+02  9.79688009e+03  3.63930043e+03  5.18909203e+09
  1.54182844e+02  9.80507076e+03  3.63950864e+03  5.20844491e+09
  1.54734405e+02  9.79952815e+03  3.63971685e+03  5.22780041e+09
  1.55285966e+02  9.79683458e+03  3.63992517e+03  5.24714777e+09
  1.55837526e+02  9.78861884e+03  3.64013362e+03  5.26648436e+09
  1.56389087e+02  9.79351892e+03  3.64034214e+03  5.28581768e+09
  1.56940648e+02  9.80573924e+03  3.64055050e+03  5.30516790e+09
  1.57492208e+02  9.80259747e+03  3.64075878e+03  5.32452709e+09
  1.58043769e+02  9.79985088e+03  3.64096715e+03  5.34388046e+09
  1.58595330e+02  9.79612124e+03  3.64117562e+03  5.36322744e+09
  1.59146890e+02  9.80358108e+03  3.64138407e+03  5.38257810e+09
  1.59698451e+02  9.81666414e+03  3.64159232e+03  5.40194904e+09
  1.60250012e+02  9.81717322e+03  3.64180045e+03  5.42133340e+09
  1.60801572e+02  9.81725544e+03  3.64200861e+03  5.44071835e+09
  1.61353133e+02  9.81354661e+03  3.64221682e+03  5.46009971e+09
  1.61904694e+02  9.81921116e+03  3.64242504e+03  5.47948301e+09
  1.62456254e+02  9.83401597e+03  3.64263306e+03  5.49888651e+09
  1.63007815e+02  9.83425289e+03  3.64284095e+03  5.51830487e+09
  1.63559376e+02  9.83456201e+03  3.64304885e+03  5.53772376e+09
  1.64110936e+02  9.83112167e+03  3.64325682e+03  5.55713957e+09
  1.64662497e+02  9.83614793e+03  3.64346479e+03  5.57655694e+09
  1.65214058e+02  9.85029485e+03  3.64367258e+03  5.59599324e+09
  1.65765618e+02  9.85064494e+03  3.64388024e+03  5.61544385e+09
  1.66317179e+02  9.85103335e+03  3.64408792e+03  5.63489519e+09
  1.66868740e+02  9.84791644e+03  3.64429565e+03  5.65434383e+09
  1.67420300e+02  9.85212409e+03  3.64450339e+03  5.67379356e+09
  1.67971861e+02  9.86601658e+03  3.64471097e+03  5.69326115e+09
  1.68523422e+02  9.86799472e+03  3.64491840e+03  5.71274441e+09
  1.69074982e+02  9.86988868e+03  3.64512581e+03  5.73223150e+09
  1.69626543e+02  9.86836431e+03  3.64533325e+03  5.75171895e+09
  1.70178104e+02  9.87334481e+03  3.64554067e+03  5.77120981e+09
  1.70729664e+02  9.88747935e+03  3.64574791e+03  5.79071955e+09
  1.71281225e+02  9.88977954e+03  3.64595501e+03  5.81024551e+09
  1.71832786e+02  9.89113314e+03  3.64616209e+03  5.82977508e+09
  1.72384346e+02  9.89176038e+03  3.64636918e+03  5.84930660e+09
  1.72935907e+02  9.88655528e+03  3.64657633e+03  5.86883361e+09
  1.73487468e+02  9.89048729e+03  3.64678352e+03  5.88835935e+09
  1.74039028e+02  9.91165908e+03  3.64699048e+03  5.90790989e+09
  1.74590589e+02  9.91004503e+03  3.64719725e+03  5.92747973e+09
  1.75142150e+02  9.91155809e+03  3.64740405e+03  5.94704947e+09
  1.75693710e+02  9.90792065e+03  3.64761089e+03  5.96661711e+09
  1.76245271e+02  9.91325574e+03  3.64781774e+03  5.98618643e+09
  1.76796832e+02  9.93236983e+03  3.64802436e+03  6.00577989e+09
  1.77348392e+02  9.93342440e+03  3.64823079e+03  6.02539326e+09
  1.77899953e+02  9.93487468e+03  3.64843722e+03  6.04500911e+09
  1.78451514e+02  9.93229105e+03  3.64864368e+03  6.06462383e+09
  1.79003074e+02  9.93701668e+03  3.64885014e+03  6.08424067e+09
  1.79554635e+02  9.95573650e+03  3.64905639e+03  6.10388066e+09
  1.80106196e+02  9.95731877e+03  3.64926245e+03  6.12354069e+09
  1.80657756e+02  9.95932801e+03  3.64946849e+03  6.14320427e+09
  1.81209317e+02  9.95744665e+03  3.64967455e+03  6.16286797e+09
  1.81760878e+02  9.96179243e+03  3.64988062e+03  6.18253411e+09
  1.82312438e+02  9.98020188e+03  3.65008647e+03  6.20222271e+09
  1.82863999e+02  9.98607778e+03  3.65029209e+03  6.22193529e+09
  1.83415560e+02  9.99225707e+03  3.65049762e+03  6.24165978e+09
  1.83967120e+02  9.99090716e+03  3.65070311e+03  6.26138903e+09
  1.84518681e+02  9.99480253e+03  3.65090861e+03  6.28112079e+09
  1.85070242e+02  1.00127156e+04  3.65111390e+03  6.30087408e+09
  1.85621802e+02  1.00188215e+04  3.65131897e+03  6.32065109e+09
  1.86173363e+02  1.00251637e+04  3.65152393e+03  6.34044039e+09
  1.86724924e+02  1.00242450e+04  3.65172887e+03  6.36023504e+09
  1.87276484e+02  1.00280517e+04  3.65193379e+03  6.38003255e+09
  1.87828045e+02  1.00458086e+04  3.65213852e+03  6.39985134e+09
  1.88379606e+02  1.00524625e+04  3.65234302e+03  6.41969423e+09
  1.88931166e+02  1.00596697e+04  3.65254741e+03  6.43955081e+09
  1.89482727e+02  1.00628193e+04  3.65275171e+03  6.45941762e+09
  1.90034288e+02  1.00706774e+04  3.65295593e+03  6.47929529e+09
  1.90585848e+02  1.00911712e+04  3.65315988e+03  6.49920095e+09
  1.91137409e+02  1.00985669e+04  3.65336357e+03  6.51913415e+09
  1.91688970e+02  1.01170296e+04  3.65356702e+03  6.53909288e+09
  1.92240530e+02  1.01209759e+04  3.65377027e+03  6.55907374e+09
  1.92792091e+02  1.01279313e+04  3.65397343e+03  6.57906535e+09
  1.93343652e+02  1.01442513e+04  3.65417639e+03  6.59907995e+09
  1.93895212e+02  1.01473788e+04  3.65437917e+03  6.61911374e+09
  1.94446773e+02  1.01502836e+04  3.65458191e+03  6.63915350e+09
  1.94998334e+02  1.01557055e+04  3.65478459e+03  6.65920147e+09
  1.95549894e+02  1.01569516e+04  3.65498723e+03  6.67925602e+09
  1.96101455e+02  1.01588079e+04  3.65518986e+03  6.69931364e+09
  1.96653016e+02  1.01812301e+04  3.65539227e+03  6.71939523e+09
  1.97204576e+02  1.01822220e+04  3.65559447e+03  6.73949994e+09
  1.97756137e+02  1.01876081e+04  3.65579663e+03  6.75961094e+09
  1.98307698e+02  1.01890716e+04  3.65599874e+03  6.77972871e+09
  1.98859258e+02  1.01904489e+04  3.65620085e+03  6.79984928e+09
  1.99410819e+02  1.02124434e+04  3.65640275e+03  6.81999292e+09
  1.99962380e+02  1.02137374e+04  3.65660444e+03  6.84015956e+09
  2.00513940e+02  1.02154643e+04  3.65680612e+03  6.86032918e+09
  2.01065501e+02  1.02134220e+04  3.65700783e+03  6.88049849e+09
  2.01617062e+02  1.02143229e+04  3.65720957e+03  6.90066667e+09
  2.02168622e+02  1.02358377e+04  3.65741111e+03  6.92085698e+09
  2.02720183e+02  1.02375223e+04  3.65761245e+03  6.94107020e+09
  2.03271744e+02  1.02393911e+04  3.65781378e+03  6.96128692e+09
  2.03823304e+02  1.02371681e+04  3.65801512e+03  6.98150330e+09
  2.04374865e+02  1.02371822e+04  3.65821652e+03  7.00171749e+09
  2.04926426e+02  1.02576153e+04  3.65841773e+03  7.02195188e+09
  2.05477986e+02  1.02590381e+04  3.65861875e+03  7.04220784e+09
  2.06029547e+02  1.02606196e+04  3.65881977e+03  7.06246676e+09
  2.06581108e+02  1.02587403e+04  3.65902081e+03  7.08272539e+09
  2.07132668e+02  1.02575970e+04  3.65922190e+03  7.10298104e+09
  2.07684229e+02  1.02766846e+04  3.65942284e+03  7.12325441e+09
  2.08235790e+02  1.02775440e+04  3.65962360e+03  7.14354747e+09
  2.08787350e+02  1.02784298e+04  3.65982437e+03  7.16384225e+09
  2.09338911e+02  1.02760930e+04  3.66002518e+03  7.18413560e+09
  2.09890472e+02  1.02749412e+04  3.66022604e+03  7.20442550e+09
  2.10442032e+02  1.02932524e+04  3.66042676e+03  7.22473235e+09
  2.10993593e+02  1.02943805e+04  3.66062731e+03  7.24505838e+09
  2.11545154e+02  1.02954915e+04  3.66082786e+03  7.26538663e+09
  2.12096714e+02  1.02934859e+04  3.66102844e+03  7.28571400e+09
  2.12648275e+02  1.02907549e+04  3.66122909e+03  7.30603669e+09
  2.13199836e+02  1.03073039e+04  3.66142962e+03  7.32637302e+09
  2.13751396e+02  1.03075432e+04  3.66163002e+03  7.34672592e+09
  2.14302957e+02  1.03075245e+04  3.66183043e+03  7.36707905e+09
  2.14854517e+02  1.03048154e+04  3.66203089e+03  7.38742948e+09
  2.15406078e+02  1.03000152e+04  3.66223145e+03  7.40777250e+09
  2.15957639e+02  1.03138820e+04  3.66243194e+03  7.42812446e+09
  2.16509199e+02  1.03124039e+04  3.66263234e+03  7.44848866e+09
  2.17060760e+02  1.03105945e+04  3.66283278e+03  7.46884962e+09
  2.17612321e+02  1.03083792e+04  3.66303329e+03  7.48920660e+09
  2.18163881e+02  1.03055178e+04  3.66323387e+03  7.50955857e+09
  2.18715442e+02  1.03206013e+04  3.66343435e+03  7.52992260e+09
  2.19267003e+02  1.03194948e+04  3.66363472e+03  7.55030044e+09
  2.19818563e+02  1.03178161e+04  3.66383514e+03  7.57067552e+09
  2.20370124e+02  1.03143454e+04  3.66403563e+03  7.59104552e+09
  2.20921685e+02  1.03103787e+04  3.66423621e+03  7.61140818e+09
  2.21473245e+02  1.03036856e+04  3.66443692e+03  7.63176031e+09
  2.22024806e+02  1.03276277e+04  3.66463748e+03  7.65212948e+09
  2.22576367e+02  1.03272109e+04  3.66483784e+03  7.67252187e+09
  2.23127927e+02  1.03241603e+04  3.66503825e+03  7.69291083e+09
  2.23679488e+02  1.03186583e+04  3.66523877e+03  7.71329136e+09
  2.24231049e+02  1.03112819e+04  3.66543943e+03  7.73365916e+09
  2.24782609e+02  1.03306369e+04  3.66564000e+03  7.75403880e+09
  2.25334170e+02  1.03289884e+04  3.66584042e+03  7.77443591e+09
  2.25885731e+02  1.03262111e+04  3.66604091e+03  7.79482866e+09
  2.26437291e+02  1.03209439e+04  3.66624149e+03  7.81521346e+09
  2.26988852e+02  1.03137259e+04  3.66644222e+03  7.83558594e+09
  2.27540413e+02  1.03322337e+04  3.66664286e+03  7.85596956e+09
  2.28091973e+02  1.03270060e+04  3.66684340e+03  7.87636630e+09
  2.28643534e+02  1.03202985e+04  3.66704407e+03  7.89675125e+09
  2.29195095e+02  1.03135965e+04  3.66724489e+03  7.91712296e+09
  2.29746655e+02  1.03045510e+04  3.66744589e+03  7.93747913e+09
  2.30298216e+02  1.03199448e+04  3.66764685e+03  7.95784156e+09
  2.30849777e+02  1.03172420e+04  3.66784771e+03  7.97821652e+09
  2.31401337e+02  1.03149259e+04  3.66804864e+03  7.99858653e+09
  2.31952898e+02  1.03107299e+04  3.66824965e+03  8.01895011e+09
  2.32504459e+02  1.03036845e+04  3.66845080e+03  8.03930259e+09
  2.33056019e+02  1.03199587e+04  3.66865187e+03  8.05966418e+09
  2.33607580e+02  1.03198069e+04  3.66885282e+03  8.08004168e+09
  2.34159141e+02  1.03176725e+04  3.66905380e+03  8.10041694e+09
  2.34710701e+02  1.03179140e+04  3.66925483e+03  8.12079032e+09
  2.35262262e+02  1.03151487e+04  3.66945591e+03  8.14116121e+09
  2.35813823e+02  1.03303358e+04  3.66965688e+03  8.16154436e+09
  2.36365383e+02  1.03304903e+04  3.66985773e+03  8.18194266e+09
  2.36916944e+02  1.03284301e+04  3.67005862e+03  8.20233908e+09
  2.37468505e+02  1.03250148e+04  3.67025958e+03  8.22273010e+09
  2.38020065e+02  1.03183918e+04  3.67046066e+03  8.24311120e+09
  2.38571626e+02  1.03323104e+04  3.67066170e+03  8.26349951e+09
  2.39123187e+02  1.03369021e+04  3.67086258e+03  8.28390609e+09
  2.39674747e+02  1.03391983e+04  3.67106341e+03  8.30431947e+09
  2.40226308e+02  1.03400224e+04  3.67126423e+03  8.32473593e+09
  2.40777869e+02  1.03395529e+04  3.67146507e+03  8.34515274e+09
  2.41329429e+02  1.03584954e+04  3.67166576e+03  8.36558779e+09
  2.41880990e+02  1.03653284e+04  3.67186621e+03  8.38604829e+09
  2.42432551e+02  1.03696961e+04  3.67206658e+03  8.40651985e+09
  2.42984111e+02  1.03707126e+04  3.67226692e+03  8.42699672e+09
  2.43535672e+02  1.03656577e+04  3.67246732e+03  8.44746961e+09
  2.44087233e+02  1.03563729e+04  3.67266789e+03  8.46792833e+09
  2.44638793e+02  1.03755357e+04  3.67286837e+03  8.48839681e+09
  2.45190354e+02  1.03803570e+04  3.67306865e+03  8.50888897e+09
  2.45741915e+02  1.03809279e+04  3.67326890e+03  8.52938646e+09
  2.46293475e+02  1.03925167e+04  3.67346905e+03  8.54989595e+09
  2.46845036e+02  1.03875653e+04  3.67366916e+03  8.57041199e+09
  2.47396597e+02  1.04094747e+04  3.67386913e+03  8.59094477e+09
  2.47948157e+02  1.04269188e+04  3.67406874e+03  8.61151641e+09
  2.48499718e+02  1.04274190e+04  3.67426821e+03  8.63210576e+09
  2.49051279e+02  1.04272261e+04  3.67446769e+03  8.65269542e+09
  2.49602839e+02  1.04346712e+04  3.67466712e+03  8.67329224e+09
  2.50154400e+02  1.04670223e+04  3.67486620e+03  8.69392835e+09
