#           USTAR            CLAG         DENSITY          STRESS
  0.00000000e+00  6.18600000e+03  3.58000000e+03  0.00000000e+00
  2.03666400e+02  6.84274630e+03  3.69584173e+03  4.74979696e+09
  2.09459330e+02  6.84132508e+03  3.69907496e+03  4.89169181e+09
  2.15252260e+02  6.85320364e+03  3.70231137e+03  5.03369510e+09
  2.21045190e+02  6.87626904e+03  3.70554521e+03  5.17606073e+09
  2.26838119e+02  6.88804814e+03  3.70877648e+03  5.31878767e+09
  2.32631049e+02  6.88829682e+03  3.71201056e+03  5.46163934e+09
  2.38423979e+02  6.89985661e+03  3.71524752e+03  5.60461345e+09
  2.44216909e+02  6.91144876e+03  3.71848468e+03  5.74782764e+09
  2.50009839e+02  6.92661384e+03  3.72172121e+03  5.89131927e+09
  2.55802769e+02  6.94236025e+03  3.72495616e+03  6.03513144e+09
  2.61595699e+02  6.95798378e+03  3.72818941e+03  6.17926890e+09
  2.67388628e+02  6.97538938e+03  3.73142059e+03  6.32374884e+09
  2.73181558e+02  6.99376631e+03  3.73464909e+03  6.46859983e+09
  2.78974488e+02  7.01056019e+03  3.73787504e+03  6.61381552e+09
  2.84767418e+02  7.03509256e+03  3.74109706e+03  6.75945973e+09
  2.90560348e+02  7.06831958e+03  3.74431142e+03  6.90570287e+09
  2.96353278e+02  7.09966829e+03  3.74751662e+03  7.05261561e+09
  3.02146208e+02  7.13455180e+03  3.75071236e+03  7.20021514e+09
  3.07939137e+02  7.17551845e+03  3.75389658e+03  7.34860119e+09
  3.13732067e+02  7.21584745e+03  3.75706817e+03  7.49783022e+09
  3.19524997e+02  7.25394306e+03  3.76022790e+03  7.64787246e+09
  3.25317927e+02  7.29421538e+03  3.76337588e+03  7.79872733e+09
  3.31110857e+02  7.33213453e+03  3.76651227e+03  7.95039299e+09
  3.36903787e+02  7.36788655e+03  3.76963812e+03  8.10282257e+09
  3.42696717e+02  7.40270012e+03  3.77275420e+03  8.25598387e+09
  3.48489647e+02  7.42543157e+03  3.77586330e+03  8.40974188e+09
  3.54282576e+02  7.45008584e+03  3.77896760e+03  8.56399124e+09
  3.60075506e+02  7.48527681e+03  3.78206455e+03  8.71886116e+09
  3.65868436e+02  7.52148978e+03  3.78515180e+03  8.87447149e+09
  3.71661366e+02  7.54510976e+03  3.78823180e+03  9.03070225e+09
  3.77454296e+02  7.56852634e+03  3.79130721e+03  9.18742075e+09
  3.83247226e+02  7.59182927e+03  3.79437812e+03  9.34462370e+09
  3.89040156e+02  7.61503263e+03  3.79744459e+03  9.50230889e+09
  3.94833085e+02  7.63518997e+03  3.80050728e+03  9.66044370e+09
  4.00626015e+02  7.66693601e+03  3.80356450e+03  9.81911672e+09
  4.06418945e+02  7.70126819e+03  3.80661348e+03  9.97847492e+09
  4.12211875e+02  7.72437533e+03  3.80965596e+03  1.01384287e+10
  4.18004805e+02  7.74468460e+03  3.81269474e+03  1.02988327e+10
  4.23797735e+02  7.76447671e+03  3.81573050e+03  1.04596526e+10
  4.29590665e+02  7.78363524e+03  3.81876347e+03  1.06208763e+10
  4.35383594e+02  7.80302321e+03  3.82179376e+03  1.07824997e+10
  4.41176524e+02  7.82139286e+03  3.82482151e+03  1.09445147e+10
  4.46969454e+02  7.84382122e+03  3.82784616e+03  1.11069527e+10
  4.52762384e+02  7.86011732e+03  3.83086812e+03  1.12697922e+10
  4.58555314e+02  7.86663101e+03  3.83389046e+03  1.14328683e+10
  4.64348244e+02  7.88276048e+03  3.83691322e+03  1.15961792e+10
  4.70141174e+02  7.90086902e+03  3.83993418e+03  1.17598451e+10
  4.75934103e+02  7.90834830e+03  3.84295499e+03  1.19237763e+10
  4.81727033e+02  7.91783207e+03  3.84597732e+03  1.20878834e+10
  4.87519963e+02  7.92678121e+03  3.84900088e+03  1.22521816e+10
  4.93312893e+02  7.93560864e+03  3.85202580e+03  1.24166642e+10
  4.99105823e+02  7.94218460e+03  3.85505254e+03  1.25813065e+10
  5.04898753e+02  7.94901793e+03  3.85808147e+03  1.27460879e+10
  5.10691683e+02  7.95582815e+03  3.86111257e+03  1.29110107e+10
  5.16484612e+02  7.96268907e+03  3.86414582e+03  1.30760753e+10
  5.22277542e+02  7.96961546e+03  3.86718121e+03  1.32412829e+10
  5.28070472e+02  7.97662558e+03  3.87021872e+03  1.34066349e+10
  5.33863402e+02  7.98371523e+03  3.87325831e+03  1.35721332e+10
  5.39656332e+02  7.99089390e+03  3.87629996e+03  1.37377794e+10
  5.45449262e+02  7.99817601e+03  3.87934363e+03  1.39035756e+10
  5.51242192e+02  8.00556847e+03  3.88238929e+03  1.40695239e+10
  5.57035121e+02  8.01301713e+03  3.88543690e+03  1.42356262e+10
  5.62828051e+02  8.02077412e+03  3.88848641e+03  1.44018861e+10
  5.68620981e+02  8.02669451e+03  3.89153810e+03  1.45682878e+10
  5.74413911e+02  8.03231288e+03  3.89459239e+03  1.47348092e+10
  5.80206841e+02  8.03826427e+03  3.89764927e+03  1.49014505e+10
  5.85999771e+02  8.04397236e+03  3.90070873e+03  1.50682128e+10
  5.91792701e+02  8.05152995e+03  3.90377047e+03  1.52351126e+10
  5.97585630e+02  8.05996865e+03  3.90683398e+03  1.54021783e+10
  6.03378560e+02  8.06867834e+03  3.90989903e+03  1.55694218e+10
  6.09171490e+02  8.07616811e+03  3.91296581e+03  1.57368332e+10
  6.14964420e+02  8.08267787e+03  3.91603475e+03  1.59043899e+10
  6.20757350e+02  8.08961306e+03  3.91910594e+03  1.60720859e+10
  6.26550280e+02  8.09651209e+03  3.92217933e+03  1.62399254e+10
  6.32343210e+02  8.10473369e+03  3.92525466e+03  1.64079217e+10
  6.38136140e+02  8.11444029e+03  3.92833141e+03  1.65761039e+10
  6.43929069e+02  8.12421210e+03  3.93140929e+03  1.67444881e+10
  6.49721999e+02  8.13339916e+03  3.93448840e+03  1.69130689e+10
  6.55514929e+02  8.14087495e+03  3.93756918e+03  1.70818224e+10
  6.61307859e+02  8.14870994e+03  3.94065188e+03  1.72507348e+10
  6.67100789e+02  8.15637201e+03  3.94373648e+03  1.74198078e+10
  6.72893719e+02  8.16445874e+03  3.94682292e+03  1.75890441e+10
  6.78686649e+02  8.17457367e+03  3.94991076e+03  1.77584691e+10
  6.84479578e+02  8.18458644e+03  3.95299962e+03  1.79281029e+10
  6.90272508e+02  8.19470382e+03  3.95608951e+03  1.80979454e+10
  6.96065438e+02  8.20484108e+03  3.95918041e+03  1.82679979e+10
  7.01858368e+02  8.21501265e+03  3.96227231e+03  1.84382611e+10
  7.07651298e+02  8.22521150e+03  3.96536521e+03  1.86087354e+10
  7.13444228e+02  8.23542983e+03  3.96845909e+03  1.87794215e+10
  7.19237158e+02  8.24567141e+03  3.97155395e+03  1.89503197e+10
  7.25030087e+02  8.25592700e+03  3.97464980e+03  1.91214304e+10
  7.30823017e+02  8.26618423e+03  3.97774662e+03  1.92927539e+10
  7.36615947e+02  8.27643570e+03  3.98084442e+03  1.94642900e+10
  7.42408877e+02  8.28665475e+03  3.98394321e+03  1.96360384e+10
  7.48201807e+02  8.29688031e+03  3.98704300e+03  1.98079988e+10
  7.53994737e+02  8.30696143e+03  3.99014382e+03  1.99801698e+10
  7.59787667e+02  8.31752847e+03  3.99324560e+03  2.01525548e+10
  7.65580596e+02  8.32543016e+03  3.99634876e+03  2.03251314e+10
  7.71373526e+02  8.33166842e+03  3.99945411e+03  2.04978546e+10
  7.77166456e+02  8.33819465e+03  4.00256190e+03  2.06707101e+10
  7.82959386e+02  8.34446923e+03  4.00567214e+03  2.08436984e+10
  7.88752316e+02  8.35079824e+03  4.00878486e+03  2.10168174e+10
  7.94545246e+02  8.35654770e+03  4.01190016e+03  2.11900616e+10
  8.00338176e+02  8.36169769e+03  4.01501828e+03  2.13634189e+10
  8.06131105e+02  8.36664487e+03  4.01813936e+03  2.15368808e+10
  8.11924035e+02  8.37117486e+03  4.02126352e+03  2.17104410e+10
  8.17716965e+02  8.37572268e+03  4.02439085e+03  2.18840954e+10
  8.23509895e+02  8.38002338e+03  4.02752139e+03  2.20578415e+10
  8.29302825e+02  8.38483529e+03  4.03065510e+03  2.22316821e+10
  8.35095755e+02  8.39157252e+03  4.03379153e+03  2.24056424e+10
  8.40888685e+02  8.39809298e+03  4.03693036e+03  2.25797403e+10
  8.46681614e+02  8.40461387e+03  4.04007164e+03  2.27539733e+10
  8.52474544e+02  8.41131728e+03  4.04321534e+03  2.29283435e+10
  8.58267474e+02  8.42018477e+03  4.04636101e+03  2.31028751e+10
  8.64060404e+02  8.42900746e+03  4.04950828e+03  2.32775902e+10
  8.69853334e+02  8.43789553e+03  4.05265713e+03  2.34524889e+10
  8.75646264e+02  8.44680802e+03  4.05580755e+03  2.36275723e+10
  8.81439194e+02  8.45583394e+03  4.05895953e+03  2.38028416e+10
  8.87232123e+02  8.46455650e+03  4.06211309e+03  2.39782949e+10
  8.93025053e+02  8.47759139e+03  4.06526750e+03  2.41539739e+10
  8.98817983e+02  8.49142742e+03  4.06842181e+03  2.43299315e+10
  9.04610913e+02  8.50519424e+03  4.07157588e+03  2.45061753e+10
  9.10403843e+02  8.51904675e+03  4.07472972e+03  2.46827055e+10
  9.16196773e+02  8.53341571e+03  4.07788321e+03  2.48595284e+10
  9.21989703e+02  8.54625933e+03  4.08103655e+03  2.50366334e+10
  9.27782633e+02  8.56654784e+03  4.08418866e+03  2.52140820e+10
  9.33575562e+02  8.58233873e+03  4.08733899e+03  2.53919047e+10
  9.39368492e+02  8.58680710e+03  4.09049046e+03  2.55699375e+10
  9.45161422e+02  8.61130549e+03  4.09364147e+03  2.57482707e+10
  9.50954352e+02  8.65065092e+03  4.09678567e+03  2.59272658e+10
  9.56747282e+02  8.67742244e+03  4.09992268e+03  2.61069466e+10
  9.62540212e+02  8.69866066e+03  4.10305580e+03  2.62871252e+10
  9.68333142e+02  8.71648555e+03  4.10618666e+03  2.64677088e+10
  9.74126071e+02  8.73912838e+03  4.10931504e+03  2.66487121e+10
  9.79919001e+02  8.77396534e+03  4.11243790e+03  2.68303114e+10
  9.85711931e+02  8.79880360e+03  4.11555488e+03  2.70125295e+10
  9.91504861e+02  8.83126667e+03  4.11866644e+03  2.71953418e+10
  9.97297791e+02  8.86794300e+03  4.12177052e+03  2.73788710e+10
  1.00309072e+03  8.89103593e+03  4.12486881e+03  2.75630200e+10
  1.00888365e+03  8.93224510e+03  4.12796057e+03  2.77478357e+10
  1.01467658e+03  8.96977969e+03  4.13104333e+03  2.79334680e+10
  1.02046951e+03  9.00983110e+03  4.13411738e+03  2.81199047e+10
  1.02626244e+03  9.05244428e+03  4.13718190e+03  2.83071987e+10
  1.03205537e+03  9.09789138e+03  4.14023607e+03  2.84954058e+10
  1.03784830e+03  9.13629285e+03  4.14328067e+03  2.86844823e+10
  1.04364123e+03  9.17262643e+03  4.14631729e+03  2.88743338e+10
  1.04943416e+03  9.21813021e+03  4.14934483e+03  2.90650339e+10
  1.05522709e+03  9.24491987e+03  4.15236491e+03  2.92564836e+10
  1.06102002e+03  9.28816331e+03  4.15537796e+03  2.94486595e+10
  1.06681295e+03  9.32685453e+03  4.15838209e+03  2.96416851e+10
  1.07260588e+03  9.36641838e+03  4.16137796e+03  2.98355221e+10
  1.07839881e+03  9.41003195e+03  4.16436485e+03  3.00302215e+10
  1.08419174e+03  9.43857672e+03  4.16734457e+03  3.02256693e+10
  1.08998467e+03  9.47405411e+03  4.17031845e+03  3.04217808e+10
  1.09577760e+03  9.51304715e+03  4.17328489e+03  3.06186646e+10
  1.10157053e+03  9.55389314e+03  4.17624311e+03  3.08163763e+10
  1.10736346e+03  9.59258947e+03  4.17919321e+03  3.10149128e+10
  1.11315639e+03  9.63002417e+03  4.18213576e+03  3.12142387e+10
  1.11894932e+03  9.67006439e+03  4.18507063e+03  3.14143679e+10
  1.12474225e+03  9.70733798e+03  4.18799789e+03  3.16152989e+10
  1.13053518e+03  9.74151044e+03  4.19091846e+03  3.18169707e+10
  1.13632811e+03  9.77528511e+03  4.19383292e+03  3.20193471e+10
  1.14212104e+03  9.81678129e+03  4.19674023e+03  3.22225040e+10
  1.14791397e+03  9.84767310e+03  4.19964083e+03  3.24264115e+10
  1.15370690e+03  9.87532080e+03  4.20253682e+03  3.26309260e+10
  1.15949983e+03  9.91065943e+03  4.20542757e+03  3.28360936e+10
  1.16529276e+03  9.94328347e+03  4.20831239e+03  3.30419660e+10
  1.17108569e+03  9.96161740e+03  4.21119375e+03  3.32483668e+10
  1.17687862e+03  9.97892291e+03  4.21407391e+03  3.34551371e+10
  1.18267155e+03  1.00021725e+04  4.21695215e+03  3.36623280e+10
  1.18846448e+03  1.00136617e+04  4.21982932e+03  3.38698791e+10
  1.19425741e+03  1.00216526e+04  4.22270761e+03  3.40776321e+10
  1.20005034e+03  1.00281799e+04  4.22558775e+03  3.42855357e+10
  1.20584327e+03  1.00509980e+04  4.22846760e+03  3.44937437e+10
  1.21163620e+03  1.00525256e+04  4.23134788e+03  3.47022040e+10
  1.21742913e+03  1.00534413e+04  4.23423174e+03  3.49106897e+10
  1.22322206e+03  1.00642166e+04  4.23711785e+03  3.51192966e+10
  1.22901499e+03  1.00646102e+04  4.24000629e+03  3.53280194e+10
  1.23480792e+03  1.00788164e+04  4.24289658e+03  3.55368935e+10
  1.24060084e+03  1.00793373e+04  4.24578869e+03  3.57459203e+10
  1.24639377e+03  1.00862435e+04  4.24868368e+03  3.59550242e+10
  1.25218670e+03  1.00940820e+04  4.25158051e+03  3.61642809e+10
  1.25797963e+03  1.00986526e+04  4.25447950e+03  3.63736664e+10
  1.26377256e+03  1.01079093e+04  4.25738046e+03  3.65831952e+10
  1.26956549e+03  1.01113521e+04  4.26028355e+03  3.67928557e+10
  1.27535842e+03  1.01185910e+04  4.26318907e+03  3.70026269e+10
  1.28115135e+03  1.01402012e+04  4.26609441e+03  3.72126973e+10
  1.28694428e+03  1.01504218e+04  4.26899915e+03  3.74230978e+10
  1.29273721e+03  1.01641959e+04  4.27190440e+03  3.76337470e+10
  1.29853014e+03  1.01877154e+04  4.27480828e+03  3.78447830e+10
  1.30432307e+03  1.01977599e+04  4.27771132e+03  3.80561670e+10
  1.31011600e+03  1.02018677e+04  4.28061628e+03  3.82676978e+10
  1.31590893e+03  1.02108286e+04  4.28352333e+03  3.84793641e+10
  1.32170186e+03  1.02358352e+04  4.28642950e+03  3.86913826e+10
  1.32749479e+03  1.02529400e+04  4.28933362e+03  3.89038377e+10
  1.33328772e+03  1.02791828e+04  4.29223554e+03  3.91167424e+10
  1.33908065e+03  1.02929810e+04  4.29513573e+03  3.93300622e+10
  1.34487358e+03  1.03020192e+04  4.29803661e+03  3.95436189e+10
  1.35066651e+03  1.02944053e+04  4.30094122e+03  3.97571903e+10
  1.35645944e+03  1.03240127e+04  4.30384665e+03  3.99709898e+10
  1.36225237e+03  1.03402471e+04  4.30674955e+03  4.01852646e+10
  1.36804530e+03  1.03602471e+04  4.30965128e+03  4.03999152e+10
  1.37383823e+03  1.03861279e+04  4.31255049e+03  4.06150415e+10
  1.37963116e+03  1.03944512e+04  4.31544882e+03  4.08305225e+10
  1.38542409e+03  1.03992958e+04  4.31834921e+03  4.10461400e+10
  1.39121702e+03  1.04217968e+04  4.32124969e+03  4.12620411e+10
  1.39700995e+03  1.04438835e+04  4.32414785e+03  4.14784045e+10
  1.40280288e+03  1.04753484e+04  4.32704248e+03  4.16953232e+10
  1.40859581e+03  1.04841784e+04  4.32993540e+03  4.19126598e+10
  1.41438874e+03  1.04884802e+04  4.33283037e+03  4.21301325e+10
  1.42018167e+03  1.05060840e+04  4.33572620e+03  4.23478324e+10
  1.42597460e+03  1.05238509e+04  4.33862101e+03  4.25658990e+10
  1.43176753e+03  1.05533333e+04  4.34151320e+03  4.27844556e+10
  1.43756046e+03  1.05535668e+04  4.34440516e+03  4.30033203e+10
  1.44335339e+03  1.05594720e+04  4.34730013e+03  4.32222487e+10
  1.44914632e+03  1.05835818e+04  4.35019485e+03  4.34414883e+10
  1.45493925e+03  1.05993704e+04  4.35308796e+03  4.36611416e+10
  1.46073218e+03  1.06021950e+04  4.35598238e+03  4.38809879e+10
  1.46652511e+03  1.06135142e+04  4.35887871e+03  4.41009809e+10
  1.47231804e+03  1.06337919e+04  4.36177459e+03  4.43213016e+10
  1.47811097e+03  1.06236203e+04  4.36467293e+03  4.45417270e+10
  1.48390390e+03  1.06410047e+04  4.36757415e+03  4.47622272e+10
  1.48969683e+03  1.06623834e+04  4.37047393e+03  4.49831294e+10
  1.49548976e+03  1.06701820e+04  4.37337359e+03  4.52043341e+10
  1.50128269e+03  1.06782502e+04  4.37627495e+03  4.54257033e+10
  1.50707562e+03  1.07023270e+04  4.37917578e+03  4.56474059e+10
  1.51286855e+03  1.07121897e+04  4.38207586e+03  4.58694604e+10
  1.51866148e+03  1.07304818e+04  4.38497596e+03  4.60918069e+10
  1.52445441e+03  1.07632462e+04  4.38787301e+03  4.63146827e+10
  1.53024734e+03  1.07795276e+04  4.39076728e+03  4.65380672e+10
  1.53604027e+03  1.07996496e+04  4.39366047e+03  4.67618291e+10
  1.54183320e+03  1.08343144e+04  4.39655015e+03  4.69861591e+10
  1.54762613e+03  1.08555386e+04  4.39943616e+03  4.72110687e+10
  1.55341906e+03  1.08683330e+04  4.40232143e+03  4.74363310e+10
  1.55921199e+03  1.08947112e+04  4.40520529e+03  4.76619995e+10
  1.56500492e+03  1.09213211e+04  4.40808591e+03  4.78882174e+10
  1.57079785e+03  1.09360024e+04  4.41096485e+03  4.81148636e+10
  1.57659078e+03  1.09683109e+04  4.41384137e+03  4.83419969e+10
  1.58238371e+03  1.09845097e+04  4.41671526e+03  4.85696333e+10
  1.58817664e+03  1.09832302e+04  4.41959095e+03  4.87974243e+10
  1.59396957e+03  1.10096498e+04  4.42246709e+03  4.90254761e+10
  1.59976250e+03  1.10331058e+04  4.42534046e+03  4.92540450e+10
  1.60555543e+03  1.10353615e+04  4.42821420e+03  4.94828806e+10
  1.61134836e+03  1.10531977e+04  4.43108907e+03  4.97119244e+10
  1.61714129e+03  1.10741398e+04  4.43396262e+03  4.99413704e+10
  1.62293422e+03  1.10825095e+04  4.43683609e+03  5.01711203e+10
  1.62872715e+03  1.11006024e+04  4.43970985e+03  5.04011447e+10
  1.63452008e+03  1.11185134e+04  4.44258268e+03  5.06315423e+10
  1.64031301e+03  1.11236316e+04  4.44545624e+03  5.08621788e+10
  1.64610594e+03  1.11400948e+04  4.44833073e+03  5.10930391e+10
  1.65189887e+03  1.11653683e+04  4.45120355e+03  5.13243321e+10
  1.65769179e+03  1.11728723e+04  4.45407586e+03  5.15559650e+10
  1.66348472e+03  1.11834661e+04  4.45694955e+03  5.17877856e+10
  1.66927765e+03  1.12106765e+04  4.45982210e+03  5.20199981e+10
  1.67507058e+03  1.12213981e+04  4.46269348e+03  5.22526041e+10
  1.68086351e+03  1.12284147e+04  4.46556628e+03  5.24853939e+10
  1.68665644e+03  1.12578057e+04  4.46843813e+03  5.27185613e+10
  1.69244937e+03  1.12686186e+04  4.47130854e+03  5.29521455e+10
  1.69824230e+03  1.12758784e+04  4.47418033e+03  5.31859172e+10
  1.70403523e+03  1.13030498e+04  4.47705143e+03  5.34200459e+10
  1.70982816e+03  1.13140506e+04  4.47992136e+03  5.36545704e+10
  1.71562109e+03  1.13242863e+04  4.48279227e+03  5.38893151e+10
  1.72141402e+03  1.13398319e+04  4.48566359e+03  5.41243271e+10
  1.72720695e+03  1.13491038e+04  4.48853545e+03  5.43595965e+10
  1.73299988e+03  1.13737696e+04  4.49140669e+03  5.45952178e+10
  1.73879281e+03  1.13922232e+04  4.49427615e+03  5.48312862e+10
  1.74458574e+03  1.14095063e+04  4.49714478e+03  5.50677252e+10
  1.75037867e+03  1.14268272e+04  4.50001272e+03  5.53045230e+10
  1.75617160e+03  1.14318864e+04  4.50288150e+03  5.55415529e+10
  1.76196453e+03  1.14466581e+04  4.50575145e+03  5.57787884e+10
  1.76775746e+03  1.14637585e+04  4.50862107e+03  5.60163544e+10
  1.77355039e+03  1.14896904e+04  4.51148895e+03  5.62543666e+10
  1.77934332e+03  1.15105170e+04  4.51435464e+03  5.64928637e+10
  1.78513625e+03  1.15233054e+04  4.51721979e+03  5.67317093e+10
  1.79092918e+03  1.15419032e+04  4.52008466e+03  5.69708804e+10
  1.79672211e+03  1.15528491e+04  4.52294950e+03  5.72103579e+10
  1.80251504e+03  1.15696501e+04  4.52581453e+03  5.74501230e+10
  1.80830797e+03  1.15858262e+04  4.52867911e+03  5.76902301e+10
  1.81410090e+03  1.16049847e+04  4.53154294e+03  5.79307037e+10
  1.81989383e+03  1.16260765e+04  4.53440542e+03  5.81715945e+10
  1.82568676e+03  1.16419547e+04  4.53726696e+03  5.84128688e+10
  1.83147969e+03  1.16579765e+04  4.54012820e+03  5.86544738e+10
  1.83727262e+03  1.16747839e+04  4.54298901e+03  5.88964192e+10
  1.84306555e+03  1.16911586e+04  4.54584936e+03  5.91387087e+10
  1.84885848e+03  1.17102735e+04  4.54870896e+03  5.93813662e+10
  1.85465141e+03  1.17243462e+04  4.55156811e+03  5.96243679e+10
  1.86044434e+03  1.17453065e+04  4.55442658e+03  5.98677328e+10
  1.86623727e+03  1.17561816e+04  4.55728476e+03  6.01114278e+10
  1.87203020e+03  1.17820913e+04  4.56014206e+03  6.03555043e+10
  1.87782313e+03  1.17879150e+04  4.56299909e+03  6.05999098e+10
  1.88361606e+03  1.17992258e+04  4.56585762e+03  6.08444930e+10
  1.88940899e+03  1.18047659e+04  4.56871769e+03  6.10892509e+10
  1.89520192e+03  1.18229213e+04  4.57157847e+03  6.13342545e+10
  1.90099485e+03  1.18352514e+04  4.57443914e+03  6.15795742e+10
  1.90678778e+03  1.18439771e+04  4.57730085e+03  6.18251123e+10
  1.91258071e+03  1.18557818e+04  4.58016365e+03  6.20708633e+10
  1.91837364e+03  1.18636688e+04  4.58302766e+03  6.23168184e+10
  1.92416657e+03  1.18721943e+04  4.58589327e+03  6.25629438e+10
  1.92995950e+03  1.18854916e+04  4.58875983e+03  6.28092954e+10
  1.93575243e+03  1.18925011e+04  4.59162752e+03  6.30558576e+10
  1.94154536e+03  1.18990835e+04  4.59449715e+03  6.33025607e+10
  1.94733829e+03  1.19101728e+04  4.59736824e+03  6.35494471e+10
  1.95313122e+03  1.19225262e+04  4.60024009e+03  6.37965766e+10
  1.95892415e+03  1.19421255e+04  4.60311168e+03  6.40440374e+10
  1.96471708e+03  1.19563724e+04  4.60598278e+03  6.42918491e+10
  1.97051001e+03  1.19643426e+04  4.60885480e+03  6.45398913e+10
  1.97630294e+03  1.19805678e+04  4.61172749e+03  6.47881843e+10
  1.98209587e+03  1.19895591e+04  4.61460073e+03  6.50367388e+10
  1.98788880e+03  1.19990684e+04  4.61747534e+03  6.52854851e+10
  1.99368173e+03  1.20183526e+04  4.62035008e+03  6.55345300e+10
  1.99947466e+03  1.20291931e+04  4.62322479e+03  6.57838873e+10
  2.00526759e+03  1.20394263e+04  4.62610056e+03  6.60334631e+10
  2.01106052e+03  1.20516424e+04  4.62897723e+03  6.62832717e+10
  2.01685345e+03  1.20559826e+04  4.63185549e+03  6.65332520e+10
  2.02264638e+03  1.20668027e+04  4.63473553e+03  6.67833895e+10
  2.02843931e+03  1.20783233e+04  4.63761648e+03  6.70337586e+10
  2.03423224e+03  1.20807505e+04  4.64049935e+03  6.72842723e+10
  2.04002517e+03  1.20923345e+04  4.64338413e+03  6.75349314e+10
  2.04581810e+03  1.21130376e+04  4.64626864e+03  6.77859252e+10
  2.05161103e+03  1.21290835e+04  4.64915236e+03  6.80373001e+10
  2.05740396e+03  1.21712398e+04  4.65203275e+03  6.82892786e+10
  2.06319689e+03  1.21944678e+04  4.65490896e+03  6.85419350e+10
  2.06898981e+03  1.21995019e+04  4.65778538e+03  6.87948845e+10
  2.07478274e+03  1.22098654e+04  4.66066355e+03  6.90479936e+10
  2.08057567e+03  1.22349789e+04  4.66354110e+03  6.93014706e+10
  2.08636860e+03  1.22711070e+04  4.66641499e+03  6.95555826e+10
  2.09216153e+03  1.22939336e+04  4.66928552e+03  6.98103060e+10
  2.09795446e+03  1.23140393e+04  4.67215457e+03  7.00654746e+10
  2.10374739e+03  1.23353906e+04  4.67502231e+03  7.03210730e+10
  2.10954032e+03  1.23510977e+04  4.67788925e+03  7.05770557e+10
  2.11533325e+03  1.23663390e+04  4.68075612e+03  7.08333593e+10
  2.12112618e+03  1.23951164e+04  4.68362141e+03  7.10901194e+10
  2.12691911e+03  1.24284964e+04  4.68648301e+03  7.13475240e+10
  2.13271204e+03  1.24414400e+04  4.68934277e+03  7.16054089e+10
  2.13850497e+03  1.24553178e+04  4.69220294e+03  7.18635719e+10
  2.14429790e+03  1.24632723e+04  4.69506409e+03  7.21219614e+10
  2.15009083e+03  1.24769656e+04  4.69792624e+03  7.23805753e+10
  2.15588376e+03  1.24952822e+04  4.70078820e+03  7.26395212e+10
  2.16167669e+03  1.25037561e+04  4.70365059e+03  7.28987448e+10
  2.16746962e+03  1.25074709e+04  4.70651506e+03  7.31580948e+10
  2.17326255e+03  1.25135818e+04  4.70938190e+03  7.34175467e+10
  2.17905548e+03  1.25222208e+04  4.71225054e+03  7.36771516e+10
  2.18484841e+03  1.25310607e+04  4.71512067e+03  7.39369377e+10
  2.19064134e+03  1.25427197e+04  4.71799195e+03  7.41969364e+10
  2.19643427e+03  1.25566261e+04  4.72086380e+03  7.44572001e+10
  2.20222720e+03  1.25614957e+04  4.72373699e+03  7.47176586e+10
  2.20802013e+03  1.25693805e+04  4.72661223e+03  7.49782493e+10
  2.21381306e+03  1.25800928e+04  4.72948884e+03  7.52390328e+10
  2.21960599e+03  1.25915605e+04  4.73236641e+03  7.55000464e+10
  2.22539892e+03  1.26029569e+04  4.73524487e+03  7.57612970e+10
  2.23119185e+03  1.26217904e+04  4.73812338e+03  7.60228611e+10
  2.23698478e+03  1.26368957e+04  4.74100151e+03  7.62847771e+10
  2.24277771e+03  1.26458334e+04  4.74388040e+03  7.65469425e+10
  2.24857064e+03  1.26588164e+04  4.74676029e+03  7.68093351e+10
  2.25436357e+03  1.26735407e+04  4.74964053e+03  7.70720150e+10
  2.26015650e+03  1.26870126e+04  4.75252105e+03  7.73349873e+10
  2.26594943e+03  1.26979632e+04  4.75540229e+03  7.75982129e+10
  2.27174236e+03  1.27099235e+04  4.75828443e+03  7.78616760e+10
  2.27753529e+03  1.27250411e+04  4.76116699e+03  7.81254199e+10
  2.28332822e+03  1.27368790e+04  4.76404998e+03  7.83894433e+10
  2.28912115e+03  1.27474272e+04  4.76693393e+03  7.86536989e+10
  2.29491408e+03  1.27621318e+04  4.76981852e+03  7.89182163e+10
  2.30070701e+03  1.27793532e+04  4.77270299e+03  7.91830648e+10
  2.30649994e+03  1.28028558e+04  4.77558635e+03  7.94483355e+10
  2.31229287e+03  1.28265805e+04  4.77846787e+03  7.97140959e+10
  2.31808580e+03  1.28474600e+04  4.78134785e+03  7.99803189e+10
  2.32387873e+03  1.28702633e+04  4.78422641e+03  8.02469948e+10
  2.32967166e+03  1.28925864e+04  4.78710339e+03  8.05141387e+10
  2.33546459e+03  1.29217789e+04  4.78997808e+03  8.07818168e+10
  2.34125752e+03  1.29428752e+04  4.79285062e+03  8.10500163e+10
  2.34705045e+03  1.29644156e+04  4.79572187e+03  8.13186579e+10
  2.35284338e+03  1.29913352e+04  4.79859119e+03  8.15878020e+10
  2.35863631e+03  1.30304170e+04  4.80145667e+03  8.18576305e+10
  2.36442924e+03  1.30121934e+04  4.80432326e+03  8.21276753e+10
  2.37022217e+03  1.30647701e+04  4.80718951e+03  8.23980763e+10
  2.37601510e+03  1.31043714e+04  4.81004906e+03  8.26694332e+10
  2.38180803e+03  1.31194118e+04  4.81290604e+03  8.29413566e+10
  2.38760096e+03  1.31379575e+04  4.81576275e+03  8.32136283e+10
  2.39339389e+03  1.31585042e+04  4.81861860e+03  8.34863054e+10
  2.39918682e+03  1.31693670e+04  4.82147443e+03  8.37593082e+10
  2.40497975e+03  1.31825929e+04  4.82433103e+03  8.40325607e+10
  2.41077268e+03  1.31947076e+04  4.82718827e+03  8.43060760e+10
  2.41656561e+03  1.32005915e+04  4.83004694e+03  8.45797780e+10
  2.42235854e+03  1.32149232e+04  4.83290681e+03  8.48536895e+10
  2.42815147e+03  1.32305728e+04  4.83576682e+03  8.51279120e+10
  2.43394440e+03  1.32402667e+04  4.83862747e+03  8.54023972e+10
  2.43973733e+03  1.32470532e+04  4.84148972e+03  8.56770534e+10
  2.44553026e+03  1.32582842e+04  4.84435342e+03  8.59518964e+10
  2.45132319e+03  1.32731353e+04  4.84721769e+03  8.62270098e+10
  2.45711612e+03  1.32818584e+04  4.85008279e+03  8.65023677e+10
  2.46290905e+03  1.33032071e+04  4.85294804e+03  8.67780374e+10
  2.46870198e+03  1.33181975e+04  4.85581276e+03  8.70540839e+10
  2.47449491e+03  1.33282591e+04  4.85867816e+03  8.73303902e+10
  2.48028784e+03  1.33420114e+04  4.86154439e+03  8.76069434e+10
  2.48608076e+03  1.33519521e+04  4.86441145e+03  8.78837423e+10
  2.49187369e+03  1.33755867e+04  4.86727829e+03  8.81608893e+10
  2.49766662e+03  1.33959915e+04  4.87014378e+03  8.84384931e+10
  2.50345955e+03  1.34021241e+04  4.87300981e+03  8.87163720e+10
  2.50925248e+03  1.34069677e+04  4.87587803e+03  8.89943647e+10
  2.51504541e+03  1.34133124e+04  4.87874844e+03  8.92724734e+10
  2.52083834e+03  1.34394294e+04  4.88161875e+03  8.95509187e+10
  2.52663127e+03  1.34539869e+04  4.88448809e+03  8.98297858e+10
  2.53242420e+03  1.34606900e+04  4.88735854e+03  9.01088734e+10
  2.53821713e+03  1.34717264e+04  4.89023047e+03  9.03881449e+10
  2.54401006e+03  1.34725368e+04  4.89310451e+03  9.06675392e+10
  2.54980299e+03  1.34850627e+04  4.89598050e+03  9.09470718e+10
  2.55559592e+03  1.35010284e+04  4.89885684e+03  9.12268999e+10
  2.56138885e+03  1.35108150e+04  4.90173381e+03  9.15069950e+10
  2.56718178e+03  1.35284101e+04  4.90461125e+03  9.17873741e+10
  2.57297471e+03  1.35356630e+04  4.90748941e+03  9.20680108e+10
  2.57876764e+03  1.35439557e+04  4.91036931e+03  9.23488087e+10
  2.58456057e+03  1.35584512e+04  4.91325016e+03  9.26298429e+10
  2.59035350e+03  1.35704311e+04  4.91613157e+03  9.29111516e+10
  2.59614643e+03  1.35890223e+04  4.91901312e+03  9.31927773e+10
  2.60193936e+03  1.36053717e+04  4.92189434e+03  9.34747653e+10
  2.60773229e+03  1.36218676e+04  4.92477545e+03  9.37570940e+10
  2.61352522e+03  1.36363406e+04  4.92765666e+03  9.40397437e+10
  2.61931815e+03  1.36567684e+04  4.93053756e+03  9.43227554e+10
  2.62511108e+03  1.36977728e+04  4.93341534e+03  9.46064040e+10
  2.63090401e+03  1.37302436e+04  4.93628877e+03  9.48908146e+10
  2.63669694e+03  1.37687517e+04  4.93915811e+03  9.51759611e+10
  2.64248987e+03  1.38086106e+04  4.94202263e+03  9.54619203e+10
  2.64828280e+03  1.38472451e+04  4.94488232e+03  9.57486934e+10
  2.65407573e+03  1.38884507e+04  4.94773708e+03  9.60362944e+10
  2.65986866e+03  1.39326965e+04  4.95058636e+03  9.63247814e+10
  2.66566159e+03  1.39702357e+04  4.95343055e+03  9.66141165e+10
  2.67145452e+03  1.40030413e+04  4.95627085e+03  9.69041811e+10
  2.67724745e+03  1.40138000e+04  4.95910997e+03  9.71946974e+10
  2.68304038e+03  1.40346159e+04  4.96194916e+03  9.74855411e+10
  2.68883331e+03  1.40563150e+04  4.96478729e+03  9.77768256e+10
  2.69462624e+03  1.41123562e+04  4.96762083e+03  9.80689163e+10
  2.70041917e+03  1.41386385e+04  4.97044933e+03  9.83618605e+10
  2.70621210e+03  1.41319633e+04  4.97327908e+03  9.86550082e+10
  2.71200503e+03  1.41409057e+04  4.97611183e+03  9.89481793e+10
  2.71779796e+03  1.41878241e+04  4.97894222e+03  9.92419296e+10
  2.72359089e+03  1.41901113e+04  4.98177091e+03  9.95361902e+10
  2.72938382e+03  1.41939913e+04  4.98460220e+03  9.98305148e+10
  2.73517675e+03  1.42293667e+04  4.98743280e+03  1.00125246e+11
  2.74096968e+03  1.42437372e+04  4.99026166e+03  1.00420494e+11
  2.74676261e+03  1.42504672e+04  4.99309162e+03  1.00715960e+11
  2.75255554e+03  1.42620405e+04  4.99592298e+03  1.01011616e+11
  2.75834847e+03  1.42737910e+04  4.99875524e+03  1.01307514e+11
  2.76414140e+03  1.42941425e+04  5.00158752e+03  1.01603745e+11
  2.76993433e+03  1.43112399e+04  5.00441930e+03  1.01900364e+11
  2.77572726e+03  1.43195365e+04  5.00725177e+03  1.02197246e+11
  2.78152019e+03  1.43360745e+04  5.01008499e+03  1.02494386e+11
  2.78731312e+03  1.43529972e+04  5.01291811e+03  1.02791873e+11
  2.79310605e+03  1.43623884e+04  5.01575183e+03  1.03089633e+11
  2.79889898e+03  1.43743780e+04  5.01858664e+03  1.03387614e+11
  2.80469191e+03  1.43852382e+04  5.02142241e+03  1.03685832e+11
  2.81048484e+03  1.43970866e+04  5.02425914e+03  1.03984286e+11
  2.81627777e+03  1.44129708e+04  5.02709635e+03  1.04283028e+11
  2.82207070e+03  1.44317446e+04  5.02993334e+03  1.04582128e+11
  2.82786363e+03  1.44455483e+04  5.03277033e+03  1.04881567e+11
  2.83365656e+03  1.44604909e+04  5.03560770e+03  1.05181304e+11
  2.83944949e+03  1.44737825e+04  5.03844550e+03  1.05481333e+11
  2.84524242e+03  1.44915661e+04  5.04128345e+03  1.05781685e+11
  2.85103535e+03  1.45082681e+04  5.04412121e+03  1.06082394e+11
  2.85682828e+03  1.45192582e+04  5.04695946e+03  1.06383390e+11
  2.86262121e+03  1.45388564e+04  5.04979791e+03  1.06684704e+11
  2.86841414e+03  1.45572107e+04  5.05263585e+03  1.06986411e+11
  2.87420707e+03  1.45591350e+04  5.05547500e+03  1.07288329e+11
  2.88000000e+03  1.45878606e+04  5.05831436e+03  1.07590564e+11
  2.88579293e+03  1.46164674e+04  5.06115132e+03  1.07893394e+11
  2.89158586e+03  1.46400115e+04  5.06398640e+03  1.08196764e+11
  2.89737878e+03  1.46664593e+04  5.06681982e+03  1.08500653e+11
  2.90317171e+03  1.46826479e+04  5.06965228e+03  1.08804984e+11
  2.90896464e+03  1.47026959e+04  5.07248441e+03  1.09109691e+11
  2.91475757e+03  1.47276146e+04  5.07531537e+03  1.09414864e+11
  2.92055050e+03  1.47441885e+04  5.07814551e+03  1.09720467e+11
  2.92634343e+03  1.47550089e+04  5.08097617e+03  1.10026354e+11
  2.93213636e+03  1.47931442e+04  5.08380529e+03  1.10332749e+11
  2.93792929e+03  1.48334435e+04  5.08663006e+03  1.10639958e+11
  2.94372222e+03  1.48486385e+04  5.08945268e+03  1.10947741e+11
  2.94951515e+03  1.48713237e+04  5.09227483e+03  1.11255918e+11
  2.95530808e+03  1.48876460e+04  5.09509640e+03  1.11564499e+11
  2.96110101e+03  1.49006261e+04  5.09791833e+03  1.11873384e+11
  2.96689394e+03  1.49206138e+04  5.10074026e+03  1.12182610e+11
  2.97268687e+03  1.49395755e+04  5.10356162e+03  1.12492241e+11
  2.97847980e+03  1.49358150e+04  5.10638467e+03  1.12802029e+11
  2.98427273e+03  1.49608763e+04  5.10920883e+03  1.13112038e+11
  2.99006566e+03  1.49834037e+04  5.11203163e+03  1.13422541e+11
  2.99585859e+03  1.49995022e+04  5.11485389e+03  1.13733444e+11
  3.00165152e+03  1.50160413e+04  5.11767621e+03  1.14044686e+11
  3.00744445e+03  1.50375569e+04  5.12049806e+03  1.14356322e+11
  3.01323738e+03  1.50511512e+04  5.12331972e+03  1.14668322e+11
  3.01903031e+03  1.50672518e+04  5.12614171e+03  1.14980630e+11
  3.02482324e+03  1.50922432e+04  5.12896296e+03  1.15293364e+11
  3.03061617e+03  1.51048915e+04  5.13178380e+03  1.15606489e+11
  3.03640910e+03  1.51150093e+04  5.13460561e+03  1.15919849e+11
  3.04220203e+03  1.51341909e+04  5.13742778e+03  1.16233514e+11
  3.04799496e+03  1.51514823e+04  5.14024966e+03  1.16547556e+11
  3.05378789e+03  1.51687747e+04  5.14307142e+03  1.16861957e+11
  3.05958082e+03  1.51975276e+04  5.14589199e+03  1.17176836e+11
  3.06537375e+03  1.52188899e+04  5.14871100e+03  1.17492234e+11
  3.07116668e+03  1.52327440e+04  5.15152983e+03  1.17807998e+11
  3.07695961e+03  1.52596381e+04  5.15434798e+03  1.18124184e+11
  3.08275254e+03  1.52811590e+04  5.15716474e+03  1.18440872e+11
  3.08854547e+03  1.52974651e+04  5.15998109e+03  1.18757952e+11
  3.09433840e+03  1.53235583e+04  5.16279661e+03  1.19075472e+11
  3.10013133e+03  1.53409940e+04  5.16561120e+03  1.19393443e+11
  3.10592426e+03  1.53584932e+04  5.16842566e+03  1.19711777e+11
  3.11171719e+03  1.53847196e+04  5.17123917e+03  1.20030564e+11
  3.11751012e+03  1.54063215e+04  5.17405138e+03  1.20349847e+11
  3.12330305e+03  1.54275496e+04  5.17686272e+03  1.20669574e+11
  3.12909598e+03  1.54399483e+04  5.17967406e+03  1.20989649e+11
  3.13488891e+03  1.54632133e+04  5.18248521e+03  1.21310095e+11
  3.14068184e+03  1.54846848e+04  5.18529533e+03  1.21631004e+11
  3.14647477e+03  1.55079968e+04  5.18810444e+03  1.21952378e+11
  3.15226770e+03  1.55443258e+04  5.19091119e+03  1.22274370e+11
  3.15806063e+03  1.55636790e+04  5.19371595e+03  1.22596940e+11
  3.16385356e+03  1.55935469e+04  5.19651930e+03  1.22920020e+11
  3.16964649e+03  1.56102926e+04  5.19932148e+03  1.23243583e+11
  3.17543942e+03  1.56346497e+04  5.20212300e+03  1.23567573e+11
  3.18123235e+03  1.56583906e+04  5.20492322e+03  1.23892061e+11
  3.18702528e+03  1.56799635e+04  5.20772241e+03  1.24217020e+11
  3.19281821e+03  1.56940707e+04  5.21052141e+03  1.24542348e+11
  3.19861114e+03  1.57193269e+04  5.21331992e+03  1.24868084e+11
  3.20440407e+03  1.57424406e+04  5.21611712e+03  1.25194322e+11
  3.21019700e+03  1.57627591e+04  5.21891347e+03  1.25521010e+11
  3.21598993e+03  1.57807889e+04  5.22170941e+03  1.25848096e+11
  3.22178286e+03  1.58022085e+04  5.22450484e+03  1.26175591e+11
  3.22757579e+03  1.58225225e+04  5.22729958e+03  1.26503519e+11
  3.23336872e+03  1.58426917e+04  5.23009373e+03  1.26831866e+11
  3.23916165e+03  1.58629260e+04  5.23288731e+03  1.27160633e+11
  3.24495458e+03  1.58847067e+04  5.23568016e+03  1.27489835e+11
  3.25074751e+03  1.59070869e+04  5.23847212e+03  1.27819495e+11
  3.25654044e+03  1.59240811e+04  5.24126359e+03  1.28149563e+11
  3.26233337e+03  1.59428514e+04  5.24405490e+03  1.28480003e+11
  3.26812630e+03  1.59617930e+04  5.24684588e+03  1.28810833e+11
  3.27391923e+03  1.59751381e+04  5.24963701e+03  1.29141998e+11
  3.27971216e+03  1.59927102e+04  5.25242841e+03  1.29473483e+11
  3.28550509e+03  1.60079836e+04  5.25521990e+03  1.29805310e+11
  3.29129802e+03  1.60245648e+04  5.25801159e+03  1.30137466e+11
  3.29709095e+03  1.60433254e+04  5.26080316e+03  1.30469989e+11
  3.30288388e+03  1.60542941e+04  5.26359510e+03  1.30802820e+11
  3.30867680e+03  1.60689445e+04  5.26638778e+03  1.31135917e+11
  3.31446973e+03  1.60745449e+04  5.26918167e+03  1.31469224e+11
  3.32026266e+03  1.60941063e+04  5.27197633e+03  1.31802792e+11
  3.32605559e+03  1.61143014e+04  5.27477050e+03  1.32136772e+11
  3.33184852e+03  1.61241220e+04  5.27756503e+03  1.32471064e+11
  3.33764145e+03  1.61411320e+04  5.28036019e+03  1.32805633e+11
  3.34343438e+03  1.61533558e+04  5.28315579e+03  1.33140506e+11
  3.34922731e+03  1.61762238e+04  5.28595130e+03  1.33475742e+11
  3.35502024e+03  1.61857142e+04  5.28874698e+03  1.33811314e+11
  3.36081317e+03  1.62104780e+04  5.29154265e+03  1.34147242e+11
  3.36660610e+03  1.62178802e+04  5.29433850e+03  1.34483502e+11
  3.37239903e+03  1.62401762e+04  5.29713475e+03  1.34820071e+11
  3.37819196e+03  1.62494307e+04  5.29993123e+03  1.35156967e+11
  3.38398489e+03  1.62764962e+04  5.30272755e+03  1.35494240e+11
  3.38977782e+03  1.62725301e+04  5.30552482e+03  1.35831752e+11
  3.39557075e+03  1.62987503e+04  5.30832313e+03  1.36169495e+11
  3.40136368e+03  1.63050780e+04  5.31112160e+03  1.36507575e+11
  3.40715661e+03  1.63397186e+04  5.31391950e+03  1.36846080e+11
  3.41294954e+03  1.63586426e+04  5.31671577e+03  1.37185141e+11
  3.41874247e+03  1.63924948e+04  5.31951046e+03  1.37524748e+11
  3.42453540e+03  1.64288108e+04  5.32230211e+03  1.37865084e+11
  3.43032833e+03  1.64490592e+04  5.32509188e+03  1.38206006e+11
  3.43612126e+03  1.64692584e+04  5.32788114e+03  1.38547347e+11
  3.44191419e+03  1.64904639e+04  5.33066982e+03  1.38889118e+11
  3.44770712e+03  1.65357857e+04  5.33345580e+03  1.39231578e+11
  3.45350005e+03  1.65828313e+04  5.33623690e+03  1.39574997e+11
  3.45929298e+03  1.66127727e+04  5.33901445e+03  1.39919213e+11
  3.46508591e+03  1.66612777e+04  5.34178833e+03  1.40264244e+11
  3.47087884e+03  1.67040175e+04  5.34455750e+03  1.40610220e+11
  3.47667177e+03  1.67465599e+04  5.34732247e+03  1.40957080e+11
  3.48246470e+03  1.67902214e+04  5.35008319e+03  1.41304835e+11
  3.48825763e+03  1.68170647e+04  5.35284095e+03  1.41653320e+11
  3.49405056e+03  1.68553020e+04  5.35559622e+03  1.42002481e+11
  3.49984349e+03  1.68781403e+04  5.35834933e+03  1.42352274e+11
  3.50563642e+03  1.69141470e+04  5.36110047e+03  1.42702678e+11
  3.51142935e+03  1.69299451e+04  5.36385022e+03  1.43053619e+11
  3.51722228e+03  1.69587469e+04  5.36659917e+03  1.43405023e+11
  3.52301521e+03  1.69710422e+04  5.36934760e+03  1.43756852e+11
  3.52880814e+03  1.70015260e+04  5.37209539e+03  1.44109126e+11
  3.53460107e+03  1.70069215e+04  5.37484308e+03  1.44461771e+11
  3.54039400e+03  1.70376218e+04  5.37759066e+03  1.44814791e+11
  3.54618693e+03  1.70292041e+04  5.38033926e+03  1.45168041e+11
  3.55197986e+03  1.70744713e+04  5.38308770e+03  1.45521674e+11
  3.55777279e+03  1.70547926e+04  5.38583688e+03  1.45875572e+11
  3.56356572e+03  1.71085803e+04  5.38858612e+03  1.46229824e+11
  3.56935865e+03  1.70989847e+04  5.39133461e+03  1.46584534e+11
  3.57515158e+03  1.71294598e+04  5.39408423e+03  1.46939460e+11
  3.58094451e+03  1.71370657e+04  5.39683360e+03  1.47294782e+11
  3.58673744e+03  1.71579534e+04  5.39958347e+03  1.47650399e+11
  3.59253037e+03  1.71766675e+04  5.40233298e+03  1.48006426e+11
  3.59832330e+03  1.71954575e+04  5.40508228e+03  1.48362843e+11
  3.60411623e+03  1.72158056e+04  5.40783126e+03  1.48719665e+11
  3.60990916e+03  1.72245093e+04  5.41058070e+03  1.49076788e+11
  3.61570209e+03  1.72521394e+04  5.41333004e+03  1.49434289e+11
  3.62149502e+03  1.72621088e+04  5.41607918e+03  1.49792179e+11
  3.62728795e+03  1.72769975e+04  5.41882913e+03  1.50150327e+11
  3.63308088e+03  1.73062024e+04  5.42157836e+03  1.50508932e+11
  3.63887381e+03  1.73144277e+04  5.42432741e+03  1.50867925e+11
  3.64466674e+03  1.73376087e+04  5.42707675e+03  1.51227244e+11
  3.65045967e+03  1.73242221e+04  5.42982810e+03  1.51586664e+11
  3.65625260e+03  1.73482501e+04  5.43258140e+03  1.51946195e+11
  3.66204553e+03  1.73297403e+04  5.43533705e+03  1.52305783e+11
  3.66783846e+03  1.74052641e+04  5.43809098e+03  1.52665962e+11
  3.67363139e+03  1.73167226e+04  5.44084874e+03  1.53026007e+11
  3.67942432e+03  1.74971087e+04  5.44360207e+03  1.53387003e+11
  3.68521725e+03  1.72976111e+04  5.44635971e+03  1.53747802e+11
  3.69101018e+03  1.76402139e+04  5.44910902e+03  1.54110084e+11
  3.69680311e+03  1.73708839e+04  5.45185524e+03  1.54473126e+11
  3.70259604e+03  1.76161681e+04  5.45460609e+03  1.54835919e+11
  3.70838897e+03  1.74874437e+04  5.45735047e+03  1.55199920e+11
  3.71418190e+03  1.76411311e+04  5.46009568e+03  1.55564181e+11
  3.71997483e+03  1.76323547e+04  5.46283230e+03  1.55929944e+11
  3.72576775e+03  1.76865775e+04  5.46556815e+03  1.56296178e+11
  3.73156068e+03  1.77581758e+04  5.46829702e+03  1.56663717e+11
  3.73735361e+03  1.77399140e+04  5.47102449e+03  1.57031809e+11
  3.74314654e+03  1.78073707e+04  5.47375092e+03  1.57400411e+11
  3.74893947e+03  1.77896451e+04  5.47647624e+03  1.57769528e+11
  3.75473240e+03  1.79035444e+04  5.47919695e+03  1.58139643e+11
  3.76052533e+03  1.78428109e+04  5.48191630e+03  1.58510310e+11
  3.76631826e+03  1.79554891e+04  5.48463441e+03  1.58881514e+11
  3.77211119e+03  1.79297052e+04  5.48734860e+03  1.59253620e+11
  3.77790412e+03  1.79676698e+04  5.49006456e+03  1.59625853e+11
  3.78369705e+03  1.79928693e+04  5.49277843e+03  1.59998740e+11
  3.78948998e+03  1.80039138e+04  5.49549224e+03  1.60372003e+11
  3.79528291e+03  1.80287770e+04  5.49820603e+03  1.60745638e+11
  3.80107584e+03  1.80357871e+04  5.50092010e+03  1.61119604e+11
  3.80686877e+03  1.80583643e+04  5.50363462e+03  1.61493877e+11
  3.81266170e+03  1.80725683e+04  5.50634906e+03  1.61868531e+11
  3.81845463e+03  1.80842828e+04  5.50906422e+03  1.62243454e+11
  3.82424756e+03  1.81100703e+04  5.51177925e+03  1.62618766e+11
  3.83004049e+03  1.81118092e+04  5.51449489e+03  1.62994363e+11
  3.83583342e+03  1.81427830e+04  5.51721075e+03  1.63370299e+11
  3.84162635e+03  1.81340366e+04  5.51992762e+03  1.63746466e+11
  3.84741928e+03  1.81812148e+04  5.52264430e+03  1.64123031e+11
  3.85321221e+03  1.81473731e+04  5.52536264e+03  1.64499735e+11
  3.85900514e+03  1.82108650e+04  5.52808146e+03  1.64876746e+11
  3.86479807e+03  1.81561594e+04  5.53080228e+03  1.65253848e+11
  3.87059100e+03  1.82513118e+04  5.53352278e+03  1.65631370e+11
  3.87638393e+03  1.82001571e+04  5.53624264e+03  1.66009348e+11
  3.88217686e+03  1.82623518e+04  5.53896436e+03  1.66387440e+11
  3.88796979e+03  1.82267973e+04  5.54168677e+03  1.66765808e+11
  3.89376272e+03  1.83122636e+04  5.54440814e+03  1.67144695e+11
  3.89955565e+03  1.82057522e+04  5.54713376e+03  1.67523362e+11
  3.90534858e+03  1.84581798e+04  5.54985130e+03  1.67903543e+11
  3.91114151e+03  1.81173589e+04  5.55257820e+03  1.68282808e+11
  3.91693444e+03  1.86257848e+04  5.55529560e+03  1.68663810e+11
  3.92272737e+03  1.80528357e+04  5.55802059e+03  1.69044143e+11
  3.92852030e+03  1.87198149e+04  5.56074152e+03  1.69425452e+11
  3.93431323e+03  1.81102122e+04  5.56346071e+03  1.69807355e+11
  3.94010616e+03  1.85518753e+04  5.56619468e+03  1.70187517e+11
  3.94589909e+03  1.83248984e+04  5.56891511e+03  1.70569905e+11
  3.95169202e+03  1.84537829e+04  5.57164540e+03  1.70951275e+11
  3.95748495e+03  1.85060002e+04  5.57436494e+03  1.71334524e+11
  3.96327788e+03  1.83733748e+04  5.57709311e+03  1.71716939e+11
  3.96907081e+03  1.86979098e+04  5.57980997e+03  1.72101344e+11
  3.97486374e+03  1.83269816e+04  5.58253296e+03  1.72485268e+11
  3.98065667e+03  1.88351567e+04  5.58524877e+03  1.72870615e+11
  3.98644960e+03  1.83779579e+04  5.58796340e+03  1.73256491e+11
  3.99224253e+03  1.88650983e+04  5.59067855e+03  1.73642677e+11
  3.99803546e+03  1.85379392e+04  5.59338444e+03  1.74030522e+11
  4.00382839e+03  1.88653872e+04  5.59609293e+03  1.74418370e+11
  4.00962132e+03  1.87231210e+04  5.59879052e+03  1.74808138e+11
  4.01541425e+03  1.88738407e+04  5.60149011e+03  1.75197994e+11
  4.02120718e+03  1.88602665e+04  5.60418243e+03  1.75589272e+11
  4.02700011e+03  1.89127273e+04  5.60687457e+03  1.75980953e+11
  4.03279304e+03  1.89033592e+04  5.60956622e+03  1.76373081e+11
  4.03858597e+03  1.89943152e+04  5.61225467e+03  1.76766055e+11
  4.04437890e+03  1.88863642e+04  5.61494691e+03  1.77158853e+11
  4.05017183e+03  1.91025382e+04  5.61763412e+03  1.77552773e+11
  4.05596476e+03  1.88655038e+04  5.62032540e+03  1.77946476e+11
  4.06175769e+03  1.90239732e+04  5.62302479e+03  1.78339365e+11
  4.06755062e+03  1.89761615e+04  5.62571886e+03  1.78733402e+11
  4.07334355e+03  1.88961691e+04  5.62842463e+03  1.79126113e+11
  4.07913648e+03  1.91125136e+04  5.63112335e+03  1.79520238e+11
  4.08492941e+03  1.87930883e+04  5.63383212e+03  1.79913294e+11
  4.09072234e+03  1.91700054e+04  5.63653946e+03  1.80306947e+11
  4.09651527e+03  1.87765126e+04  5.63925061e+03  1.80700427e+11
  4.10230820e+03  1.91247137e+04  5.64196755e+03  1.81093438e+11
  4.10810113e+03  1.88301575e+04  5.64468321e+03  1.81487005e+11
  4.11389406e+03  1.90267124e+04  5.64740842e+03  1.81879556e+11
  4.11968699e+03  1.89918409e+04  5.65012459e+03  1.82273784e+11
  4.12547992e+03  1.88987470e+04  5.65285258e+03  1.82666684e+11
  4.13127285e+03  1.91564526e+04  5.65557149e+03  1.83061292e+11
  4.13706577e+03  1.87416348e+04  5.65830451e+03  1.83454270e+11
  4.14285870e+03  1.93628780e+04  5.66102575e+03  1.83849389e+11
  4.14865163e+03  1.85714241e+04  5.66376229e+03  1.84242743e+11
  4.15444456e+03  1.95973945e+04  5.66648543e+03  1.84638528e+11
  4.16023749e+03  1.83726447e+04  5.66922633e+03  1.85032253e+11
  4.16603042e+03  1.98065504e+04  5.67195586e+03  1.85428146e+11
  4.17182335e+03  1.82544983e+04  5.67469720e+03  1.85822814e+11
  4.17761628e+03  1.99549905e+04  5.67743140e+03  1.86219022e+11
  4.18340921e+03  1.81546075e+04  5.68017610e+03  1.86614193e+11
  4.18920214e+03  2.00941635e+04  5.68291438e+03  1.87010808e+11
  4.19499507e+03  1.80263490e+04  5.68566556e+03  1.87406092e+11
  4.20078800e+03  2.03073410e+04  5.68840573e+03  1.87803588e+11
  4.20658093e+03  1.79374605e+04  5.69115574e+03  1.88200161e+11
  4.21237386e+03  2.03005084e+04  5.69390885e+03  1.88596664e+11
  4.21816679e+03  1.81100221e+04  5.69665067e+03  1.88994956e+11
  4.22395972e+03  1.99046178e+04  5.69942089e+03  1.89389143e+11
  4.22975265e+03  1.86828727e+04  5.70214926e+03  1.89789270e+11
  4.23554558e+03  1.93180651e+04  5.70492041e+03  1.90183315e+11
  4.24133851e+03  1.92249663e+04  5.70765448e+03  1.90582981e+11
  4.24713144e+03  1.90233581e+04  5.71041233e+03  1.90979591e+11
  4.25292437e+03  1.93738887e+04  5.71316228e+03  1.91377745e+11
  4.25871730e+03  1.90939057e+04  5.71590975e+03  1.91776631e+11
  4.26451023e+03  1.93327746e+04  5.71866277e+03  1.92175090e+11
  4.27030316e+03  1.92986946e+04  5.72140372e+03  1.92575673e+11
  4.27609609e+03  1.93149504e+04  5.72414857e+03  1.92976071e+11
  4.28188902e+03  1.93955291e+04  5.72688918e+03  1.93377474e+11
  4.28768195e+03  1.93944972e+04  5.72962678e+03  1.93779701e+11
  4.29347488e+03  1.94479408e+04  5.73236331e+03  1.94182471e+11
  4.29926781e+03  1.95507971e+04  5.73509148e+03  1.94586863e+11
  4.30506074e+03  1.94178069e+04  5.73782438e+03  1.94990942e+11
  4.31085367e+03  1.97244568e+04  5.74054787e+03  1.95396821e+11
  4.31664660e+03  1.94657746e+04  5.74327057e+03  1.95803198e+11
  4.32243953e+03  1.95751913e+04  5.74600617e+03  1.96208028e+11
  4.32823246e+03  2.00639282e+04  5.74870344e+03  1.96619059e+11
  4.33402539e+03  1.86083187e+04  5.75147427e+03  1.97020065e+11
  4.33981832e+03  2.20574810e+04  5.75412710e+03  1.97441743e+11
  4.34561125e+03  1.70473765e+04  5.75691433e+03  1.97847234e+11
  4.35140418e+03  2.62590398e+04  5.75950956e+03  1.98296294e+11
  4.35719711e+03  1.54062388e+04  5.76227500e+03  1.98728335e+11
  4.36299004e+03  3.39117456e+04  5.76481201e+03  1.99239730e+11
  4.36878297e+03  1.42805099e+04  5.76748896e+03  1.99739453e+11
  4.37457590e+03  4.20168591e+04  5.77001517e+03  2.00323219e+11
  4.38036883e+03  1.41057892e+04  5.77256698e+03  2.00905174e+11
  4.38616176e+03  3.80796785e+04  5.77518745e+03  2.01446303e+11
  4.39195469e+03  1.51575323e+04  5.77767745e+03  2.01998338e+11
  4.39774762e+03  2.87885115e+04  5.78039870e+03  2.02454030e+11
  4.40354055e+03  1.68358711e+04  5.78294456e+03  2.02927125e+11
  4.40933348e+03  2.33603661e+04  5.78571125e+03  2.03343934e+11
  4.41512641e+03  1.86313352e+04  5.78832543e+03  2.03779360e+11
  4.42091934e+03  2.09120755e+04  5.79107795e+03  2.04189399e+11
  4.42671227e+03  1.99838623e+04  5.79373443e+03  2.04613463e+11
  4.43250520e+03  1.99495200e+04  5.79645607e+03  2.05027546e+11
  4.43829813e+03  2.06101213e+04  5.79913889e+03  2.05448123e+11
  4.44409106e+03  1.99217622e+04  5.80182611e+03  2.05868412e+11
  4.44988399e+03  2.04975919e+04  5.80452307e+03  2.06287535e+11
  4.45567692e+03  2.10273588e+04  5.80715053e+03  2.06718121e+11
  4.46146985e+03  1.93676979e+04  5.80985810e+03  2.07136991e+11
  4.46726278e+03  2.33737000e+04  5.81243770e+03  2.07580192e+11
  4.47305571e+03  1.79779025e+04  5.81512879e+03  2.08008981e+11
  4.47884864e+03  2.56833389e+04  5.81771702e+03  2.08461719e+11
  4.48464157e+03  1.72766878e+04  5.82036944e+03  2.08907186e+11
  4.49043450e+03  2.65716500e+04  5.82298856e+03  2.09361865e+11
  4.49622743e+03  1.69993408e+04  5.82563597e+03  2.09813668e+11
  4.50202036e+03  2.79138198e+04  5.82823606e+03  2.10279388e+11
  4.50781329e+03  1.64669324e+04  5.83089078e+03  2.10739587e+11
  4.51360622e+03  3.04830532e+04  5.83346480e+03  2.11226427e+11
  4.51939915e+03  1.59529058e+04  5.83609501e+03  2.11707938e+11
  4.52519208e+03  3.21630663e+04  5.83868033e+03  2.12206869e+11
  4.53098501e+03  1.57752701e+04  5.84128743e+03  2.12703958e+11
  4.53677794e+03  3.38165115e+04  5.84385485e+03  2.13218192e+11
  4.54257087e+03  1.55398182e+04  5.84645109e+03  2.13729985e+11
  4.54836380e+03  3.85923549e+04  5.84894835e+03  2.14291300e+11
  4.55415672e+03  1.50980041e+04  5.85149991e+03  2.14848034e+11
  4.55994965e+03  4.91218355e+04  5.85389970e+03  2.15513952e+11
  4.56574258e+03  1.51052351e+04  5.85630057e+03  2.16179944e+11
  4.57153551e+03  5.74091856e+04  5.85862181e+03  2.16931871e+11
  4.57732844e+03  1.55185952e+04  5.86089588e+03  2.17688085e+11
  4.58312137e+03  8.10683364e+04  5.86303033e+03  2.18689628e+11
  4.58891430e+03 -7.28073690e+04  5.86299141e+03  2.18775289e+11
  4.59470723e+03  2.28044114e+04  5.86382910e+03  2.18256791e+11
  4.60050016e+03  2.20766273e+04  5.86631020e+03  2.18722178e+11
  4.60629309e+03  2.18704763e+04  5.86884557e+03  2.19177880e+11
  4.61208602e+03  2.29902037e+04  5.87133294e+03  2.19643056e+11
  4.61787895e+03  2.05994007e+04  5.87390117e+03  2.20095052e+11
  4.62367188e+03  2.38380630e+04  5.87642842e+03  2.20555839e+11
  4.62946481e+03  2.00567360e+04  5.87899458e+03  2.21010999e+11
  4.63525774e+03  2.44145421e+04  5.88153526e+03  2.21472137e+11
  4.64105067e+03  1.98066678e+04  5.88409577e+03  2.21930682e+11
  4.64684360e+03  2.47396605e+04  5.88664342e+03  2.22392599e+11
  4.65263653e+03  1.98205512e+04  5.88919228e+03  2.22854659e+11
  4.65842946e+03  2.46452913e+04  5.89174770e+03  2.23315740e+11
  4.66422239e+03  2.00610882e+04  5.89428833e+03  2.23779316e+11
  4.67001532e+03  2.44467345e+04  5.89684043e+03  2.24240833e+11
  4.67580825e+03  2.03532930e+04  5.89937458e+03  2.24705380e+11
  4.68160118e+03  2.39451617e+04  5.90193507e+03  2.25164726e+11
  4.68739411e+03  2.12470050e+04  5.90443948e+03  2.25633339e+11
  4.69318704e+03  2.21419552e+04  5.90704203e+03  2.26083254e+11
  4.69897997e+03  2.37372255e+04  5.90950737e+03  2.26558991e+11
  4.70477290e+03  1.99227724e+04  5.91211703e+03  2.27011717e+11
  4.71056583e+03  2.72494750e+04  5.91457530e+03  2.27500862e+11
  4.71635876e+03  1.87746596e+04  5.91712257e+03  2.27978102e+11
  4.72215169e+03  2.89900975e+04  5.91960956e+03  2.28473392e+11
  4.72794462e+03  1.88575518e+04  5.92209201e+03  2.28969540e+11
  4.73373755e+03  2.86160030e+04  5.92458934e+03  2.29461810e+11
  4.73953048e+03  1.90970911e+04  5.92706987e+03  2.29956563e+11
  4.74532341e+03  2.94631544e+04  5.92952390e+03  2.30460101e+11
  4.75111634e+03  1.94520533e+04  5.93195275e+03  2.30967320e+11
  4.75690927e+03  3.01478776e+04  5.93436164e+03  2.31481639e+11
  4.76270220e+03  2.17855226e+04  5.93661546e+03  2.32020154e+11
  4.76849513e+03  2.67140322e+04  5.93899267e+03  2.32523063e+11
  4.77428806e+03  2.72541044e+04  5.94110875e+03  2.33082677e+11
  4.78008099e+03  2.15402146e+04  5.94348330e+03  2.33588642e+11
  4.78587392e+03  3.11979407e+04  5.94572708e+03  2.34135502e+11
  4.79166685e+03  1.91982589e+04  5.94813466e+03  2.34658078e+11
  4.79745978e+03  2.90468687e+04  5.95061220e+03  2.35158348e+11
  4.80325271e+03  2.03596966e+04  5.95300660e+03  2.35670662e+11
  4.80904564e+03  2.28400037e+04  5.95567141e+03  2.36118614e+11
  4.81483857e+03  2.99818258e+04  5.95788586e+03  2.36666342e+11
  4.82063150e+03  1.56426011e+04  5.96068100e+03  2.37139437e+11
  4.82642443e+03  9.41010238e+03  5.96557749e+03  2.37399217e+11
  4.83221736e+03  1.24306625e+04  5.97095847e+03  2.37625692e+11
