#rho v/v0 up us e p T s csqv cv gamma alphavol uc phi st
NaN NaN NaN NaN NaN NaN NaN 0.0 NaN NaN NaN NaN NaN NaN NaN NaN
NaN NaN NaN NaN NaN NaN NaN 0.0 NaN NaN NaN NaN NaN NaN NaN NaN
1.5901716373473125 0.6087393192440503 NaN NaN -18467.89416011861 -8.453521584403237 18.3911 0.022847511281944986 15.935353303459465 -0.2401568788730506 -3.617487010340627 0.03428438089327769 NaN NaN 1.5901716373473125 18.3911
1.53418 0.6309559504099909 NaN NaN -18467.860793744338 -8.714693856937487 19.51809060002839 -1.0686168244185686E-4 -842.087315415194 -1.640092011530431E-4 -6969.71636608212 -8.848097012097964E-4 NaN NaN 1.53418 19.51809060002839
1.53418 0.6309559504099909 NaN NaN -18467.86056292794 -8.713482997292719 17.495467922905974 -9.310164543694669E-5 1261.2832830145167 -5.1337565159670094E-5 28035.266908288133 -7.437911484634705E-4 NaN NaN 1.53418 17.495467922905974
1.4940475553416628 0.6479044100966619 NaN NaN -18467.806678135872 -8.9087542284485 18.3911 -8.574107024975003E-5 -8.73033400962516 -1.9626958362592404E-4 -4542.666754571475 -0.06835473422054847 NaN NaN 1.4940475553416628 18.3911
1.72137 0.562342785107211 NaN NaN -18466.61675498513 -1.845386861204918 16.262156314478485 0.12121791840702559 34.00832617800471 -0.6369457286831418 0.5848008306309249 -0.006362838837314465 NaN NaN 1.72137 16.262156314478485
1.2677560087463269 0.7635538647197948 NaN NaN -18466.49109910974 -2.2702495766625486 921.738 0.0030599323959077805 0.9635232173946345 0.0010076209754136263 1.9276683456357953 0.0015901264209224502 NaN NaN 1.2677560087463269 921.738
1.184691249529822 0.8170905291857079 NaN NaN -18466.488524228436 -2.697879130005428 732.163 0.0028884293844800416 -0.33899987601717996 0.001112300999592233 0.9395464503046271 -0.0026021711859459343 NaN NaN 1.184691249529822 732.163
1.21864 0.7943281034595943 NaN NaN -18466.468319091888 -2.5296357621501877 842.9908812877791 0.0030086533438832175 -0.11865698899782434 0.0011118690787367378 0.7501159049811911 -0.005767840921995058 NaN NaN 1.21864 842.9908812877791
1.331282020652886 0.7271186607968118 NaN NaN -18466.424690540065 -1.4358062600127783 1160.4 0.003189965910198453 4.809829462088883 0.0019273117257866837 0.6522255537016818 1.9631343797083076E-4 NaN NaN 1.331282020652886 1160.4
1.1015993385227758 0.8787223867600265 NaN NaN -18466.402853807052 -3.0715005055839564 581.578 0.0027413858562536156 -2.840007505360768 0.0011055582325218243 1.2952226031889287 -4.5770207723005757E-4 NaN NaN 1.1015993385227758 581.578
1.6538186242048836 0.5853120685863549 NaN NaN -18466.39240785536 -1.3458971004883886 14.6086 0.10532323077018516 1934.4376515774165 -0.4071092397883679 1.7921617280237194 -2.2805812159477237E-4 NaN NaN 1.6538186242048836 14.6086
1.36734 0.7079438910585515 NaN NaN -18466.3784585935 -1.185748386253269 1226.7768095503654 0.0032662278649962257 5.714633073584061 0.0021850560729538755 0.554665319955289 1.5510604711493537E-4 NaN NaN 1.36734 1226.7768095503654
1.72137 0.562342785107211 NaN NaN -18466.377042122072 -0.785004244190489 14.04385680971254 0.11356054139742579 10.331073891078349 1.4405003594120143 -1.0281028365535493E-4 -8.327798928680618E-6 NaN NaN 1.72137 14.04385680971254
1.08611 0.8912541086998554 NaN NaN -18466.375210773334 -3.1267138093603437 563.9993416886815 0.0027310432407403225 -3.2439765237753626 0.001099477387548977 1.7189827246652145 -5.364216517038761E-4 NaN NaN 1.08611 563.9993416886815
1.7841173511145267 0.5425652070449831 NaN NaN -18466.276296080036 -0.05584472795383366 14.6086 0.11556886416098024 -4973.0668061602 -0.4466778301769139 -0.7478975162855117 -3.765206315454689E-5 NaN NaN 1.7841173511145267 14.6086
1.4959313827231921 0.647088503643699 NaN NaN -18466.237132953665 -0.0915452060883738 1460.86 0.0033879770681568516 7.315108799695864 9.544226615395815E-4 3.0529946804084083 2.6627741181905925E-4 NaN NaN 1.4959313827231921 1460.86
1.5076925038253437 0.6420407328045827 0.7976297823946477 2.228269681754615 -18465.892786468 1.7204595650105396 1839.11 0.0036021241381759593 12.611772346905527 0.0012660226767012624 3.208142313237336 2.1360244117954116E-4 3.7315011083547063 55.56784394863117 1.5076925038253437 1839.11
1.93141 0.5011882510704614 1.065718289477614 2.136514009071899 -18465.631704276722 2.204060549426886 2209.8571594037467 0.0034960224439609627 11.937814423555313 0.0011157011478407954 -3.948529627094628 -1.9106625084736078E-4 3.096020901505622 56.96061978234124 1.93141 2209.8571594037467
1.8471501137651591 0.5240505321069256 1.1676257462029171 2.453255702484015 -18465.52242138334 2.7728210155917967 2315.3 0.0035026514805965472 4.20565468575005 0.0021514757227148102 1.7509093882036617 4.8491354915708153E-4 6.5753533095087064 33.07531589567604 1.8471501137651591 2315.3
1.967440894107685 0.4920096979274325 1.191204981261502 2.3449364611912134 -18465.490246703997 2.703914393526686 2315.3 0.0035245243182443547 15.938875125024712 0.0011590406586305594 4.081815415010352 1.5086644968982587E-4 3.2980145211191094 58.46944820345736 1.967440894107685 2315.3
1.5185890565749305 0.6374338046286564 1.3591340184102496 3.7486506898918472 -18465.278122692725 4.93188127814445 2315.3 0.0038869191633650025 14.353534112967106 0.0011133021084881458 -1.6123768573771056 -8.23531993782703E-5 10.151004166244185 38.10669049027843 1.5185890565749305 2315.3
1.93141 0.5011882510704614 1.3666543687984865 2.7398199255157034 -18465.265709931107 3.62456649105751 2532.6721737381304 0.0036541740988188217 16.714009810537203 0.00114251812023008 4.831825425750442 1.7100909279526316E-4 4.125481717133397 54.56817481651313 1.93141 2532.6721737381304
1.53418 0.6309559504099909 1.4076505629209746 3.8143158370519976 -18465.20884195934 5.197408672458724 2365.2887435078087 0.003915993551125787 13.87303284374537 0.001048280457637543 -1.9548626954238424 -9.628220271548956E-5 10.779318585378709 36.69619242043418 1.53418 2365.2887435078087
1.72137 0.562342785107211 1.5269470550148785 3.4889109628614903 -18465.033798358574 5.156906085712062 2452.3025995757444 0.003720329979997107 -3.785717672188434 0.003657611176910053 0.22698898469602422 -1.274030619853126E-4 NaN NaN 1.72137 2452.3025995757444
1.8770885375280224 0.5156922439443264 1.8995963402763776 3.9222918000470965 -18464.44457599275 7.212346472101813 2914.79 0.003979100487612102 20.737051267019933 6.881625313934467E-4 1.5996276395366564 2.8279919136662036E-5 7.056740238689302 46.12847698747287 1.8770885375280224 2914.79
1.9000363504620488 0.5094639372370969 2.133798253940879 4.349931464615343 -18463.933234763783 8.984856126712032 3669.51 0.004105220753494197 18.933354683876985 0.0012752597427075924 1.169346993918966 4.145267612486436E-5 8.864925202692659 40.723303677197904 1.9000363504620488 3669.51
1.93141 0.5011882510704614 2.2789920575158504 4.568841977773417 -18463.602679613876 10.079159232850126 3946.660029985108 0.004177947723340563 19.296282017372697 0.0012322997431457804 1.2174221871675492 4.025403843294328E-5 9.543850471855238 39.36873472269309 1.93141 3946.660029985108
2.002547219583942 0.48338435694970316 2.642617410933972 5.115248534347403 -18462.72118792317 13.085080203301061 4619.64 0.004331940244482387 23.43827087788135 0.0012593133806775125 1.183442479829161 3.175211345091527E-5 10.454988451502015 39.13509572555447 2.002547219583942 4619.64
2.1311751231682936 0.45420950604985044 3.19517225569355 5.854210161427591 -18461.10662131597 18.106643170415328 5815.78 0.0045669247845502555 29.8264194412277 0.0011016839987360322 0.9383675557897035 1.6263340927128586E-5 11.409097606803362 39.17495873669989 2.1311751231682936 5815.78
2.16708 0.44668401720287204 3.351028152644816 6.056264877267177 -18460.584887173078 19.645283252281224 6279.485516535768 0.004641144193873251 34.3198133194456 0.0010599767907269926 1.0640712895681002 1.5165167814832305E-5 11.252345359133864 40.62971461016362 2.16708 6279.485516535768
2.201819718321006 0.43963635712107557 3.6947835929085984 6.593546244232186 -18459.380413494026 23.58215123484045 7321.63 0.00479062339709904 41.55589622152092 0.0013604363277510277 0.8000373636701082 1.18952638802176E-5 11.981131718392358 41.129363842595374 2.201819718321006 7321.63
2.310551172436722 0.4189476569692853 4.3718383470067845 7.524000891561136 -18456.676146947306 31.841116720779716 9217.38 0.0050454562057487395 47.92271279892526 0.0014558833476852574 1.0685364715017491 1.4049437701029137E-5 13.814180152375696 39.32280393651498 2.310551172436722 9217.38
2.3734356593178036 0.4078475842392256 5.127941833347861 8.659834354909592 -18453.08070738318 42.98609879893495 11604.0 0.005346328367909046 53.25294295491574 0.001781776601886843 0.6165561509288278 8.691701636579234E-6 16.782273525258773 36.40530616113779 2.3734356593178036 11604.0
2.43151 0.39810652639717703 5.4445477000609 9.045699843646492 -18451.378032183868 47.673752462233416 12438.75321831203 0.0054639945832009465 61.75080059507118 0.001906091602686654 0.5990333720020161 7.6045957585401E-6 16.697760416752516 37.672771813569916 2.43151 12438.75321831203
2.506545564842034 0.38618887028331544 6.107963627827297 9.950884453083372 -18447.61118629494 58.8346918144127 14608.6 0.005687441791610724 79.83852382258277 0.001030441741863864 1.385015799308094 7.131650776121633E-6 17.46032280421773 39.029756233999315 2.506545564842034 14608.6
2.4931584315401856 0.3882625298713983 6.697755864673067 10.94874221659994 -18443.79761876361 70.98537831548101 18391.1 0.0059482185481868136 111.20660745975799 0.0014316126587574853 1.032390147468961 5.330757317895237E-6 18.343005519492944 41.39431775732357 2.4931584315401856 18391.1
2.558343293444323 0.37836986243420523 7.737753257941875 12.447519498075962 -18436.30566850074 93.23372784394725 23153.0 0.006243576573958878 85.36258425709045 0.002015150044230341 0.6282843039971016 5.797452832744167E-6 25.39065389091419 32.561130771696355 2.558343293444323 23153.0
2.72819 0.354813997558821 8.894898162903846 13.786564074930912 -18426.63997534877 118.70592079204762 27656.741941738255 0.006541167379972793 95.88958856150245 0.0017557719145968635 0.6128845087928096 4.1133974468190365E-6 27.547834276905096 31.604351878117118 2.72819 27656.741941738255
2.7727900282275195 0.34910685271714753 9.219167715578966 14.163872755557955 -18423.74093612064 126.40058664566891 29147.9 0.006611112510878772 102.40654276475495 0.0016753692014714666 0.8217694276527222 4.848593997047954E-6 27.69767662751057 31.93806134160958 2.7727900282275195 29147.9
2.8603108113749176 0.338424760047211 10.537970985676118 15.928605469618425 -18410.794238039383 162.48381644812497 36695.1 0.006963478400860549 119.36026388489903 0.0016125638819874748 0.7479240171502279 3.5326564932510687E-6 31.442939664411558 30.819492668032986 2.8603108113749176 36695.1
2.9655655664501377 0.32641328553012644 11.9505442412998 17.741656693311004 -18394.91371062396 205.23773472409013 46196.4 0.007298205149892546 152.90356648969754 0.0015395093829658226 0.714570194218078 2.4260630951038996E-6 33.36976001276969 31.625204821597073 2.9655655664501377 46196.4
3.056367608132686 0.31671582875837634 13.43960969337867 19.669136589183687 -18375.89819573842 255.8864621639219 58157.8 0.007623138059390361 184.34024680948866 0.0017775910880220927 0.5557573490518846 1.753441679717399E-6 36.34509414416911 31.522132368319784 3.056367608132686 58157.8
3.06108 0.3162282593071726 13.488946417207407 19.727265130231643 -18375.22374428984 257.58482158614703 58519.541496852566 0.007633629647032596 185.10480429078797 0.0017782589600365834 0.5560893129782097 1.745207954662123E-6 36.432151994020906 31.504110773938223 3.06108 58519.541496852566
3.22426805701967 0.30022317713086305 15.403285522695167 22.011711476153998 -18347.76892203672 328.20299105565357 73216.3 0.007976197372637333 216.10414070114945 0.0021306432702717258 0.5402268224688433 1.6519338668557983E-6 39.98770955466173 30.818731397976496 3.22426805701967 73216.3
3.39377966856097 0.28522770908414663 17.9909808964779 25.170227113065142 -18304.45181238514 438.34628874632773 92173.8 0.008430740658051373 261.61929199580396 0.00310986473027383 0.2049047425255218 7.176952958050502E-7 45.25862655816115 29.93511726798934 3.39377966856097 92173.8
3.43459 0.2818385891765829 18.282823674018008 25.457819646777743 -18299.068761265367 450.5467212397252 93685.43444330979 0.008476851710936975 249.4898333063335 0.0030951559769711663 0.16313220704363585 5.892430890656562E-7 46.64742876189626 28.931221078416442 3.43459 93685.43444330979
3.777492414596305 0.25625465090535426 21.54687352967589 28.970767421812713 -18234.318014844892 604.2541189211984 116040.0 0.008957026065802974 353.0700082840441 0.003433668441738561 0.6214962234276943 1.6000458297793883E-6 47.89307259315724 30.78738083183981 3.777492414596305 116040.0
3.8347577377223185 0.25242794100858906 25.88364525486879 34.6236124578944 -18131.310119429963 867.5073726285241 146086.0 0.009710047507209552 252.19561658161737 0.003951254121459061 -0.1131078328974414 -4.621172467028465E-7 77.00169905310223 20.95458794200968 3.8347577377223185 146086.0
3.85368 0.25118847439330716 25.987518236003893 34.70501901656576 -18128.524029979668 873.0366005075008 146802.09561642804 0.009722865826457766 244.0197438225133 0.003964545561026346 -0.13025254634943434 -5.491348664912831E-7 78.52848675423873 20.48083149384859 3.85368 146802.09561642804
4.319701456871398 0.22408956027741025 30.876698919159793 39.794153214640474 -17989.538544139148 1189.3933007497246 183911.0 0.01049812411668563 1144.2630195891834 0.0034093835769849596 0.490364068548231 3.382321677693805E-7 54.04022415349289 39.35104615910396 4.319701456871398 183911.0
4.3239 0.2238719674368047 31.217458282192034 40.22204710103701 -17978.934731212787 1215.4499149241544 187049.10512832107 0.010555615605265953 1122.9528567061266 0.003402403210396133 0.48825525112159734 3.421334499004409E-7 55.001467425000556 38.74688866505584 4.3239 187049.10512832107
4.4092934563273305 0.21953630657331757 35.91016655077928 46.01132231162873 -17821.68815720158 1599.4014715143446 231530.0 0.0112133622463074 730.6584482857427 0.005647103146972667 0.36774460892462085 6.445975063617498E-7 73.46437575876261 28.586761079890923 4.4092934563273305 231530.0
4.687665497902149 0.20649937595445 43.69182055468636 55.062112405066344 -17512.98854373718 2328.779488658076 291479.0 0.012317616403419194 763.521584083369 0.005443530198221824 0.56261458372745 8.556845480146512E-7 93.56214884702835 24.57821467659186 4.687665497902149 291479.0
4.636439115123624 0.208780914828036 52.29415899157791 66.09314660327267 -17100.46114020857 3345.6843801900013 366951.0 0.013603678167688815 1122.030522868196 0.005769469512468541 0.3364332627057905 3.7311746468257145E-7 112.39382249613645 24.787929069869485 4.636439115123624 366951.0
4.85149 0.1995263310859138 58.11419141215912 72.59975395692427 -16777.56996026845 4084.065565994646 422432.8308325981 0.014365396748755666 1027.70242609214 0.005947887806636559 0.2865460193758934 3.4183350286488293E-7 132.4469069711757 21.5004363689345 4.85149 422432.8308325981
5.056660465356791 0.19143068960864057 61.76594911815366 76.3891831218007 -16560.666369761504 4567.266385146352 461964.0 0.014750875146705368 943.2060655344787 0.006071223660184732 0.4620989339985138 5.882214001380841E-7 145.8215125544281 19.470648901660915 5.056660465356791 461964.0
3.85368 0.25118847439330716 70.17146711141577 93.71045277990653 -16004.182183728733 6365.3743566733765 540471.7150414011 0.016418309705971742 1891.4638316369108 0.006666003217252989 1.4464917889782947 1.3228414704662405E-6 204.26836930938782 21.318057375085825 3.85368 540471.7150414011
5.078801940409214 0.1905961310084097 72.54451319044817 89.62708972571257 -15837.798505277908 6293.891077857927 581578.0 0.016133406660279265 2184.7909332135973 0.006229131068334651 0.5504782282074269 3.090270203079999E-7 141.2489518515144 25.893674894836636 5.078801940409214 581578.0
4.000528433474009 0.24196803399779884 73.82166702460496 97.38595512526263 -15744.971828264297 6959.139358462091 581578.0 0.01677263920550172 837.0516661148849 0.00671662974469174 -0.08646907140777557 -1.7343732909816018E-7 524.9232249126919 9.779837439299778 4.000528433474009 581578.0
3.7742663616374568 0.25647368448580704 74.14214465773064 99.71690727107205 -15720.66574450196 7156.642152074509 581578.0 0.016985429511510455 3126.5345046729135 0.0063025228104978065 -0.23995810166210418 -1.2816046407287243E-7 183.7703266093768 26.50316689561401 3.7742663616374568 581578.0
3.85368 0.25118847439330716 76.68694980234801 102.41155107784387 -15525.755447019064 7602.31333343322 611424.753952572 0.017247706634850687 1837.2436800455523 0.006848721614791071 -0.36878373555125493 -3.567293655286687E-7 256.12975821096586 18.509545561099625 3.85368 611424.753952572
4.961979046456209 0.19508345177139247 84.62957351545275 105.14080459856164 -14887.504810882961 8613.284765775894 732163.0 0.01766391763253469 3237.6877677084312 0.006121500992610942 0.4723293717768197 1.7997533341481822E-7 164.40433301115468 26.784698463282613 4.961979046456209 732163.0
4.98835983945334 0.19405175872518457 97.39355546437525 120.84343693128751 -13726.710444204098 11392.752074000342 921738.0 0.019062362759595962 3417.5707513074613 0.006641875791188443 0.5084034977182226 1.9807241241747222E-7 201.78474699703978 23.900089403480294 4.98835983945334 921738.0
4.927193540328563 0.1964607219255792 112.58151356878456 140.10704472166162 -12131.973092174834 15268.712335408802 1160400.0 0.020640805126510633 4273.628186456259 0.00653815856639363 0.5290530068440681 1.642700083954732E-7 242.00346411946427 22.938893638416083 4.927193540328563 1160400.0
4.864546747160519 0.1989907899569534 128.95702192094365 160.993182480403 -10152.045628763233 20096.842918655875 1460860.0 0.02221116682748204 6612.289111569917 0.006398608385935961 0.5576899755153831 1.109389761848857E-7 265.65272008468236 24.902583459593853 4.864546747160519 1460860.0
4.85149 0.1995263310859138 131.09896182245862 163.77673234437063 -9872.730686549752 20783.888874428972 1504010.1467087872 0.0224273290366044 6806.0631680731485 0.0063983611210406 0.5584768993281778 1.0821883281595662E-7 271.1982622167893 24.821793143778113 4.85149 1504010.1467087872
4.768683881719534 0.2029910189079151 146.72337673130517 184.0925011036394 -7709.0127591730425 26146.331844266693 1839110.0 0.023767808975363208 8333.022150558412 0.006905502466509356 0.5295828187018319 9.202972016640772E-8 311.6862000214551 24.342675335363698 4.768683881719534 1839110.0
4.737084848088948 0.2043450837471307 167.73054902097067 210.80816016432902 -4410.728570024082 34227.48145230478 2315300.0 0.025387787056710766 10705.609534289059 0.007954178807372548 0.48520881218383166 7.610294554715658E-8 361.1818343622799 24.04902615238454 4.737084848088948 2315300.0
4.78659837611894 0.20223129745530724 193.96224525928113 243.13092835127227 334.89689750950396 45649.15769082662 2914790.0 0.027174598836722137 13780.750730531505 0.009083222707283201 0.4591125102088309 6.322068878726288E-8 418.35731468948825 23.674556989339663 4.78659837611894 2914790.0
4.85149 0.1995263310859138 215.88579105669825 269.6975546360776 4837.137808075203 56360.706090949374 3414711.339656839 0.028608257268943255 16694.73574836684 0.00906573668272779 0.4596523547866151 5.144911400198054E-8 462.185674994099 23.535980173572025 4.85149 3414711.339656839
4.878032428242523 0.1984406652148384 226.28525261341295 282.30630321841767 7131.529567437303 61837.53703771796 3669510.0 0.029189563444890328 18179.108620087194 0.00943380696102613 0.46974657353257415 4.997276026418798E-8 482.9828876939933 23.481300993568897 4.878032428242523 3669510.0
4.929293525661874 0.19637702542171556 262.8351297058784 327.06273715457905 16058.062593962186 83212.7424798399 4619640.0 0.03133949966427112 24667.58732259891 0.008799054254719918 0.5113062833880051 3.7000344790994284E-8 553.3484240066444 23.664107883171965 4.929293525661874 4619640.0
NaN NaN NaN NaN NaN NaN NaN 0.0 NaN NaN NaN NaN NaN NaN NaN NaN
4.88792109746185 0.1980392033133786 300.29375493760426 374.4494196951983 26610.963020509156 108846.58796169469 5815780.0 0.03343309873652213 33274.01127752276 0.008151560171038123 0.5252844431101518 2.6327276300048094E-8 630.9483533513467 23.99266403455352 4.88792109746185 5815780.0
4.85149 0.1995263310859138 327.27745617370005 408.8547429894616 35089.067077751104 129527.05414277833 6850731.066613444 0.03485973865042132 41729.77996547989 0.008167969298509945 0.5234274816939396 2.1117834509437118E-8 680.6793669415209 24.61096970972871 4.85149 6850731.066613444
4.838994522800259 0.20004155727786024 338.90755265374213 423.65644832810324 38956.64058079253 138985.7982266507 7321630.0 0.03537761461286254 45400.83330000503 0.007803221114320901 0.7390176570006435 2.624881933096696E-8 703.4475059854025 24.770867109399315 4.838994522800259 7321630.0
4.5486538027443455 0.21281021638005845 381.21604247492405 484.27463161663275 54111.018686070136 178705.63426274582 9217380.0 0.037510757272465306 67862.74077879894 0.006740684979602832 0.6279094724704626 1.3711557410730773E-8 801.2633106740894 26.29133505392011 4.5486538027443455 9217380.0
4.460208825856049 0.21703019696935633 421.1921016365461 537.9416932891111 70157.9021133079 219326.33499902333 1.1604E7 0.03915815514156883 87051.5259444028 0.0066208702629666025 0.6659963492168793 1.13567834635667E-8 890.1913063056109 26.73456332119327 4.460208825856049 1.1604E7
4.349720440231565 0.2225430377195613 466.042946361495 599.445331346055 90107.41203835934 270427.515814257 1.46086E7 0.04080258637468335 108807.02525157106 0.00656628212305661 0.6694757786350009 9.288297667761828E-9 1006.4939640899415 26.71452412610835 4.349720440231565 1.46086E7
4.3239 0.2238719674368047 478.1613746118405 616.0856901827042 95852.95050332944 285161.55232056 1.548165596821612E7 0.04124576671194603 115070.85002971422 0.0065658425906023055 0.6697884602104488 8.838674997342032E-9 1038.2149482803147 26.70422067359071 4.3239 1.548165596821612E7
4.251263731904949 0.2276970004790196 516.8352709632359 669.2130825385917 115001.13386456153 334804.99125090416 1.83911E7 0.042431706255241175 135601.60636299773 0.006513556989395943 0.6779022592828977 7.659535203765319E-9 1141.6100448614018 26.60809081185499 4.251263731904949 1.83911E7
4.164848284502467 0.23242143143652044 573.9657094368503 747.7615099533393 146055.0685683824 415455.40265234065 2.3153E7 0.04403798609871532 169945.69390796457 0.0064832475384231265 0.6718317489739978 6.153805658539211E-9 1292.7747588560057 26.561271214477117 4.164848284502467 2.3153E7
4.100627767567524 0.2360614166582142 638.2358318964191 835.4543752777998 184932.2131683111 516153.97683398786 2.91479E7 0.0456118483499108 212294.35850778833 0.00648075000071737 0.6741989546109969 5.019084896622214E-9 1460.6720307751505 26.49286544486107 4.100627767567524 2.91479E7
4.047290129680916 0.23917237682101036 710.863955062195 934.3298447708435 233862.40932477484 642927.6037052821 3.66951E7 0.0471744315948953 267050.31042941194 0.006465744873564814 0.675235520563164 4.039395890236128E-9 1646.1899179086272 26.505623903720977 4.047290129680916 3.66951E7
4.003842351437424 0.24176776082416862 792.657893334576 1045.4025196767732 295309.4066007049 802129.8690477719 4.61964E7 0.04872272986329197 336228.1153152978 0.006460725546680335 0.6754248731680305 3.2415098607433137E-9 1853.149603088449 26.52859107701834 4.003842351437424 4.61964E7
3.9690524741615065 0.24388692422225974 884.8384267758493 1170.2461643924114 372599.18715603644 1002343.4542401264 5.81578E7 0.05026059525597062 423425.2835745831 0.006457594132996602 0.6755400398938581 2.5957222097400427E-9 2084.546716221646 26.55161359320836 3.9690524741615065 5.81578E7
3.9412393171990554 0.24560802379489463 988.6663500053653 1310.5472767337135 469848.7084990758 1254231.7848346625 7.32163E7 0.051790291013053505 533327.4946549954 0.006455648233105882 0.6756056030952319 2.074943714420252E-9 2343.426718993209 26.574032313061068 3.9412393171990554 7.32163E7
3.919035962174644 0.24699951961218133 1105.5464350157085 1468.1882200743323 592237.5719011484 1571209.4445509089 9.21738E7 0.05331354597480451 671754.7139290159 0.006454517227552879 0.6756337173982536 1.6564758465996931E-9 2633.3251578929767 26.593764284890703 3.919035962174644 9.21738E7
3.9013398506977794 0.24811988625570958 1237.0513868011465 1645.2774374371334 746286.8732538595 1970163.3681133064 1.1604E8 0.05483174892339452 846079.4997254221 0.006453741177773344 0.6756552962347104 1.3210272416295134E-9 2958.1105910699735 26.61064800600918 3.9013398506977794 1.1604E8
3.8872413677962196 0.24901978251707707 1384.9383825360947 1844.1742542540246 940199.4284064124 2472337.5421196367 1.46086E8 0.05634595011063826 1065574.0642780538 0.006453204685319352 0.6756751924578583 1.0526603509110634E-9 3322.124950725912 26.624672098718833 3.8872413677962196 1.46086E8
3.876010026322684 0.2497413560403965 1551.1744822150595 2067.5196409980717 1184294.5386832613 3104457.0299196206 1.83911E8 0.05785695122331614 1341911.5276589426 0.006452902340879157 0.6756776949819222 8.382738132807571E-10 3730.210490828078 26.63609531363819 3.876010026322684 1.83911E8
3.867076936671223 0.2503182677387467 1737.9772808357925 2318.2868223206647 1491577.3310416914 3900197.67316938 2.3153E8 0.05936544005527932 1689805.5707171452 0.006452725250542245 0.6756813123529554 6.67214585093915E-10 4187.790236435976 26.645304207962468 3.867076936671223 2.3153E8
3.8599718067362905 0.25077903375114796 1947.8310949755166 2599.808578139214 1878413.3547870326 4901940.37382017 2.91479E8 0.060871954139856015 2127812.6843978916 0.006452411761903749 0.6757075409901034 5.308396007188918E-10 4700.917175895424 26.652886549556847 3.8599718067362905 2.91479E8
3.854300331405271 0.2511480467966203 2183.517918969332 2915.820556558411 2365391.037181819 6163010.547864599 3.66951E8 0.062376884901432506 2679262.287610156 0.006452213958012408 0.675726613759561 4.2220075048940155E-10 5276.42039583818 26.659088770449564 3.854300331405271 3.66951E8
3.85368 0.25118847439330716 2214.754835577048 2957.693304443514 2434103.291273946 6340947.450628687 3.776003858700655E8 0.06258307314212269 2757072.48471723 0.006452213949899961 0.6757266041525 4.103514237586373E-10 5352.649359826442 26.659759360044806 3.85368 3.776003858700655E8
3.850066904935708 0.2514242022025756 2448.289765354938 3270.5970090920314 2978436.2381467507 7751133.370073754 4.61964E8 0.0638806944109975 3373490.5000248537 0.006452157111817315 0.6757329188470422 3.356852373416898E-10 5921.856646859643 26.663738850385585 3.850066904935708 4.61964E8
3.8467336282340585 0.2516420666341758 2745.5611709047066 3668.7807377897843 3750205.3563505886 9750530.356215112 5.81578E8 0.06538349467872241 4247471.311650821 0.006451950344316328 0.6757561780073269 2.668446333079336E-10 6645.867004614904 26.66739998153775 3.8467336282340585 5.81578E8
3.844065083539812 0.25181675621074967 3079.252995420317 4115.640146958018 4721772.950874548 1.2267558138573624E7 7.32163E8 0.06688545752394766 5344014.843638445 0.006472117756270093 0.6736592946747345 2.122405335834635E-10 7460.19568123755 26.660278947680105 3.844065083539812 7.32163E8
3.8437076744454153 0.25184017151867993 3454.8668584788334 4617.819250589573 5948724.790816547 1.5443424265313638E7 9.21738E8 0.06838880162020361 6537924.589484482 0.007332991561141978 0.5946659562054933 1.735257794404912E-10 8470.304848518586 26.24905643951954 3.8437076744454153 9.21738E8
3.85368 0.25118847439330716 3509.112644683774 4686.2428323878485 6138469.576957762 1.591832825185679E7 9.476139695682236E8 0.06860009849188103 6703692.692541033 0.0073329824619316735 0.5946668223787963 1.6879695537588295E-10 8592.931429569653 26.201712506412058 3.85368 9.476139695682236E8
3.9236276774158703 0.24671046276172967 3930.079704544927 5217.223272413271 7698791.451624869 1.9847971991487157E7 1.1604E9 0.06998361361523027 8066947.642047674 0.007332927083708197 0.5946721269640103 1.3777103529724708E-10 9541.05476441857 25.886593437290163 3.9236276774158703 1.1604E9
