#rho v/v0 up us e p T s csqv cv gamma alphavol uc phi st
5.58915 0.9524666027507912 0.19151325803222563 4.029025256245771 0.016630913968324588 4.107557454342371 306.82217095412926 6.45720583438598E-4 17.937968769222707 3.4913285476904113E-4 0.7839848461794445 2.730105053986154E-6 42.89521209274008 23.978870986119365 5.58915 306.82217095412926
5.764809 0.9234440746891328 0.3213712750355741 4.1978628529483055 0.04993144596353541 7.181657645202961 322.25803478376 6.594745661395104E-4 15.738706553959203 3.488271201176173E-4 0.7842315748206148 3.0150922579242213E-6 183.58898442567357 11.36167884788826 5.764809 322.25803478376
5.8553 0.909172666262119 0.3813890305859193 4.199055668490406 0.0710202225375525 8.525310237779761 326.55317464797355 6.607207043442583E-4 14.409643426441978 3.48664325310923E-4 0.8951038266961076 3.69895068943685E-6 -735.7989117918024 NaN 5.8553 326.55317464797355
6.3876 0.8334082774069423 0.6992235203493474 4.197228466490962 0.24274675034492904 15.623248635946574 362.3691588009124 6.669244898951518E-4 14.474438980817911 3.4742795166436806E-4 1.5275528770016151 5.740127728507867E-6 52.095388192080684 19.618928709405097 6.3876 362.3691588009124
6.9199 0.7692999483756391 0.9677699569459965 4.1949273532100255 0.46657810963211876 21.611756538501755 417.2925082854189 6.681693278379525E-4 15.270105487231 3.455804678193319E-4 2.075046287510809 6.786332297599395E-6 24.087474700866277 27.71228574156127 6.9199 417.2925082854189
7.4522 0.7143499520630934 1.1974921072308113 4.192164909054416 0.7152813927529027 26.724211100691267 491.3380038226315 6.607856453660383E-4 15.823687760424844 3.428816939278405E-4 2.2929010980277367 6.667106844299514E-6 16.960488750885748 31.98789858285911 7.4522 491.3380038226315
7.82481 0.6803332876791366 1.3396961053712457 4.190915268107535 0.8956798994499561 29.88885135584495 547.6159665312593 6.518128196878813E-4 15.321328501552026 3.406290637861312E-4 2.215817400043903 6.295720571177567E-6 15.431655206595105 32.61518771788184 7.82481 547.6159665312593
8.03585464534126 0.6624657796480727 1.413906196996675 4.1889269642718805 0.9984093551250056 31.529531156968506 580.2425 6.461280749033115E-4 15.329147352163499 3.5513541224933777E-4 2.1582416199993326 6.2222000775045585E-6 14.383723612526948 33.39874821837471 8.03585464534126 580.2425
8.19742 0.649409047330085 1.4702252507868787 4.193563010084607 1.0790676277055082 32.821712105681314 609.9050348865444 6.547352493649098E-4 30.85913343788471 3.5471202126697036E-4 2.1295182971609776 2.9860451465856864E-6 8.226560293854458 49.103342392912566 8.19742 609.9050348865444
8.344373717408125 0.6379722305172747 1.639574018385191 4.528862580701632 1.3424866859168136 39.528886397815185 1160.485 8.630100180577222E-4 32.10905936893216 3.82216828317375E-4 2.040644654456837 2.9110915294687942E-6 9.240516290056366 47.10525404918141 8.344373717408125 1160.485
8.5168 0.6250562080552067 1.8343761285101587 4.892402989246592 1.680753910741415 47.77549703699053 1847.7539454422226 0.0010598030225183325 39.039088731576584 3.758899080987689E-4 1.9893552658999074 2.2490385175889037E-6 9.582255958096908 48.0788739276163 8.5168 1847.7539454422226
8.699766602384116 0.6119105208300323 2.0849772192255895 5.372413660078768 2.171721063623435 59.63010072183932 2901.2125 0.0011740089692556773 42.71110986143511 5.000702859137971E-4 2.128425725683032 2.8644489766805214E-6 10.810162865120539 46.43427023929948 8.699766602384116 2901.2125
8.72972 0.6098109346880065 2.132697680135637 5.4658058611415505 2.272485427673033 62.05521883101606 3071.187531695904 0.0012101865781250843 44.8144699318283 5.013370306380522E-4 2.1276432134225067 2.726528293263491E-6 10.885845029773241 46.7266919992998 8.72972 3071.187531695904
9.134957356725485 0.5827590107845712 2.8133734834021995 6.7428022560592815 3.948050332328844 100.98640206225137 5802.425 0.0014873234266685835 51.16357095274948 4.462965807884243E-4 1.6149261705391023 1.5420869409376774E-6 14.962387118153897 41.5540920663969 9.134957356725485 5802.425
9.5258993987088 0.5588426341649338 3.336856614413955 7.563869205941112 5.561958300534821 134.3620898332228 8703.6375 0.0016388487932192165 56.7517407428804 4.75043688390128E-4 1.4348798788733086 1.2608514435261532E-6 17.233882723953013 39.5024330849794 9.5258993987088 8703.6375
9.5814 0.5556055182712949 3.407523616617785 7.667790120530833 5.803893297780561 139.09268703930974 9117.059732663938 0.0016594317348803365 55.74742982514867 4.7562170644170317E-4 1.4352913088836146 1.2780501659065585E-6 17.85658112581365 38.64820046965187 9.5814 9117.059732663938
9.93447708038512 0.5358589757356624 3.830042328372146 8.251893558520825 7.314857843203937 168.24898439005253 11604.85 0.0017475911449614952 57.798296811176 5.243805948121018E-4 1.258111710648681 1.1489622599603536E-6 19.723901031866816 36.84934762905104 9.93447708038512 11604.85
10.63761475665749 0.5004391336350018 4.698228170103248 9.404716194623907 11.033798961042232 235.22048098713964 17407.275 0.0019137374719479668 65.6576468032456 5.924305441107585E-4 1.1078258935654433 9.396786979217046E-7 22.436896921321214 35.043723609478036 10.63761475665749 17407.275
10.646 0.5000449664441654 4.708281977452618 9.417410889867158 11.082243231326455 236.04201837312925 17475.425828464977 0.0019158421982617532 82.80307586059958 5.925024278642118E-4 1.1081925876039584 7.448562113597109E-7 19.518286991085915 39.58405267134524 10.646 17475.425828464977
11.176451711486711 0.4763120577252014 5.513559033833588 10.528329160842924 15.092335013996397 309.0201953653586 23209.7 0.0020532676971576264 89.40781676098548 6.545370730948762E-4 0.990843459053653 6.490226611233308E-7 22.41743564305055 37.2854982560777 11.176451711486711 23209.7
11.688948608025235 0.4554283615473906 6.277190281011591 11.52684024979361 19.479890955710246 385.18642724236685 29012.125 0.002169866521038181 96.50187042483243 7.151050133348402E-4 0.9088570727637112 5.761747655182654E-7 24.75669967722876 35.76655384070632 11.688948608025235 29012.125
12.162402953304557 0.43769958397227593 6.995272681381283 12.440454394108759 24.173412251762304 463.27228398024795 34814.55 0.002272864603073501 103.59728760155886 8.10457274445158E-4 0.8341754904460661 5.365618334401937E-7 26.752559966070702 34.65353271526155 12.162402953304557 34814.55
12.978027977819881 0.4101916502154784 8.32600320326532 14.11645529655033 34.465550895052374 625.6877932603686 46419.4 0.0024563742628588014 118.87738009732921 9.225172240287747E-4 0.7620450865569067 4.556666242282785E-7 30.10441559120567 33.20241848718067 12.978027977819881 46419.4
13.3075 0.40003597315533235 8.881075791862825 14.802680484978744 39.435035349255 699.8442525445133 51444.15182432021 0.002535899708319139 150.08912212719696 9.177009353847744E-4 0.7674593714786302 3.526231947088828E-7 28.65146367860693 35.92426666839179 13.3075 51444.15182432021
13.672023504791522 0.3893702136263084 9.600336260896501 15.722024170994686 45.9468339706748 803.5083079154844 58024.25 0.0026205108609917275 156.23664974394802 0.0010733636433881788 0.6982872114281481 3.5088536551266426E-7 30.81275392983366 34.72790749970252 13.672023504791522 58024.25
15.282988074482322 0.34832708674641205 13.06824477528495 20.0533803224067 84.97274864148132 1395.0839463788952 92838.8 0.0030425936028676175 202.975858689716 0.0012969621642491096 0.6267745418857832 2.620511037716056E-7 39.342690850658784 31.76583586755297 15.282988074482322 92838.8
15.969 0.33336331096277694 14.63190592805868 21.948845853639597 107.04461601404516 1709.6534413908344 109428.12500811889 0.003220998967717708 256.60497148309014 0.0012879456218736133 0.6288913272082419 1.976652589176311E-7 40.40428487678594 32.99343259622882 15.969 109428.12500811889
16.1954865278932 0.3287013763739701 15.230820485786774 22.688591857253126 115.85648498122723 1839.6124496662621 116048.5 0.0032787883893301327 262.5041179349135 0.0015264988821381768 0.587966697040644 2.111150034766959E-7 42.03926848035655 32.372818243420525 16.1954865278932 116048.5
17.943414838687517 0.2966814712039492 20.276995197656845 28.830457847267652 205.00589724936626 3112.079231268375 174072.75 0.0037980792029924135 340.8852130602085 0.0018076304012477774 0.5502519671863884 1.6261401770585697E-7 53.7154064579195 29.576373495725726 17.943414838687517 174072.75
18.6305 0.2857399808252373 22.51441289425665 31.52131197301119 253.44767355067 3777.9866750362503 200936.98213411745 0.004034978082629827 418.7401833704668 0.0017947868865172752 0.5535713264519355 1.2735538850635513E-7 56.303369755109806 30.238663178732494 18.6305 200936.98213411745
19.24033829542025 0.27668321788456934 24.890155028470467 34.41113996508706 309.2497841445594 4559.552008239028 232097.0 0.004242221996809704 461.1361338802912 0.002037293280127181 0.5288666109088415 1.214389054440524E-7 61.82060416327934 29.22067923136255 19.24033829542025 232097.0
20.268324250233125 0.26265016520560913 29.23373945221237 39.64704143503899 426.3880525025493 6170.078241827193 290121.25 0.004638403811794244 553.05558574723 0.0022376996981369286 0.5141130345797511 1.0262987306417086E-7 71.15359757455145 28.005946347140945 20.268324250233125 290121.25
21.096889933597925 0.2523347625891843 33.321929333604466 44.567979981253615 554.8416131496869 7905.850646821461 348145.5 0.004997386545489208 647.896244790639 0.002514837530741356 0.49604712422625663 9.126599004695066E-8 79.84545656383264 27.128612652068956 21.096889933597925 348145.5
21.292 0.2500224832220827 34.31575687966373 45.75571415406215 588.783863996631 8358.617213514162 361800.0943588227 0.005094533341452286 728.5002987695575 0.002509699453245841 0.4969810980369098 8.041098750892611E-8 79.41596563117959 28.114758772526883 21.292 361800.0943588227
22.399375203300938 0.23766192871219363 41.11818472528477 53.93694251137743 842.4343568571619 11806.353311713225 464194.0 0.005645621275552583 911.3950241698406 0.002829180410572276 0.48106690890350606 6.666894286495186E-8 93.74018002647954 26.873711592335614 22.399375203300938 464194.0
23.385537933875966 0.22763978009901015 48.397943761980116 62.66239834074355 1165.4641850940554 16144.680047868475 580242.5 0.006216998119734867 1131.8418510396932 0.0033492395730058606 0.4637381337115517 5.867943331988246E-8 108.78822951620562 25.930988372052983 23.385537933875966 580242.5
25.223102992230164 0.21105566251719515 68.04132305574585 86.2435026440998 2306.04034380531 31238.82258199055 928388.0 0.007648235582492226 1896.1405896162314 0.0038563800093219633 0.4549479853264717 3.6683648280117217E-8 148.1876154381632 24.639785881376326 25.223102992230164 928388.0
25.953233109724458 0.20511813269114137 79.9105365691357 100.5313366119166 3186.1290129053987 42766.23561267168 1160485.0 0.008450645935232984 2460.7979817763703 0.0044279118431994075 0.4490115828342913 3.113071393173142E-8 172.05079409838436 24.170042537304745 25.953233109724458 1160485.0
26.615 0.20001798657766617 94.33995697175916 117.92759760706564 4450.012018649784 59225.215022912445 1450417.773136217 0.009465064882430978 3334.5403081406016 0.004406012141475332 0.450602138077161 2.2370541441810713E-8 199.36231222774194 24.082477166982297 26.615 1450417.773136217
27.054298782217096 0.19677016046942344 106.96289371502365 133.16598618589032 5715.778813174424 75826.66834135381 1740727.5 0.010144257199454196 4125.080531255554 0.005311952556962281 0.4473080301939485 2.1290809247254228E-8 224.93403855288884 23.765896370826127 27.054298782217096 1740727.5
28.018448072536554 0.18999905701353295 153.89057942382834 189.98814847848817 11816.596529315786 155644.60323351057 2901212.5 0.012750231103793934 7932.795930595723 0.006233709157360855 0.45372174910533875 1.2725233931539828E-8 319.46297933190664 23.198553521918704 28.018448072536554 2901212.5
28.37942124354608 0.187582356492743 212.96089914311798 262.13229223303506 22623.23421574542 297177.495721323 4641940.0 0.01562662721513899 14825.668207045415 0.006926293804153211 0.46703544696944144 7.688346405807563E-9 439.69852654041057 23.022579853360504 28.37942124354608 4641940.0
28.297350480843406 0.18812640131691644 278.5777443737758 343.12945368053425 38714.9506010017 508861.90341958764 6962910.0 0.018437084118269952 25729.47314774561 0.0073212690794785765 0.49144838560141446 4.941827869927917E-9 574.2097025544899 23.16845717292612 28.297350480843406 6962910.0
27.704875671210356 0.19214952544603914 382.1001399718684 472.98374143165245 72875.84724620233 962097.1560005668 1.160485E7 0.02224843538633406 50950.25167530116 0.007259971819089885 0.525147657832003 2.7009331089073297E-9 791.7845140083149 23.59746630907184 27.704875671210356 1.160485E7
26.89720895941577 0.19791937225892062 480.3121364015323 598.8327354997314 115288.77487931521 1531174.2447762513 1.7407275E7 0.02530228145088849 86566.92128416366 0.006823422912770829 0.5677702579853894 1.663856007141257E-9 1002.7781995373585 24.213441884823453 26.89720895941577 1.7407275E7
26.615 0.20001798657766617 502.79570808920704 628.508766013676 126401.76031439664 1682280.5466284684 1.902115271019919E7 0.026081505947764472 96358.67877209013 0.006823648560731074 0.5677777928210044 1.5106983205085284E-9 1056.284059907109 24.30298134563577 26.615 1.902115271019919E7
25.726319116541355 0.20692733727856646 625.2032290316471 788.3303238397583 194951.336435673 2623765.193977556 2.9012125E7 0.028981545649209857 163459.87625364945 0.006146022686856442 0.6237141719199846 9.115719497525833E-10 1321.5457828436392 25.13877303433419 25.726319116541355 2.9012125E7
23.799173090322256 0.22368334784410365 945.7802308343563 1218.2918248730662 445157.01710842847 6133905.5393375205 6.96291E7 0.03470946479761726 424811.19723689696 0.005829548916641697 0.6507762417941537 3.7523973224154766E-10 2093.6683439741482 25.91905362247992 23.799173090322256 6.96291E7
22.967789904603823 0.23178019020878932 1199.1344391579491 1560.9262139228797 715960.8932310316 9964276.538753765 1.160485E8 0.03782236846690126 720495.5726235718 0.005727594432835733 0.6606290406393065 2.2865431207761372E-10 2720.4691579507694 26.193637950458104 22.967789904603823 1.160485E8
22.212887104157364 0.23965721735326526 1664.1811860768776 2188.7249067899393 1380794.0157326749 1.9390424180900495E7 2.32097E8 0.04191480641660664 1453720.263818731 0.005684552852553701 0.6650700108475887 1.1707868080787118E-10 3874.206649415547 26.381705525566574 22.212887104157364 2.32097E8
21.687705887982755 0.24546066514643883 2594.098074901285 3437.989187674014 3359938.7371870084 4.747734446308922E7 5.802425E8 0.047208464428774216 3647930.8884136146 0.005673941182783635 0.6662384049112994 4.778089455189861E-11 6159.483247163454 26.49056570323738 21.687705887982755 5.802425E8
21.496681960467203 0.24764187899111875 3648.9206026448223 4849.978355722101 6652232.644738022 9.421059265168476E7 1.160485E9 0.05117301859851974 7302760.515591935 0.005673938048973559 0.666238634306373 2.4079968414693384E-11 8730.007350717455 26.5253447469075 21.496681960467203 1.160485E9
