# rho0 5.912 g/cc e0 -1078.25 MJ/kg
# p0 = 0.00121236 GPa, c0 = 5.30907 km/s, T0 = 293 K
#rho   v   up   us   p   e   v/v0   T   csq
#g/cc cc/g km/s km/s GPa MJ/kg - K (km/s)^2
5.912 0.169147 0 5.30907 0.00121236 -1082.91 1 293 28.1862
5.91791 0.168979 0.00521503 5.22025 0.162159 -1082.91 0.999001 292.143 28.1422
5.93564 0.168474 0.0208298 5.22959 0.645216 -1082.91 0.996017 290.051 28.012
5.95337 0.167972 0.0364086 5.23913 1.12892 -1082.91 0.993051 288.681 27.8828
5.9711 0.167473 0.0519518 5.24869 1.61329 -1082.91 0.990102 288.026 27.755
5.98883 0.166977 0.0674595 5.25825 2.09831 -1082.91 0.987171 288.079 27.6286
6.00656 0.166485 0.0829322 5.26781 2.58399 -1082.91 0.984257 288.83 27.5036
6.02429 0.165995 0.0983699 5.27737 3.07034 -1082.91 0.98136 290.271 27.3798
6.04202 0.165507 0.113773 5.2869 3.5573 -1082.9 0.97848 292.392 27.2409
6.05975 0.165023 0.129138 5.29633 4.04478 -1082.9 0.975617 295.175 27.1159
6.07748 0.164542 0.144469 5.30574 4.53286 -1082.9 0.972771 298.62 26.9917
6.09521 0.164063 0.159765 5.31513 5.02152 -1082.9 0.969942 302.719 26.8684
6.11294 0.163587 0.175026 5.3245 5.51075 -1082.9 0.967128 307.464 26.746
6.13067 0.163114 0.190249 5.33378 6.00039 -1082.89 0.964331 312.837 26.59
6.1484 0.162644 0.205433 5.34292 6.49027 -1082.89 0.96155 318.821 26.4636
6.16613 0.162176 0.22099 5.36196 7.00656 -1082.89 0.958786 321.664 34.0939
6.18386 0.161711 0.237256 5.39669 7.57093 -1082.88 0.956037 318.325 33.9326
6.20159 0.161249 0.253481 5.42826 8.1359 -1082.88 0.953303 315.722 33.7725
6.21932 0.160789 0.269665 5.45723 8.70147 -1082.87 0.950586 313.849 33.6136
6.23705 0.160332 0.285809 5.48405 9.26763 -1082.87 0.947883 312.696 33.4558
6.25478 0.159878 0.301914 5.50904 9.83438 -1082.87 0.945197 312.255 33.2992
6.27251 0.159426 0.31798 5.53247 10.4017 -1082.86 0.942525 312.518 33.1438
6.29024 0.158976 0.334007 5.55459 10.9696 -1082.86 0.939868 313.477 32.9895
6.30797 0.15853 0.349997 5.57555 11.538 -1082.85 0.937226 315.123 32.8364
6.3257 0.158085 0.365949 5.59551 12.107 -1082.84 0.9346 317.449 32.6844
6.34343 0.157643 0.381864 5.61459 12.6766 -1082.84 0.931987 320.446 32.5335
6.36116 0.157204 0.397741 5.6329 13.2467 -1082.83 0.92939 324.107 32.3836
6.37889 0.156767 0.413583 5.65053 13.8173 -1082.83 0.926806 328.424 32.2349
6.39662 0.156332 0.429383 5.66748 14.3882 -1082.82 0.924237 333.37 32.0105
6.41435 0.1559 0.445145 5.68387 14.9594 -1082.81 0.921683 338.945 31.8613
6.43208 0.155471 0.46087 5.69975 15.5311 -1082.8 0.919142 345.148 31.7131
6.44981 0.155043 0.476555 5.71515 16.103 -1082.8 0.916615 351.958 31.4853
6.46754 0.154618 0.492199 5.73009 16.6751 -1082.79 0.914103 359.364 31.3374
6.48527 0.154195 0.507807 5.74466 17.2476 -1082.78 0.911604 367.372 31.1906
6.503 0.153775 0.524025 5.76601 17.8645 -1082.77 0.909118 371.962 41.2514
6.52073 0.153357 0.541155 5.79682 18.547 -1082.76 0.906646 371.449 41.0532
6.53847 0.152941 0.558237 5.82636 19.2299 -1082.76 0.904188 371.674 40.8566
6.5562 0.152527 0.575272 5.85474 19.9133 -1082.75 0.901743 372.626 40.6615
6.57393 0.152116 0.592263 5.88207 20.597 -1082.74 0.89931 374.299 40.468
6.59166 0.151707 0.609208 5.90842 21.2812 -1082.73 0.896892 376.682 40.2759
6.60939 0.1513 0.62611 5.93388 21.9659 -1082.72 0.894486 379.768 40.0853
6.62712 0.150895 0.642968 5.95851 22.6509 -1082.7 0.892092 383.548 39.8962
6.64485 0.150493 0.659783 5.98238 23.3363 -1082.69 0.889712 388.011 39.6106
6.66258 0.150092 0.676552 6.00549 24.0218 -1082.68 0.887345 393.138 39.4223
6.68031 0.149694 0.693278 6.02795 24.7077 -1082.67 0.884989 398.933 39.2355
6.69804 0.149297 0.709962 6.04979 25.3939 -1082.66 0.882647 405.39 39.0502
6.71577 0.148903 0.726599 6.07101 26.0801 -1082.65 0.880317 412.472 38.7548
6.7335 0.148511 0.743193 6.09167 26.7665 -1082.63 0.877999 420.186 38.5695
6.75123 0.148121 0.759744 6.11182 27.4531 -1082.62 0.875693 428.527 38.2782
6.76896 0.147733 0.776247 6.13145 28.1395 -1082.61 0.873399 437.455 38.094
6.78669 0.147347 0.792709 6.15063 28.8261 -1082.6 0.871117 446.998 37.9113
6.80442 0.146963 0.809122 6.16932 29.5123 -1082.58 0.868847 457.107 37.6165
6.82215 0.146581 0.825493 6.18761 30.1987 -1082.57 0.866589 467.809 37.3231
6.83988 0.146201 0.841814 6.20547 30.8846 -1082.56 0.864343 479.069 37.141
6.85761 0.145823 0.858237 6.224 31.5811 -1082.54 0.862108 490.54 52.2522
6.87534 0.145447 0.876997 6.25913 32.4536 -1082.53 0.859885 496.768 52.1744
6.89307 0.145073 0.895713 6.29336 33.3274 -1082.51 0.857673 503.801 52.1083
6.9108 0.144701 0.914385 6.32674 34.2026 -1082.49 0.855473 511.628 51.9308
6.92853 0.144331 0.933015 6.35932 35.0791 -1082.48 0.853284 520.238 51.8828
6.94626 0.143962 0.951611 6.39119 35.9575 -1082.46 0.851106 529.647 51.7254
6.96399 0.143596 0.970166 6.42235 36.8374 -1082.44 0.848939 539.839 51.6951
6.98172 0.143231 0.988693 6.4529 37.7194 -1082.42 0.846783 550.825 51.5359
6.99945 0.142868 1.00718 6.48282 38.6029 -1082.4 0.844638 562.549 51.5209
7.01718 0.142507 1.02565 6.51221 39.4888 -1082.39 0.842504 575.056 51.3868
7.03491 0.142148 1.04408 6.54107 40.3766 -1082.37 0.840381 588.326 51.388
7.05264 0.141791 1.06249 6.56944 41.2667 -1082.35 0.838268 602.368 51.2592
7.07037 0.141435 1.08087 6.59737 42.1593 -1082.33 0.836166 617.176 51.129
7.0881 0.141082 1.09923 6.62485 43.0539 -1082.31 0.834074 632.717 51.1492
7.10583 0.14073 1.11757 6.65193 43.951 -1082.29 0.831993 649.013 51.0333
7.12356 0.140379 1.13589 6.67863 44.8506 -1082.27 0.829922 666.058 50.9152
7.14129 0.140031 1.15418 6.70497 45.7527 -1082.24 0.827862 683.839 50.8045
7.15902 0.139684 1.17246 6.73096 46.6573 -1082.22 0.825812 702.36 50.845
7.17675 0.139339 1.19071 6.75662 47.5643 -1082.2 0.823771 721.627 50.7348
7.19448 0.138995 1.20895 6.78198 48.474 -1082.18 0.821741 741.61 50.6346
7.21221 0.138654 1.22716 6.80704 49.3863 -1082.16 0.819721 762.311 50.522
7.22994 0.138314 1.24537 6.83182 50.3011 -1082.14 0.817711 783.736 50.4286
7.24767 0.137975 1.26382 6.85781 51.2408 -1082.11 0.815711 804.43 64.0463
7.2654 0.137639 1.28355 6.89043 52.2882 -1082.09 0.81372 819.033 64.0003
7.28313 0.137304 1.30324 6.92252 53.3376 -1082.06 0.811739 834.461 63.8068
7.30086 0.13697 1.3229 6.95413 54.3894 -1082.04 0.809768 850.696 63.6022
7.31859 0.136638 1.34253 6.98528 55.4435 -1082.01 0.807806 867.716 63.5712
7.33632 0.136308 1.36212 7.01595 56.4997 -1081.98 0.805854 885.47 63.3686
7.35405 0.13598 1.38168 7.04621 57.5583 -1081.96 0.803911 903.997 63.1801
7.37178 0.135652 1.40122 7.07606 58.6194 -1081.93 0.801977 923.292 62.9887
7.38951 0.135327 1.42073 7.10551 59.6827 -1081.9 0.800053 943.347 62.974
7.40724 0.135003 1.4402 7.13458 60.7482 -1081.87 0.798138 964.149 62.7879
7.42497 0.134681 1.45964 7.16327 61.8161 -1081.85 0.796232 985.684 62.5967
7.4427 0.13436 1.47906 7.19162 62.8863 -1081.82 0.794335 1007.95 62.4201
7.46043 0.134041 1.49845 7.21964 63.9589 -1081.79 0.792448 1030.94 62.2333
7.47816 0.133723 1.51782 7.24732 65.0338 -1081.76 0.790569 1054.63 62.0486
7.49589 0.133406 1.53715 7.27469 66.1109 -1081.73 0.788699 1079.01 61.8617
7.51362 0.133092 1.55646 7.30175 67.1902 -1081.7 0.786838 1104.09 61.6863
7.53135 0.132778 1.57574 7.32851 68.2718 -1081.67 0.784985 1129.88 61.5055
7.54908 0.132466 1.59499 7.35498 69.3555 -1081.64 0.783142 1156.32 61.3218
7.56681 0.132156 1.61421 7.38117 70.4414 -1081.61 0.781307 1183.42 61.1411
7.58454 0.131847 1.63341 7.40709 71.5293 -1081.58 0.77948 1211.22 60.9543
7.60227 0.13154 1.65258 7.43273 72.6192 -1081.55 0.777662 1239.63 60.7683
7.62 0.131234 1.67171 7.45812 73.7111 -1081.51 0.775853 1268.63 60.6006
7.63773 0.130929 1.69083 7.48326 74.8051 -1081.48 0.774052 1298.36 60.4093
7.65546 0.130626 1.70991 7.50814 75.9009 -1081.45 0.772259 1328.67 60.2125
7.67319 0.130324 1.72922 7.53389 77.0213 -1081.42 0.770475 1353.34 69.6205
7.69092 0.130023 1.74864 7.56001 78.1563 -1081.38 0.768699 1374.66 69.3436
7.70865 0.129724 1.76801 7.58575 79.291 -1081.35 0.766931 1396.56 68.8674
7.72638 0.129427 1.78732 7.61114 80.4253 -1081.31 0.765171 1419.01 68.3873
7.74411 0.12913 1.80658 7.63617 81.5592 -1081.28 0.763419 1442 67.9211
7.76184 0.128835 1.82577 7.66086 82.6923 -1081.24 0.761675 1465.52 67.6461
7.77957 0.128542 1.84492 7.6852 83.8248 -1081.21 0.759939 1489.59 67.1772
7.7973 0.12825 1.864 7.70921 84.9566 -1081.17 0.758211 1514.19 66.7053
7.81503 0.127959 1.88303 7.7329 86.0877 -1081.14 0.756491 1539.27 66.2339
7.83276 0.127669 1.90201 7.75628 87.2179 -1081.1 0.754779 1564.84 65.7741
7.85049 0.127381 1.92092 7.77934 88.3472 -1081.07 0.753074 1590.96 65.5028
7.86822 0.127094 1.93978 7.80209 89.4755 -1081.03 0.751377 1617.51 65.0367
7.88595 0.126808 1.95858 7.82455 90.6028 -1080.99 0.749688 1644.48 64.5644
7.90368 0.126523 1.97733 7.84672 91.729 -1080.96 0.748006 1671.91 64.0978
7.92141 0.12624 1.99601 7.8686 92.8541 -1080.92 0.746332 1699.81 63.6428
7.93914 0.125958 2.01465 7.8902 93.9782 -1080.88 0.744665 1728.16 63.1778
7.95687 0.125678 2.03322 7.91154 95.1011 -1080.84 0.743006 1756.9 62.7174
7.9746 0.125398 2.05174 7.93259 96.2225 -1080.81 0.741354 1786.05 62.4502
7.99233 0.12512 2.0702 7.95339 97.3427 -1080.77 0.739709 1815.62 61.9949
8.01006 0.124843 2.0886 7.97392 98.4615 -1080.73 0.738072 1845.56 61.5348
8.02779 0.124567 2.10694 7.99421 99.579 -1080.69 0.736442 1875.89 61.0752
8.04552 0.124293 2.12523 8.01425 100.695 -1080.65 0.734819 1906.61 60.6313
8.06325 0.124019 2.14346 8.03405 101.81 -1080.61 0.733203 1937.69 60.1666
8.08098 0.123747 2.16164 8.05362 102.923 -1080.57 0.731594 1969.1 59.7242
8.09871 0.123476 2.17976 8.07295 104.035 -1080.54 0.729993 2000.87 59.2659
8.11644 0.123207 2.19818 8.09339 105.18 -1080.5 0.728398 2032.53 77.0808
8.13417 0.122938 2.21808 8.11918 106.47 -1080.45 0.72681 2062.69 76.559
8.1519 0.122671 2.23791 8.14465 107.759 -1080.41 0.725229 2093.35 76.0201
8.16963 0.122405 2.25768 8.1698 109.047 -1080.36 0.723656 2124.44 75.5054
8.18736 0.122139 2.27738 8.19464 110.333 -1080.32 0.722088 2155.96 74.9766
8.20509 0.121876 2.29703 8.21917 111.618 -1080.27 0.720528 2187.92 74.4491
8.22282 0.121613 2.3166 8.24339 112.901 -1080.23 0.718974 2220.32 73.933
8.24055 0.121351 2.33612 8.26733 114.182 -1080.18 0.717428 2253.09 73.6007
8.25828 0.121091 2.35557 8.29096 115.462 -1080.14 0.715887 2286.31 73.0765
8.27601 0.120831 2.37496 8.31432 116.74 -1080.09 0.714354 2319.92 72.5557
8.29374 0.120573 2.39428 8.3374 118.017 -1080.04 0.712826 2353.91 72.0458
8.31147 0.120316 2.41354 8.36021 119.292 -1080 0.711306 2388.28 71.5277
8.3292 0.120059 2.43274 8.38275 120.565 -1079.95 0.709792 2423.03 71.0151
8.34693 0.119804 2.45188 8.40504 121.837 -1079.91 0.708284 2458.12 70.5088
8.36466 0.119551 2.47096 8.42707 123.107 -1079.86 0.706783 2493.58 69.9882
8.38239 0.119298 2.48998 8.44885 124.375 -1079.81 0.705288 2529.43 69.6672
8.40012 0.119046 2.50893 8.47038 125.641 -1079.76 0.703799 2565.56 69.1679
8.41785 0.118795 2.52783 8.49167 126.905 -1079.72 0.702317 2602.04 68.661
8.43558 0.118545 2.54666 8.51272 128.168 -1079.67 0.700841 2638.85 68.157
8.45331 0.118297 2.56544 8.53355 129.428 -1079.62 0.699371 2675.95 67.6581
8.47104 0.118049 2.58415 8.55416 130.687 -1079.57 0.697907 2713.38 67.154
8.48877 0.117803 2.60281 8.57454 131.944 -1079.52 0.696449 2751.16 66.6509
8.5065 0.117557 2.62141 8.5947 133.2 -1079.48 0.694998 2789.2 66.1636
8.52423 0.117313 2.63994 8.61466 134.453 -1079.43 0.693552 2827.52 65.855
8.54197 0.117069 2.65842 8.6344 135.705 -1079.38 0.692112 2866.13 65.3623
8.5597 0.116827 2.67685 8.65393 136.954 -1079.33 0.690679 2905.03 64.865
8.57743 0.116585 2.69521 8.67327 138.202 -1079.28 0.689251 2944.19 64.3784
8.59516 0.116345 2.71352 8.69241 139.448 -1079.23 0.687829 2983.59 63.8926
8.61289 0.116105 2.7339 8.71818 140.912 -1079.17 0.686413 3027.14 90.298
8.63062 0.115867 2.75502 8.74618 142.456 -1079.12 0.685003 3072.79 90.2858
8.64835 0.115629 2.77612 8.77407 144.005 -1079.06 0.683599 3119.26 90.2942
8.66608 0.115392 2.79723 8.80187 145.56 -1079 0.6822 3166.53 90.3237
8.68381 0.115157 2.81834 8.82959 147.12 -1078.94 0.680807 3214.57 90.3626
8.70154 0.114922 2.83945 8.85722 148.686 -1078.88 0.67942 3263.48 90.4196
8.71927 0.114689 2.86056 8.8848 150.258 -1078.82 0.678039 3313.28 90.5132
8.737 0.114456 2.88169 8.91233 151.836 -1078.76 0.676663 3363.91 90.6261
8.75473 0.114224 2.90282 8.93981 153.422 -1078.7 0.675292 3415.44 90.7389
8.77246 0.113993 2.92398 8.96726 155.014 -1078.64 0.673928 3467.86 90.8919
8.79019 0.113763 2.94515 8.9947 156.614 -1078.57 0.672568 3521.13 91.0625
8.80792 0.113534 2.96634 9.02212 158.222 -1078.51 0.671214 3575.39 91.2453
8.82565 0.113306 2.98756 9.04954 159.838 -1078.45 0.669866 3630.64 91.45
8.84338 0.113079 3.00881 9.07697 161.463 -1078.38 0.668523 3686.84 91.6849
8.86111 0.112853 3.03009 9.10443 163.097 -1078.32 0.667185 3744.05 91.9369
8.87884 0.112627 3.0514 9.13192 164.74 -1078.26 0.665853 3802.27 92.0935
8.89657 0.112403 3.07276 9.15945 166.393 -1078.19 0.664526 3861.53 92.4007
8.9143 0.112179 3.09415 9.18703 168.056 -1078.12 0.663204 3921.86 92.7074
8.93203 0.111957 3.1156 9.21469 169.73 -1078.06 0.661888 3983.31 93.0633
8.94976 0.111735 3.13709 9.24242 171.416 -1077.99 0.660577 4045.9 93.4342
8.96749 0.111514 3.15865 9.27025 173.113 -1077.92 0.659271 4109.6 93.8122
8.98522 0.111294 3.18026 9.29818 174.823 -1077.85 0.65797 4174.53 94.2261
9.00295 0.111075 3.20194 9.32623 176.545 -1077.78 0.656674 4240.74 94.6652
9.02068 0.110856 3.22368 9.3544 178.281 -1077.71 0.655383 4308.13 95.0439
9.03841 0.110639 3.2455 9.38272 180.031 -1077.64 0.654098 4376.86 95.5431
9.05614 0.110422 3.26741 9.41119 181.796 -1077.57 0.652817 4446.92 96.0465
9.07387 0.110207 3.28939 9.43983 183.576 -1077.5 0.651541 4518.32 96.5849
9.0916 0.109992 3.31147 9.46865 185.373 -1077.43 0.650271 4591.2 97.1562
9.10933 0.109778 3.33364 9.49768 187.186 -1077.35 0.649005 4665.5 97.7381
9.12706 0.109564 3.35607 9.52738 189.035 -1077.28 0.647744 4742.15 137.835
9.14479 0.109352 3.38145 9.56533 191.223 -1077.19 0.646488 4835.18 138.348
9.16252 0.10914 3.40693 9.60341 193.431 -1077.11 0.645237 4930.33 138.841
9.18025 0.10893 3.43251 9.64164 195.659 -1077.02 0.643991 5027.8 139.454
9.19798 0.10872 3.4582 9.68005 197.909 -1076.93 0.64275 5127.74 140.04
9.21571 0.10851 3.48401 9.71866 200.181 -1076.84 0.641513 5230.19 140.716
9.23344 0.108302 3.50995 9.7575 202.477 -1076.75 0.640282 5335.24 141.391
9.25117 0.108094 3.53603 9.79658 204.799 -1076.66 0.639054 5442.94 142.148
9.2689 0.107888 3.56227 9.83595 207.147 -1076.57 0.637832 5553.57 142.919
9.28663 0.107682 3.58866 9.87561 209.524 -1076.47 0.636614 5667.02 143.77
9.30436 0.107477 3.61522 9.91562 211.93 -1076.38 0.635401 5783.63 144.649
9.32209 0.107272 3.64197 9.95599 214.367 -1076.28 0.634193 5903.43 145.589
9.33982 0.107068 3.66892 9.99676 216.838 -1076.18 0.632989 6026.59 146.571
9.35755 0.106866 3.69608 10.038 219.343 -1076.08 0.631789 6153.13 147.611
9.37528 0.106663 3.72347 10.0796 221.886 -1075.98 0.630595 6283.5 148.7
9.39301 0.106462 3.7511 10.1218 224.468 -1075.88 0.629404 6417.53 149.864
9.41074 0.106262 3.77899 10.1645 227.091 -1075.77 0.628218 6555.76 151.096
9.42847 0.106062 3.80715 10.2079 229.759 -1075.66 0.627037 6698.11 152.375
9.4462 0.105863 3.83562 10.2518 232.473 -1075.56 0.62586 6844.98 153.728
9.46393 0.105664 3.86439 10.2965 235.237 -1075.44 0.624688 6996.53 155.146
9.48166 0.105467 3.89351 10.3419 238.055 -1075.33 0.62352 7153.06 156.648
9.49939 0.10527 3.92298 10.388 240.928 -1075.22 0.622356 7314.74 158.225
9.51712 0.105074 3.95285 10.4351 243.861 -1075.1 0.621196 7482.04 159.892
9.53485 0.104878 3.98313 10.4831 246.859 -1074.98 0.620041 7655.21 161.636
9.55258 0.104684 4.01385 10.532 249.925 -1074.86 0.61889 7834.63 163.464
9.57031 0.10449 4.04506 10.5821 253.064 -1074.73 0.617744 8020.63 165.415
9.58804 0.104297 4.07677 10.6332 256.282 -1074.6 0.616602 8213.66 167.46
9.60577 0.104104 4.10904 10.6857 259.585 -1074.47 0.615463 8414.36 169.608
9.6235 0.103912 4.1419 10.7395 262.978 -1074.33 0.614329 8622.91 171.865
