#rho T p e s c^2 cv gamma alpha
1.0E-10 0.0 -2.1812526621636388E-16 2.493029897112348 2.4931903157997803 -5.380052410611931E-6 1.0510184225238351E-4 0.6666668888506464 -1.3023649741527028E11
1.77827941003892E-10 0.0 -5.23668694438527E-16 2.493028479848539 2.4931888985343487 -7.286987899384804E-6 1.0510184120012129E-4 0.6666668621747617 -5.407183947532553E10
3.162277660168379E-10 0.0 -1.2604794231944682E-15 2.4930265472659254 2.493186965950309 -9.88728609562913E-6 1.0510184028111283E-4 0.6666668386582832 -2.2410011139152775E10
5.623413251903491E-10 0.0 -3.039870971465194E-15 2.493023911993856 2.4931843306769883 -1.3433054890089535E-5 1.0510183946192176E-4 0.6666668180324096 -9.275650303775457E9
1.0E-9 0.0 -7.341717624351306E-15 2.4930203185333415 2.493180737215369 -1.8268068939184285E-5 1.051018387420564E-4 0.6666667998771761 -3.8355398552871046E9
1.77827941003892E-9 0.0 -1.775010700550245E-14 2.4930154184856534 2.493175837166709 -2.486109983733338E-5 1.0510183811119077E-4 0.6666667838857321 -1.584888780789207E9
3.162277660168379E-9 0.0 -4.294812885175765E-14 2.4930087367737968 2.4931691554539968 -3.385136518635737E-5 1.0510183755703212E-4 0.6666667698084378 -6.545501538663274E8
5.623413251903491E-9 0.0 -1.0397716216979682E-13 2.4929996255820615 2.4931600442615114 -4.6110503011591944E-5 1.0510183707023791E-4 0.6666667574162962 -2.7022109361071366E8
1.0E-8 0.0 -2.518349149672822E-13 2.4929872015480523 2.493147620226841 -6.28270801657368E-5 1.0510183663851537E-4 0.6666667465336125 -1.1152499734456591E8
1.77827941003892E-8 0.0 -6.101398421401432E-13 2.4929702601175094 2.493130678795716 -8.562182810677913E-5 1.051018362618645E-4 0.6666667369372143 -4.601872631477408E7
3.162277660168379E-8 0.0 -1.4785715605768155E-12 2.4929471587585255 2.4931075774362195 -1.167047785769893E-4 1.0510183592946765E-4 0.666666728499282 -1.8985867455822807E7
5.623413251903491E-8 0.0 -3.5836731309933424E-12 2.4929156577122216 2.493076076389466 -1.5908953403660206E-4 1.0510183563099888E-4 0.6666667211125386 -7832086.363847387
1.0E-7 0.0 -8.686965103284933E-12 2.4928727028401148 2.493033121516964 -2.1688544695480584E-4 1.0510183538711006E-4 0.666666714493908 -3230640.703126791
1.77827941003892E-7 0.0 -2.1059455166389595E-11 2.492814129514696 2.4929745481912375 -2.956960272037743E-4 1.0510183518796697E-4 0.6666667094938806 -1332519.5164163439
3.16227766016838E-7 0.0 -5.1056972658045286E-11 2.492734258845018 2.492894677523893 -4.031622530609481E-4 1.0510183669407875E-4 0.6666667479289301 -549590.5237648649
5.623413251903491E-7 0.0 -1.2378960608175045E-10 2.4926253470852076 2.4927857657685015 -5.497033559687438E-4 1.0510183957255682E-4 0.6666668206439305 -226668.29106684698
1.0E-6 0.0 -3.00143432498662E-10 2.4924768348536217 2.4926372535452908 -6.929273742668578E-4 1.0510184499809952E-4 0.6666669586908079 -101118.71742952876
1.25892541179417E-6 0.0 -4.2775007429155333E-10 2.492403274667816 2.492563693364654 -7.84427478038531E-4 1.0510184836386352E-4 0.6666670437564663 -70952.31043163905
1.58489319246111E-6 0.0 -6.096112072166043E-10 2.4923199990629015 2.4924804177664144 -8.880124150379046E-4 1.0510185269338169E-4 0.6666671537341852 -49785.215613381086
1.99526231496888E-6 0.0 -8.687947839625105E-10 2.492225724880533 2.4923861435926655 -0.001005278287657689 1.0510185828512282E-4 0.6666672957761313 -34932.78757263171
2.51188643150958E-6 0.0 -1.238176951546376E-9 2.4921189994899993 2.4922794182132693 -0.001138032005074792 1.0510186552655544E-4 0.6666674791071732 -24511.236420448906
3.16227766016838E-6 0.0 -1.7646124070797939E-9 2.491998178405361 2.4921585971430122 -0.001288319126883666 1.0510187484940206E-4 0.6666677160774643 -17198.732162858563
3.98107170553497E-6 0.0 -2.514877961118268E-9 2.4918613999460493 2.492021818702274 -0.0014584553840383337 1.0510188690665534E-4 0.6666680220326506 -12067.769014135407
5.01187233627272E-6 0.0 -3.5841432671901095E-9 2.4917065565512506 2.491866975331466 -0.0016510623646486804 1.0510190248554511E-4 0.6666684171486208 -8467.53461611624
6.309573444801931E-6 0.0 -5.108043255962203E-9 2.491531262305387 2.4916916811165866 -0.0018691079137131172 1.0510192259309613E-4 0.6666689275450877 -5941.368618333126
7.943282347242812E-6 0.0 -7.279883701633621E-9 2.4913328161744706 2.491493235025686 -0.0021159518702484033 1.051019485800394E-4 0.6666695866391034 -4168.8438284261
1.0E-5 0.0 -1.0375162504725728E-8 2.4911081603872463 2.4912685792901486 -0.0023953978485734885 1.0510198213982872E-4 0.6666704379143271 -2925.1251311155115
1.25892541179417E-5 0.0 -1.47865173012208E-8 2.490853833319238 2.491014252288894 -0.002711751861887497 1.0510202546647998E-4 0.6666715374887311 -2052.452204856114
1.58489319246111E-5 0.0 -2.1073532626675735E-8 2.4905659161541074 2.4907263352099775 -0.0030698886942330653 1.0510208143699614E-4 0.6666729575661132 -1440.1294331016363
1.99526231496888E-5 0.0 -3.0033724854828245E-8 2.490239972500487 2.490400391667711 -0.0034753270478496295 1.0510215372839443E-4 0.6666747916472884 -1010.4852279246704
2.51188643150958E-5 0.0 -4.280370961164758E-8 2.489870980033586 2.490031399344621 -0.0039343146273721884 1.0510224709011452E-4 0.6666771604898656 -709.0200080409802
3.16227766016838E-5 0.0 -6.100338512819907E-8 2.4894532531085014 2.489613672605285 -0.004453924479854521 1.0510236766854788E-4 0.6666802199797106 -497.49328221946905
3.98107170553497E-5 0.0 -8.694142173192848E-8 2.4889803551527194 2.4891407748894023 -0.005042164085735574 1.0510252341220802E-4 0.6666841713850138 -349.0730435092511
5.01187233627272E-5 0.0 -1.239081245931902E-7 2.488444999488084 2.488605419534608 -0.005708098897685603 1.0510272456393345E-4 0.6666892747971463 -244.93223975729438
6.309573444801932E-5 0.0 -1.7659282047198156E-7 2.487838937053822 2.4879993575005224 -0.006461992252730336 1.0510298435420067E-4 0.6666958661240868 -171.86062113393916
7.943282347242811E-5 0.0 -2.5167871554605084E-7 2.48715282930071 2.4873132502642603 -0.007315463847249052 1.0510331989112163E-4 0.6667043790708351 -120.5890499356284
1.0E-4 0.0 -3.5869068426466856E-7 2.486376104298061 2.486536525929145 -0.00828166926696891 1.0510375324073354E-4 0.6667153739663312 -84.61372446572939
1.25892541179417E-4 0.0 -5.112035343924318E-7 2.4854967938360644 2.4856572163293036 -0.009375503406703364 1.0510431293753602E-4 0.6667295742587542 -59.37117735822532
1.58489319246111E-4 0.0 -7.285640210943607E-7 2.4845013490138683 2.4846617726206213 -0.010613831022411398 1.0510503582939199E-4 0.6667479143186363 -41.65940101118777
1.99526231496888E-4 0.0 -1.0383450537579155E-6 2.4833744314717605 2.4835348565166724 -0.012015748120397025 1.0510596946085243E-4 0.6667716011660986 -29.231672256018648
2.51188643150958E-4 0.0 -1.4798434203481E-6 2.482098677050516 2.4822591039528845 -0.013602878430429843 1.0510717529583236E-4 0.6668021932598756 -20.511554139986938
3.16227766016838E-4 0.0 -2.1090647276465003E-6 2.480654428236903 2.4808148575382685 -0.015399709866533676 1.0510873270047256E-4 0.6668417033736915 -14.392923374390358
3.98107170553497E-4 0.0 -3.005827913609994E-6 2.4790194312723868 2.4791798636721714 -0.017433976633509464 1.0511074415921322E-4 0.6668927309583172 -10.099657237245
5.01187233627272E-4 0.0 -4.283890561910329E-6 2.477168493258179 2.47732892965973 -0.019737093565518934 1.0511334206631074E-4 0.6669586326754053 -7.087181301601163
6.309573444801931E-4 0.0 -6.105379445536401E-6 2.475073093973716 2.475233535543746 -0.022344650420017324 1.0511669737700666E-4 0.6670437432931227 -4.973389325517675
7.943282347242819E-4 0.0 -8.701356855100037E-6 2.4727009464269516 2.4728613946723286 -0.025296975226137972 1.0512103095229128E-4 0.6671536596847147 -3.4901724716592213
0.001 0.0 -1.2401131604970969E-5 2.4700154993663515 2.4701759562332706 -0.02863977757449821 1.0512662796161986E-4 0.6672956088694791 -2.449409288587096
0.00125892541179417 0.0 -1.767403288876611E-5 2.466975374088796 2.4671358420908636 -0.03242488492395005 1.051338567808539E-4 0.667478920902662 -1.719102248227893
0.00158489319246111 0.0 -2.5188946086429793E-5 2.463533726866698 2.4636942092503644 -0.03671108796103721 1.0514319315643049E-4 0.6677156402187325 -1.2066337149811333
0.00199526231496888 0.0 -3.5899162747316074E-5 2.4596375271708704 2.4597980281290863 -0.04156511482018272 1.0515525154802523E-4 0.668021312775745 -0.847017338880151
0.00251188643150958 0.0 -5.116330809130248E-5 2.4552267405688206 2.455387265516988 -0.04706275910749718 1.0517082556787473E-4 0.6684160002842263 -0.5946545356773519
0.00316227766016838 0.0 -7.291768580391575E-5 2.4502334037097513 2.4503939596421342 -0.053290193572918775 1.0519094018281718E-4 0.6689255858884979 -0.4175503448562254
0.00398107170553497 0.0 -1.0392190215411482E-4 2.444580577144802 2.4447411730948376 -0.06034551071626713 1.0521691920412955E-4 0.6695834526983054 -0.293254933187341
0.00501187233627272 0.0 -1.4810892684881462E-4 2.438181159849855 2.438341807484676 -0.06834054469088433 1.052504724138565E-4 0.6704326396770278 -0.20601591309439748
0.006309573444801931 0.0 -2.110839956152961E-4 2.4309365471875584 2.4310972615758493 -0.07740304703023557 1.0529380803689081E-4 0.6715286060279322 -0.14478024021804592
0.00794328234724282 0.0 -3.008356396192955E-4 2.4227351116337665 2.4228959122374776 -0.08767931406521853 1.0534977814738661E-4 0.672942766709509 -0.10179222588772814
0.00999999999999999 0.0 -4.2874903423929496E-4 2.4134504828643646 2.413611394819571 -0.09933739954705219 1.0542206632890941E-4 0.6747670033368539 -0.07160981876583486
0.0125892541179417 0.0 -6.110502073118359E-4 2.4029396007079296 2.4031006564791233 -0.11257109577243274 1.0551543010532703E-4 0.677119396641106 -0.05041436887200562
0.0158489319246111 0.0 -8.708642985859723E-4 2.391040510972291 2.391201752488977 -0.12760493621776625 1.0563601405962791E-4 0.6801514760002896 -0.035526316109041896
0.0199526231496888 0.0 -0.0012411489494159869 2.377569870193624 2.3777313516098366 -0.14470056953848 1.057917542227198E-4 0.6840573284396392 -0.025065367590187286
0.0251188643150958 0.0 -0.0017688749031367587 2.3623201208751037 2.362481912133469 -0.16416498808098098 1.0599290038492879E-4 0.6890849452429316 -0.017712056897163122
0.0316227766016838 0.0 -0.0025209840900518353 2.3450562937094523 2.345218485144347 -0.18636127493517043 1.0625269063099719E-4 0.6955501929265966 -0.012540438971360358
0.0398107170553498 0.0 -0.0035928809190620193 2.325512387537471 2.325675095820228 -0.21172277348732974 1.065882226476259E-4 0.7038537434140728 -0.008900698102612061
0.0501187233627272 0.0 -0.005120533791623891 2.30338727129622 2.3035506471136613 -0.24077189197871948 1.0702157890550499E-4 0.714501142333371 -0.006336778049885506
0.06309573444801941 0.0 -0.007297721737241183 2.2783400448538575 2.2785042828254936 -0.27414513212863095 1.075812800414407E-4 0.728125848618319 -0.004528585978185335
0.0794328234724281 0.0 -0.01040061360606481 2.249984787303695 2.250150138790294 -0.31262635447483533 1.0830416185224336E-4 0.7455144426657747 -0.0032514390757309455
0.1 0.0 -0.014822797185441402 2.217884611867137 2.218051401513614 -0.3571906968798392 1.0923779961051894E-4 0.7676321111362623 -0.0023476099311486743
0.125892541179417 0.0 -0.021125200841889145 2.1815449358926093 2.181713582993997 -0.40913176904958426 1.10443639148119E-4 0.7956448060819058 -0.0017060695693549594
0.158489319246111 0.0 -0.030109519519089127 2.1403986598427527 2.140569705939405 -0.46985295601009097 1.1200104080362353E-4 0.8309319807963036 -0.001249756975270779
0.199526231496888 0.0 -0.04291278882722373 2.0938220301167787 2.093996174634963 -0.5414260821019992 1.1401250237064169E-4 0.8750805090816546 -9.235519196595547E-4
0.251188643150958 0.0 -0.061160961329057704 2.0410920907066306 2.0412702369901052 -0.6263078922144375 1.1661040490901606E-4 0.929846644453328 -6.892245637549663E-4
0.316227766016838 0.0 -0.08717030763958739 1.981395064144869 1.9815783789069645 -0.7276227506941395 1.199657250514551E-4 0.9970697391383684 -5.198480857584923E-4
0.398107170553497 0.0 -0.12424315516060996 1.9138090409254958 1.913999031034424 -0.8492517714477735 1.2429928765507738E-4 1.0785210872190456 -3.9651609379870955E-4
0.501187233627272 0.0 -0.17708837060083374 1.8372893144958553 1.8374879261467465 -0.9959256365475161 1.2989629899181585E-4 1.1756771245965714 -3.059552667301899E-4
0.6309573444801931 0.0 -0.25242180472382014 1.7506515665753737 1.7508613133759026 -1.1732624724991578 1.3712511708877895E-4 1.2894221817739504 -2.3884544799257146E-4
0.794328234724281 0.0 -0.35982414317535033 1.652552533614565 1.6527766620138744 -1.3877141882668618 1.464614947032501E-4 1.41971394433098 -1.8863587083805167E-4
1.0 0.0 -0.5129664085865093 1.541467804821168 1.5417105077695663 -1.6176779636596903 1.5851989006130334E-4 1.5652804040588915 -1.533853357346756E-4
1.11739012229022 0.0 -0.6086090359570056 1.4827781365766333 1.4830316398349546 -1.7485544975780971 1.6553133387697838E-4 1.6401701753733526 -1.3895850231481337E-4
1.24856068539176 0.0 -0.7207864656723986 1.4210010547678926 1.4210375633869652 -2.2971170453125063 -8.88640250189053E-5 2.384868521778262 7.389203741273769E-5
1.39512937693667 0.0 -0.8556805210531643 1.3547168987349396 1.3548491445753323 -2.198598393664093 9.037829524703986E-5 1.9999999997672635 -5.8929634959116106E-5
1.55890378510595 0.0 -1.0148577897852213 1.2846111650840233 1.2847014438094093 -2.3332587939112623 6.225752022828864E-5 1.9999999999565943 -3.423257679852392E-5
1.74190369107823 0.0 -1.2035753695850024 1.2101900454564678 1.210246954307038 -2.4755854090427833 3.963153344621229E-5 2.0000000004656235 -1.8380986608666838E-5
1.9463859783917 0.0 -1.4272130167579606 1.131195024144788 1.1312281043351549 -2.625375181599365 2.3223453106256096E-5 1.9999999997833873 -9.089425796602593E-6
2.17487246641908 0.0 -1.6919943506493014 1.0473618129469087 1.047379840561998 -2.781779936824249 1.2718839851281662E-5 1.9999999988828605 -4.204563624007008E-6
2.43018101121766 0.0 -2.004959691017492 0.9584282686399774 0.9584377222382248 -2.9427031582289174 6.683845615286275E-6 2.0000000005283893 -1.8692669494090594E-6
2.71546025731188 0.0 -2.373726902720731 0.8641492003678074 0.8641540800285422 -3.1035798821907976 3.451963369805223E-6 2.0000000007076624 -8.191997203749532E-7
3.03422846899197 0.0 -2.8057453285878324 0.7643274397344599 0.7643299483149583 -3.254988518208087 1.7747688039052562E-6 1.9999999989552715 -3.593966642738876E-7
3.39041692002342 0.0 -3.306401072881318 0.6588768212208361 0.6588781101143543 -3.378010859639465 9.11871282915167E-7 1.9999999982401349 -1.59238979629226E-7
3.78841837687982 0.0 -3.874576664405493 0.5479463218949174 0.5479469840940296 -3.435207710942863 4.68495235876155E-7 1.9999999947531986 -7.199863069165356E-8
4.23314127342827 0.0 -4.492618133333203 0.43216268549949716 0.43216302571933424 -3.353054170498101 2.407000707266536E-7 2.0000000007054535 -3.391586371316562E-8
4.73007024518782 0.0 -5.104069910010299 0.31310365245159816 0.3131038272472658 -2.9877492934376555 1.2366512763816714E-7 2.0000000081076967 -1.750110638337604E-8
5.28533376971177 0.0 -5.564723326392638 0.19422019144772473 0.1942202812529688 -2.058665730244244 6.353576710430746E-8 2.0000000288772215 -1.1678579631821172E-8
5.90577974728289 0.0 -5.535527075429336 0.0826328051514346 0.08263285129091825 -0.018814028786216696 3.264294369696665E-8 2.000000034127037 -5.875708862906922E-7
6.59905995403556 0.0 -4.248938046368794 -0.0073707593279064695 -0.00737073562269888 3.8984420603304275 1.677105366931093E-8 1.9999999990608466 1.3038186415469792E-9
7.287 0.0 -0.6811554479061038 -0.0469660928880064 -0.04696607981294942 7.493106666317986 9.250392891445306E-9 1.9999999958215642 3.3882815362591653E-10
7.37372440904032 0.0 -0.015106997824405704 -0.047538622916788245 -0.04753861073769945 9.570090113995999 8.616509673650022E-9 2.000000007810123 2.442071909893114E-10
8.23932681915198 0.0 8.272332894494246 0.005556014088931207 0.005556020350486223 15.243562946852014 4.429949621032735E-9 1.9740283076270677 6.96264007067252E-11
9.20654240204136 0.0 21.099185030388902 0.18528274896487093 0.18528275229616953 22.94027120930756 2.356840367620748E-9 1.8191730322172064 2.0300609241127908E-11
10.2872995404871 0.0 41.38625380331767 0.5312370683149781 0.5312370701759566 31.892882555053976 1.3166125003316397E-9 1.680580009153709 6.7440690487428186E-12
11.4949268915811 0.0 71.73614637809064 1.0962700738957292 1.096270074981752 41.86527980477496 7.68343929424435E-10 1.556550188445946 2.4851841841398378E-12
12.844317765101 0.0 115.12088473013448 1.9352075228349346 1.9352075234939774 54.59218755362363 4.662569003030672E-10 1.4456219003777606 9.612546474245425E-13
14.3521137982807 0.0 177.89855507591537 3.111744445942978 3.1117444463571515 71.35961097858127 2.930186430982708E-10 1.346187004472167 3.8515212967691225E-13
16.0369101921841 0.0 270.01182940834826 4.7240877802119225 4.7240877804804855 91.15960794637498 1.900021712449453E-10 1.2572946927293402 1.6340769363786915E-13
17.919485040802 0.0 401.774494600355 6.891654670488424 6.891654670667518 114.37249456366571 1.2669925588024392E-10 1.1777583982817936 7.280867965254642E-14
20.0230555811195 0.0 586.816887166929 9.748319401870388 9.748319401992852 143.86468405475625 8.664150146746807E-11 1.1067489524360032 3.328821748835836E-14
22.3735645244111 0.0 848.7320451468441 13.463334767309014 13.463334767394645 176.80067389244138 6.056703357901551E-11 1.0434567352028465 1.5976868230419534E-14
25.0 0.0 1209.1251341877864 18.23610169230126 18.23610169236236 231.94219140635212 4.329419832244234E-11 0.9820388878793385 7.332272945151523E-15
31.4824670961597 0.0 2404.789451991268 32.42433900134366 32.42433900137569 336.6562846536621 2.2697394541204097E-11 0.8829100683292374 1.8907625508232504E-15
39.6458293784311 0.0 4602.490378632874 54.37072905156896 54.370729051586814 478.0562672884306 1.2619279322042069E-11 0.8192236989797583 5.45457021895084E-16
49.9259407562567 0.0 8539.284352126291 87.10455641889091 87.10455641890135 658.9189551912978 7.411073018306501E-12 0.7185164850493602 1.6186746702188934E-16
62.8716714841468 0.0 15478.514414396743 134.78252591238385 134.78252591239035 939.6354667151988 4.43720295363574E-12 0.7941426851801467 5.964766207917416E-17
79.1742131512085 0.0 27609.62270511767 202.76802302203845 202.76802302204246 1237.2146220681257 2.2028667145709347E-12 0.6466751984287764 1.4542719439791745E-17
99.7039824158902 0.0 48379.71590428767 298.13310641131636 298.13310641131903 1611.589732901577 2.2658057635586757E-12 0.4992556623279324 7.04009758335543E-18
125.557093830574 0.0 83781.26405907227 430.05733832060145 430.05733832060304 2099.9387676076435 2.2028667145709347E-12 0.40778261456966325 3.4069757369548876E-18
158.113883008419 0.0 143289.706791692 610.1399088972137 610.139908897215 2417.3096233957485 1.1329028817793378E-12 0.0 0.0
199.112604770344 0.0 242396.311453718 853.4534404702806 853.4534404702814 3181.123048827006 1.1329028817793378E-12 0.0 0.0
250.74224112452 0.0 406636.537662544 1178.74978376943 1178.7497837694305 NaN 0.0 NaN NaN
315.759374232801 0.0 675409.849512042 1609.78227979917 1609.7822797991707 NaN 0.0 NaN NaN
397.635364383525 0.0 1113739.2843427 2176.27862476032 2176.2786247603185 NaN 0.0 NaN NaN
500.741691018952 0.0 1822198.1572067 2914.73506567265 2914.735065672651 NaN 0.0 NaN NaN
630.583352447181 0.0 2959795.46101039 3870.83564292791 3870.83564292791 NaN 0.0 NaN NaN
794.092785792177 0.0 4779043.10534425 5099.99993374235 5099.9999337423515 NaN 0.0 NaN NaN
1000.0 0.0 7663938.6939745 6670.30201585094 6670.302015850939 NaN 0.0 NaN NaN
