# MgO, SESAME 7460
# Ariadne hugoniot_rhottab, bilinear interpolation
#rho v/v0 up us e p T s csqv cv gamma alphavol uc phi st
#g/cc - km/s km/s MJ/kg GPa K MJ/kg.K (km/s)^2 MJ/kg.K - 1/K km/s deg g/cc K
3.61983991 0.9903830249774777 0.0660241407194984 6.865375085707719 -6.007739932197181E-4 1.6251334140752178 299.0242690449149 NaN 51.17236311227756 9.415827882815101E-4 1.605583650745041 8.161436604122854E-6 138.6797301683442 17.940973298942993 3.61983991 299.0242690449149
3.76320004 0.9526541140236596 0.34194207147097533 7.22221296358991 0.055682981905324766 8.853618095103862 317.0316692362629 NaN 57.49194655134311 9.154656002051207E-4 1.551733613164912 6.56590930811908E-6 77.99939127946678 23.807506343255167 3.76320004 317.0316692362629
3.94239998 0.9093516685742273 0.6960908186595232 7.679025170248351 0.23949333631881783 19.163156449645122 356.2516873194012 NaN 73.73625968145873 8.820589015145368E-4 1.490599198050559 4.5228968415081785E-6 41.1082871157339 33.055965882509156 3.94239998 356.2516873194012
4.30079985 0.8335723877036502 1.4367921052777408 8.633135364096386 1.0294102278929547 44.46887181017609 575.8727570770079 NaN 103.00891049634266 8.147221179725921E-4 1.3866474170895924 2.5500666293089725E-6 29.67183261365662 39.65894514437861 4.30079985 575.8727570770079
4.3045728754089465 0.8328417484764763 1.4458164677401484 8.649387359359183 1.0452402799246585 44.83241496271609 580.242004 NaN 103.04051794691092 0.0010844632151290657 1.3786042723522107 3.3706708689029197E-6 29.789455544855105 39.58608818098568 4.3045728754089465 580.242004
4.754712388711679 0.7539947123849877 2.4768086527731095 10.068111449088883 3.120107659935648 89.39918460463667 1160.47998 NaN 106.81756397064987 0.0011869427702113483 1.2318729489158846 2.8789145645611847E-6 37.922091845680924 34.86141199685227 4.754712388711679 1160.47998
5.01760006 0.7144905845684322 3.0590605267604594 10.71439455730898 4.676153763407422 117.50292141872792 1760.2007839193811 NaN 109.51907527587439 0.0011868585327633639 1.1919315526000867 2.5743314529689297E-6 39.9058695775181 33.66244274300075 5.01760006 1760.2007839193811
5.12512016 0.6995012581324532 3.320639122963085 11.050426042804366 5.510550663292921 131.55083780791625 2075.2697231162533 NaN 165.3486097148979 0.0011860656412662 1.176968999084522 1.6472865382658967E-6 27.704218899167667 42.92071597790052 5.12512016 2075.2697231162533
5.348296473708906 0.6703121297824904 3.9039963220635996 11.841492134630132 7.643388792287539 165.732877721556 2901.20996 NaN 165.5648693310828 0.0012487234006100388 1.088495239922179 1.5350026167260092E-6 30.90790379873972 40.538173647198306 5.348296473708906 2901.20996
5.7343998 0.6251792907777375 4.888736725326156 13.042867176336342 11.947104239402515 228.59276594100098 4746.376137726029 NaN 166.61606755066438 0.0012511632053908682 1.0535040735555523 1.3795750602570987E-6 35.41487021008693 37.494926663957024 5.7343998 4746.376137726029
5.898202780799434 0.6078170136283599 5.344020028955468 13.626343351599076 14.27643231984633 261.0598837831748 5802.43018 NaN 186.44972947394942 0.0013047893454519296 0.9899205961552916 1.1745169936697086E-6 34.633550457063016 38.54406857572911 5.898202780799434 5802.43018
5.98528004 0.5989741459114752 5.5824730872338995 13.920481760264744 15.57923454471888 278.5951985779034 6390.085205490022 NaN 196.96230528671126 0.0013050766375721226 0.9845086523398682 1.0899032783344291E-6 34.296646166913966 39.04060795847089 5.98528004 6390.085205490022
6.12864017 0.5849630424623217 5.989557905717417 14.431384475378119 17.93463404338604 309.88137293123356 7471.015427622328 NaN 221.94987042328134 0.0013053175715712802 0.9759509813527314 9.365374967343205E-7 33.30132099929449 40.38463583291602 6.12864017 7471.015427622328
6.26984412008294 0.5717890160166496 6.4087449666714225 14.966325494631882 20.529655797956067 343.859372805137 8703.63965 NaN 235.6267307060782 0.0013582150950787676 0.9309228357256341 8.558564648435209E-7 33.8216005197995 40.41347497413404 6.26984412008294 8703.63965
6.45120001 0.555714904892555 6.941285509676796 15.623493981939976 24.087955252593783 388.7861162912812 10391.571595112064 NaN 252.87129181567536 0.0013577885407232008 0.9230241400580973 7.682545914252992E-7 34.41182010319429 40.45508648792259 6.45120001 10391.571595112064
6.561720403183049 0.5463548855664325 7.294407144635459 16.079545249249374 26.589948221347257 420.49073215265287 11604.9004 NaN 253.18443966847667 0.0014396184610858589 0.8760014096304558 7.590973584364964E-7 35.90111290144907 39.524947472621726 6.561720403183049 11604.9004
7.032816941346944 0.5097570475527529 8.784487743959353 17.918641563551315 38.55820275027219 564.305340157572 17407.3008 NaN 257.482336708892 0.0015458732281700685 0.821840420447507 7.015919838696276E-7 41.59763534158696 36.36274170773117 7.032816941346944 17407.3008
7.09632015 0.5051953581885676 8.984622387375666 18.157918556470737 40.35895426343004 584.868897170684 18257.641330912757 NaN 257.8414237159714 0.001544619497344409 0.820745188052338 6.928575706506414E-7 42.35380048469225 35.97258123461163 7.09632015 18257.641330912757
7.16800022 0.5001433998281881 9.223398207953183 18.452088468538566 42.532771948040626 610.1394660834098 19280.073226079163 NaN 407.3669769312301 0.0015432579569165745 0.8194078882109506 4.3306674443436246E-7 33.99696706438182 44.20958940286776 7.16800022 19280.073226079163
7.397314102216129 0.4846391474611005 10.099577384389626 19.597098488630948 50.88157211804648 709.5575015035632 23209.6992 NaN 413.20847760225126 0.0016980599210719286 0.762709006787534 4.237098921799104E-7 36.78303596568643 42.52370814379633 7.397314102216129 23209.6992
7.733210298788786 0.46358858242371925 11.346773324980875 21.153116718227384 63.9712761641178 860.4771702713972 29012.0996 NaN 423.13090179789964 0.0017487588280422598 0.758240437449673 4.052306606236643E-7 40.42462662409596 40.524654143069995 7.733210298788786 29012.0996
8.025464790311704 0.44670658879817476 12.451876384457519 22.505014757740245 76.8700815246738 1004.6312941240885 34814.6016 NaN 432.6386399443156 0.001892908891751691 0.7316956410951085 3.9890059190052025E-7 43.55736693175233 38.97684477618241 8.025464790311704 34814.6016
8.535989841749286 0.41998972192606526 14.434765628799028 24.88708592670664 103.43396660699833 1287.8828892027684 46419.3984 NaN 451.89977590248066 0.002095589019082762 0.6968352563105544 3.785647865409797E-7 48.96047873836219 36.64151498193464 8.535989841749286 46419.3984
8.96000004 0.4001147303566307 16.17508752329893 26.963635117953455 130.81396596373466 1563.5712034147132 57802.90745646483 NaN 467.39658965995596 0.0020698333744772254 0.6990078686100079 3.454807860319809E-7 53.822058576942744 34.79266569237392 8.96000004 57802.90745646483
8.966832775514318 0.3998098425332094 16.208608948452515 27.00578932660914 131.34765497726664 1569.2610750620704 58024.1992 NaN 468.22715721304917 0.0024205161835373482 0.6678723366207792 3.850399357307048E-7 53.90148566727911 34.775342060794955 8.966832775514318 58024.1992
9.967162483771668 0.3596839126318117 21.263177355498097 33.20731397346815 224.83315680512132 2531.363309132528 92838.7969 NaN 615.5120588753459 0.0027465611984450076 0.6425139198061106 2.876495621132491E-7 64.03677486564465 33.21793532331665 9.967162483771668 92838.7969
10.492224105053177 0.3416842762892769 24.233494882747298 36.811356633182854 292.7902788538755 3198.088232072955 116048.0 NaN 701.0779357693826 0.0031590871938939535 0.6162572541755722 2.6466090920216464E-7 70.12126083583219 32.331695084718525 10.492224105053177 116048.0
10.7519999 0.33342894655346866 25.782644502017458 38.67951416237969 332.3696185784104 3575.2057183738443 127979.29469583623 NaN 751.4433850821771 0.003142628401551056 0.6181915093646253 2.4045319362867553E-7 73.04562512229973 32.020758182221726 10.7519999 127979.29469583623
11.492326207194784 0.31194972500481144 31.119298489528806 45.228233488819434 482.5940384737043 5045.822689010266 174073.0 NaN 928.2989568020654 0.0035932246176577113 0.5963345484954001 2.0085309579129236E-7 84.23549028586514 30.8401260306211 11.492326207194784 174073.0
12.217990804911196 0.29342205745963956 37.29120961452257 52.777205980205736 693.8712882872003 7055.786393796629 232097.0 NaN 1152.35475042692 0.003954311070124912 0.5818523871897552 1.6341716071223762E-7 97.0508742516988 29.785662563495254 12.217990804911196 232097.0
12.5439997 0.2857962440799484 40.4882531465916 56.69005911966092 819.6465627146331 8228.648428391376 263728.8603270852 NaN 1277.9976089230465 0.0039366813215221275 0.5837242862195242 1.4334150043950629E-7 103.67772366873304 29.34142698548733 12.5439997 263728.8603270852
12.774491218181412 0.28063959172773756 43.01936557895091 59.80224249798996 924.39638889715 9223.038643366433 290121.0 NaN 1401.4007175124354 0.004246050922791363 0.5731010825738406 1.3592848597054272E-7 108.39965405020541 29.22927369809268 12.774491218181412 290121.0
13.224757442621806 0.2710845938425975 48.44583991739699 66.46291120774522 1171.014700108766 11543.258097186794 348146.0 NaN 1677.2917525281105 0.00463735071159917 0.5610339878645226 1.1729048629487169E-7 118.66814495944101 28.95894136090107 13.224757442621806 348146.0
13.89917413586177 0.2579310083431603 58.448536296610406 78.76428870327894 1705.3161259198334 16504.240745503546 464194.0 NaN 2251.5001978104524 0.005045596969042196 0.5528130319440718 8.913121857707016E-8 137.7361548987429 28.564774491952193 13.89917413586177 464194.0
14.3360004 0.25007170061183875 66.82243223275053 89.1050948300904 2232.6159671314244 21346.042520041727 569731.2418011441 NaN 2779.6592098475858 0.005019991124362332 0.5549249769240664 6.990651682675033E-8 154.3321348881798 28.202249461938685 14.3360004 569731.2418011441
14.372732021375649 0.24943260576125795 67.61113432378849 90.08003124404657 2285.1327833696796 21834.301577740753 580242.0 NaN 2823.7289685802166 0.005685408173523717 0.5428126181636979 7.604124987404157E-8 156.0730946824587 28.127941589916738 14.372732021375649 580242.0
15.2823771014087 0.23458575692845185 92.2909481519402 120.57647082916013 4241.571108454138 39894.61048866582 928388.0 NaN 4452.585928963221 0.00625607124086936 0.5389558928789929 4.9550916190009936E-8 209.29591259032512 26.621211540000886 15.2823771014087 928388.0
15.62824200158463 0.2293941954339135 106.83963001778672 138.64368706377195 5680.272579430326 53103.73008933912 1160480.0 NaN 5610.718914338317 0.006811350566865534 0.5387151689628789 4.1846948835707595E-8 240.94908508734147 26.0655674002018 15.62824200158463 1160480.0
16.095032908928964 0.22274126559947272 138.90675504546138 178.7136623850169 9598.808890404782 88996.65290037205 1740730.0 NaN 8790.960621654049 0.007468695398181286 0.5465156006797854 2.8848225730692674E-8 310.56934776448924 25.408072763381146 16.095032908928964 1740730.0
16.382135545840534 0.2188376472632866 191.3999962165994 245.01948352484132 18227.933586447656 168126.0838859903 2901210.0 NaN 15981.32508048426 0.007850820448982736 0.564197137193651 1.691852987140894E-8 425.4895386253239 25.043812669123348 16.382135545840534 2901210.0
16.370645508297667 0.2189912424762288 253.18117697566365 324.17200772291943 31896.32839993601 294238.48608057754 4641940.0 NaN 28146.927733898483 0.00785971119051055 0.5870042891065931 1.0012696680217323E-8 561.9621291258869 25.122803435717636 16.370645508297667 4641940.0
16.187076961611652 0.22147469913821058 317.5723531198697 407.9152633425434 50181.23966129017 464413.88434397656 6962910.0 NaN 45966.77228703727 0.00761514690101316 0.6143154049190397 6.287199637126587E-9 704.97735979469 25.485042656647558 16.187076961611652 6962910.0
15.816795688939102 0.22665956306858404 414.7912998480471 536.3631332843818 85620.08781090724 797592.5885809541 1.16048E7 NaN 83007.9554380712 0.0073391275820302035 0.6368199613797474 3.5597777473082153E-9 927.9025291543905 25.965781918589283 15.816795688939102 1.16048E7
15.494158338451633 0.2313793315964177 507.60611533579265 660.4117430124351 128279.37335237298 1201805.4927460307 1.74073E7 NaN 130686.76633463902 0.007139940085545617 0.6517074819487572 2.297987555597192E-9 1143.9495084205294 26.38554375261645 15.494158338451633 1.74073E7
15.133679717017664 0.23689070120657266 651.0580660560274 853.1648966739533 211208.8647434687 1991339.2502317503 2.90121E7 NaN 225951.21060133268 0.006996715464049729 0.661976059849604 1.354494623063603E-9 1484.2317586457714 26.76106698609582 15.133679717017664 2.90121E7
14.717642020989338 0.24358711775210107 996.4095636113115 1317.2826468134615 495455.7760064873 4705539.354336919 6.9629104E7 NaN 556840.7127956991 0.006945977095675846 0.6652398093565743 5.638224459382568E-10 2311.019543564747 27.086881356828773 14.717642020989338 6.9629104E7
14.57673243839811 0.24594181275882507 1279.8029279560274 1697.2203864510263 817895.7370996394 7787066.636704083 1.16048E8 NaN 935084.82216596 0.006925151701107557 0.6661628327716367 3.3845310276374723E-10 2986.293730997973 27.200345094733073 14.57673243839811 1.16048E8
14.463077784648155 0.2478744879464958 1801.5005160787348 2395.2126170539746 1621556.0997451225 1.5469312524641205E7 2.32096992E8 NaN 1878365.711838304 0.0069077801774821155 0.666554024987426 1.6948567222315827E-10 4225.831968977365 27.28111458273626 14.463077784648155 2.32096992E8
14.3907408078838 0.24912046209851713 2838.2063328634185 3779.842424252873 4026450.8442223356 3.846008253342498E7 5.80241984E8 NaN 4702731.808266226 0.00689465366069605 0.6666481914961296 6.791657822442967E-11 6680.741948981291 27.330513481781 14.3907408078838 5.80241984E8
14.365767585230675 0.24955352916092957 4007.081477015703 5339.596670413288 8026976.860321171 7.670597219588062E7 1.16048E9 NaN 9401710.92490315 0.006894637809049639 0.6666478403478208 3.4030803506542274E-11 9443.576631081076 27.347180696408852 14.365767585230675 1.16048E9
