#rho T p e s c^2 cv gamma alpha
0.1 0.0 -0.0038313080663005903 0.909168722787156 NaN -0.09536687077936826 6.0558139840073025E-5 0.7046623794215054 -0.004474619180047381
0.1301466 0.0 -0.005892403499935976 0.8981780331864506 NaN -0.11327026333364809 6.085022090042145E-5 0.7173858812549254 -0.0029611898167950113
0.1693814 0.0 -0.009062203721495342 0.8851897137188443 NaN -0.13476943239637043 6.12396623141593E-5 0.7342407115591525 -0.0019697637060104526
0.2204441 0.0 -0.013937989918197632 0.869838587762035 NaN -0.16066438171024208 6.175891753252447E-5 0.7566057793521908 -0.0013193233318169555
0.2869006 0.0 -0.021436048753982778 0.851698002071423 NaN -0.19201654156035328 6.247289345774057E-5 0.785465939599736 -8.907357403037043E-4
0.3733914 0.0 -0.03296784234040629 0.8302593034024057 NaN -0.23024035508944085 6.344649699217527E-5 0.8231730267494796 -6.07509428753659E-4
0.4859562 0.0 -0.05070354649289311 0.8049233151326837 NaN -0.27722683935231157 6.471218158692236E-5 0.872448825114402 -4.1907678374441604E-4
0.6324555 0.0 -0.0779813566192876 0.7749806307730549 NaN -0.3354117122405955 6.639976104653712E-5 0.935623107791243 -2.928594608493426E-4
0.8231194 0.0 -0.11993694484969002 0.7395924672120158 NaN -0.4080597568327067 6.86715026268127E-5 1.0156622989994708 -2.0765351087730235E-4
1.071262 0.0 -0.18447072962887642 0.697766764715763 NaN -0.4992574844438198 7.172212703463604E-5 1.114260711544827 -1.4942377170021245E-4
1.394211 0.0 -0.2837395684036487 0.6483300103058923 NaN -0.6143808404179397 7.58112618791537E-5 1.23369722845033 -1.0918831048676188E-4
1.814519 0.0 -0.4364407660007984 0.5898938611370979 NaN -0.7600283663376626 8.129589512297372E-5 1.3752455508243577 -8.106950927090188E-5
2.361534 0.0 -0.6712440633546498 0.5208208444971715 NaN -0.9418142039619692 8.863037508216563E-5 1.5376744932956135 -6.127559809899764E-5
3.073457 0.0 -1.030583309545869 0.43938928077041856 NaN -1.1740440670392298 8.590428518582053E-5 1.728240737627513 -4.1144096204846706E-5
4.0 0.0 -1.5814455941292116 0.3428697374226983 NaN -1.4299312134315008 1.1027682699713333E-4 1.9997057092407213 -3.855451200584668E-5
4.255996 0.0 -1.745110177328844 0.31791985422833874 NaN -1.474589430085379 1.0794017851454409E-4 1.9999374521860325 -3.43975267996231E-5
4.528376 0.0 -1.9233947996294036 0.29206487361308825 NaN -1.5150124703492311 1.0505182136249589E-4 1.9995424981270395 -3.061790970264168E-5
4.818187 0.0 -2.116328162361874 0.26531064882154876 NaN -1.5489813799738206 1.0154684863862104E-4 1.99985312879628 -2.7210386044367333E-5
5.126547 0.0 -2.323105434411228 0.23768050323141934 NaN -1.5718631442774307 9.745771379411238E-5 1.99934775780878 -2.418047817234548E-5
5.454641 0.0 -2.5415683171084447 0.20922661346500046 NaN -1.5785121612408504 9.27519633778131E-5 1.9994401339264225 -2.1538597083851345E-5
5.803732 0.0 -2.7673886415685574 0.18003786654388781 NaN -1.5561402927019206 8.768922499889677E-5 2.000422931112462 -1.942280537663854E-5
6.175165 0.0 -2.991095424415671 0.1503948972446313 NaN -1.5020872822079465 7.357197374999892E-5 2.0001287147119062 -1.5864508311112832E-5
6.57037 0.0 -3.2018483611807875 0.12031971255357447 NaN -1.392759799189785 6.526389025639932E-5 1.9995437725286018 -1.426060083785287E-5
6.990867 0.0 -3.3777630866457256 0.09018048748702534 NaN -1.1953442895474968 6.521521007967759E-5 2.0002637733598925 -1.5610331153867397E-5
7.438276 0.0 -3.4801664535210413 0.06074996415233617 NaN -0.8808579097366352 5.472950001411715E-5 2.0001740053486965 -1.6707486234421905E-5
7.914318 0.0 -3.4539989243893072 0.03272577863783245 NaN -0.39050243357688696 4.508757967837534E-5 1.9999341545280707 -2.9176646864090416E-5
8.420827 0.0 -3.2097010316965315 0.00733323905915983 NaN 0.355850397011492 3.625212760363375E-5 2.0007473992087763 2.420491495987318E-5
8.959752 0.0 -2.606935139003758 -0.013628389579538863 NaN 1.4763247501761834 2.8348089576808573E-5 1.9996567050697733 4.285498531755346E-6
9.533167 0.0 -1.42676327210208 -0.027523668896421334 NaN 2.6897110781980795 2.153286483596157E-5 1.9999189583829402 1.6794666294660461E-6
9.81 0.0 -0.5993024760897567 -0.030545486649793993 NaN 3.4645719238413433 1.87873028689352E-5 1.999996830432902 1.1055417678262606E-6
10.14328 0.0 0.5960907912209341 -0.030614947913964394 NaN 4.423867398778277 1.591192709731979E-5 1.9996983123824263 7.090987917604068E-7
10.79244 0.0 3.391601605623725 -0.019269861307707952 NaN 5.90496242516322 1.1478785670655017E-5 2.0014219379836535 3.6049381792798584E-7
11.48315 0.0 7.035788421771784 0.00924348811370981 NaN 7.53752172620039 8.12958951229557E-6 1.9989368610834513 1.8774919304057739E-7
12.21806 0.0 11.675100524107593 0.05758366343517198 NaN 9.845219735931853 5.6825992958221955E-6 2.009925943547456 9.495097355378557E-8
13.0 0.0 17.87167247086827 0.12938905207933166 NaN 12.613074324580499 3.959321039926367E-6 1.9546027742652659 4.719705728599691E-8
13.97972 0.0 27.596369093168814 0.2502953935936546 NaN 15.843982581283841 2.6287295429016366E-6 1.854538283043254 2.2009941059058728E-8
15.03328 0.0 40.43196506654917 0.41896698577346925 NaN 19.421854952147594 1.7849398130762429E-6 1.8141568089187643 1.1090572033834628E-8
16.16624 0.0 56.908245715469384 0.6438133117302779 NaN 23.139518871306038 1.2656845947470985E-6 1.7446931509467742 5.903114454094142E-9
17.38458 0.0 77.61742636438957 0.9331739311978847 NaN 26.745948095516965 8.762431809732174E-7 1.4913173587558286 2.8104283902790914E-9
18.69473 0.0 103.93522337769942 1.2959954675539886 NaN 39.14210988856391 6.490690229564686E-7 2.6745505284228255 2.3723472613020445E-9
20.10363 0.0 138.133 1.7462192337769948 NaN 28.756097078022762 3.2453451144220373E-7 0.0 0.0
21.6187 0.0 181.7005 2.299752233776994 NaN 33.63048255036031 3.245345115142649E-7 0.0 0.0
23.24796 0.0 236.4933 2.9731382337769956 NaN 39.02325289376953 3.245345113701426E-7 0.0 0.0
25.0 0.0 304.8636 3.7840572337769935 NaN 39.02325289376954 3.245345115142649E-7 0.0 0.0
