#rho v/v0 up us e p T s csqv cv gamma alphavol uc phi st
9.845638 0.9956388808932443 0.008015883804442426 1.8380336808561915 -8.35252742597679E-4 0.1443447066167287 294.36566851966415 NaN 3.41481311454378 1.2260738298783773E-4 1.0410260673529435 3.7963602953287393E-6 189.71384734092678 7.9477155696453385 9.845638 294.36566851966415
9.892617 0.9909106963304048 0.01684383153555064 1.85314872820184 -7.255626546380892E-4 0.3058996780230951 295.83579816276375 NaN 3.5121356511177764 1.2260745748821954E-4 1.0360817142463465 3.6561871551816783E-6 91.9630921986864 11.419776752831144 9.892617 295.83579816276375
9.922931720912882 0.9878834477254852 0.022580160803493215 1.8635796959327269 -6.217137081783232E-4 0.41241389701259445 296.6443 NaN 3.523028401394729 1.2260720538874039E-4 1.0329339001176914 3.622700050318083E-6 97.23471205364272 11.102885261504467 9.922931720912882 296.6443
9.939597 0.9862271075980245 0.02573403450966822 1.86845535117787 -5.363393871118788E-4 0.47125916478931373 297.31945781131776 NaN 3.610423959966462 1.2260720604943094E-4 1.0312020203486727 3.5231632903233625E-6 61.86196638719719 13.930957932816801 9.939597 297.31945781131776
9.986577 0.9815875850153661 0.034686602271978784 1.883870328847493 -2.659187595213458E-4 0.6404750027873836 298.8274486862315 NaN 3.709251069485888 1.2260719673688321E-4 1.026335788298543 3.3970547815559554E-6 47.268427379967505 15.946936625297216 9.986577 298.8274486862315
10.03356 0.9769912174741567 0.043701858549710856 1.8993555395912516 8.738834282276826E-5 0.8135936873358837 300.37079799992483 NaN 3.8092116853409803 1.2260721536197866E-4 1.0215297283017484 3.277003300540854E-6 38.5879609146248 17.662216280796905 10.03356 300.37079799992483
10.08054 0.9724379844730542 0.05277914896720466 1.914923417541995 5.252428412388854E-4 0.9906565361675199 301.96035288738176 NaN 3.9094979364725613 1.2260721536197866E-4 1.016783994641174 3.1632968196617926E-6 32.89528709793621 19.14451025804853 10.08054 301.96035288738176
10.082295688514655 0.9722686482173737 0.05312120914056128 1.915565081607086 5.43786574130419E-4 0.9974116258212932 302.0134 NaN 3.91014277959984 1.226047076404116E-4 1.0165926020820133 3.1615644891409156E-6 32.94811005373008 19.12910252510735 10.082295688514655 302.0134
10.12752 0.9679269949602666 0.06191851869915018 1.9305493396219926 0.0010493368310362562 1.1716999270144404 303.60731073453877 NaN 4.010253105853781 1.226046897116881E-4 1.0120242906312742 3.0550837892641186E-6 28.865978621477115 20.454344722297943 10.12752 303.60731073453877
10.1745 0.9634576637672613 0.07111964143892384 1.946225905918051 0.0016613491978178735 1.3567566033636855 305.32277797247673 NaN 4.111361817671509 1.2260467108693955E-4 1.0073514964680343 2.9524957296163276E-6 25.86983268355289 21.625861382103 10.1745 305.32277797247673
10.22148 0.9590294164837186 0.08038204056716439 1.9619452218741567 0.0023629462159820234 1.545853351004241 307.11788101555805 NaN 4.212757415799969 1.2260467108693955E-4 1.0027215042062416 2.855006559958917E-6 23.55774762619554 22.683786407538054 10.22148 307.11788101555805
10.228686943528633 0.9583537021046341 0.08181438664538469 1.9645056290702974 0.0024815567298991886 1.5754541984412822 307.3826 NaN 4.2154448152929715 1.2260676835968776E-4 1.0020165273436106 2.849220334775585E-6 23.66155707925125 22.633584767964912 10.228686943528633 307.3826
10.26846 0.9546416892114301 0.089705177202081 1.9777010131666157 0.0031557822392223305 1.7390141764759999 309.00373594446296 NaN 4.314335006017546 1.2260676835968776E-4 0.9981353942499437 2.7623882696703268E-6 21.723093690933684 23.645658523899204 10.26846 309.00373594446296
10.31544 0.9502939283249188 0.09908839407873134 1.993486725856199 0.004041490927527007 1.93625801294422 310.9914540090132 NaN 4.416046054039034 1.2260676835968776E-4 0.9935895483313789 2.6742383269546685E-6 20.233657435879064 24.525617759247694 10.31544 310.9914540090132
10.3553364049364 0.9466326941659802 0.1071094085713034 2.00702296841496 0.004870992647348977 2.1072136195504987 312.7517 NaN 4.43095195610791 1.226065821087345E-4 0.9897630110043802 2.6447446801270034E-6 20.6015861605735 24.300939379749256 10.3553364049364 312.7517
10.36242 0.9459855902385736 0.10853099770688712 2.009297115089334 0.005021688248679813 2.1376017685414457 313.0921078962319 NaN 4.517784616198704 1.2260658210873446E-4 0.9890864238385607 2.5903670888433876E-6 19.003025208696563 25.333963836428076 10.36242 313.0921078962319
10.4094 0.9417161411800873 0.11803219468012152 2.0251266314541914 0.006097962847009027 2.343057736375801 315.31669154939436 NaN 2.2989001182025532 1.2260658210873463E-4 0.9847683857252046 5.045475291229568E-6 -7.85536829497804 NaN 10.4094 315.31669154939436
10.447633849318883 0.9382698648688833 0.12378501881051301 2.005260778185401 0.006801011920169249 2.433155355205345 312.7517 NaN 1.7978977382541388 1.4432499998655256E-4 -2.7605534732290784 -2.1210690177299706E-5 -4.973502193728966 NaN 10.447633849318883 312.7517
10.45638 0.9374850569700031 0.12517655564747376 2.002346152461654 0.006966712562775972 2.456932308222492 312.3019500335374 NaN -0.8133158003896777 1.491149354640441E-4 -3.4642480234952964 6.0742065464595654E-5 NaN NaN 10.45638 312.3019500335374
10.48974764086408 0.9345029390232801 0.12881870276699967 1.966786003005333 0.007444645877295572 2.48351749478877 307.3826 NaN -0.8165211339929282 1.491822685903836E-4 -3.45048625529368 6.00986945745528E-5 NaN NaN 10.48974764086408 307.3826
10.50336 0.9332918228071778 0.13030455734095492 1.9533520900189694 0.007621730837766928 2.495004866161496 305.25598522217723 NaN -0.8185356846573859 1.4912910675705785E-4 -3.4469341369504525 5.979013486780604E-5 NaN NaN 10.50336 305.25598522217723
10.525823439191631 0.9313000599554835 0.13269869550245272 1.9315693058315029 0.007953611837509393 2.512512956297965 302.0134 NaN -0.8206134600898296 1.4915466526818408E-4 -3.4380242574023354 5.936781446364467E-5 NaN NaN 10.525823439191631 302.0134
10.55034 0.9291359330599771 0.13531552578557637 1.9095083252856948 0.008287202566424168 2.532798623208014 298.2568405882261 NaN -0.8291465952528322 1.4811011156432174E-4 -3.4556163365538914 5.8507622447187184E-5 NaN NaN 10.55034 298.2568405882261
10.561670243309576 0.9281391838766831 0.1364980530655221 1.899478191721125 0.008459396607945811 2.5415127528057186 296.6443 NaN -0.8299445161670108 1.4816077957233306E-4 -3.4514463985259662 5.833815957337024E-5 NaN NaN 10.561670243309576 296.6443
10.59732 0.9250168910630234 0.14023122877689162 1.870170906020397 0.00896442068258989 2.5707374360905333 291.2868609487244 NaN -0.8474887581512508 1.4713061779441608E-4 -3.4960497773675514 5.727309746904416E-5 NaN NaN 10.59732 291.2868609487244
10.597403147558872 0.9250096333513619 0.1402397502368269 1.8701035413509843 0.00896571791320952 2.5708010495558034 291.2752 NaN -0.8474927425960886 1.4713125761842616E-4 -3.4960069328212375 5.727192601375268E-5 NaN NaN 10.597403147558872 291.2752
10.63435728390175 0.9217952470751845 0.14402730974849232 1.8416695195873471 0.009513937242564318 2.6000900741581363 285.906 NaN -0.8502576731522412 1.4729216564934018E-4 -3.479987877513094 5.6688579107892116E-5 NaN NaN 10.63435728390175 285.906
10.6443 0.9209342089193278 0.14504732458543138 1.834514302619662 0.009651350526441517 2.60833105854398 284.39525913730546 NaN -0.8516247337130197 1.4724925965245583E-4 -3.4778150986706318 5.64929477088606E-5 NaN NaN 10.6443 284.39525913730546
10.671419565590213 0.9185938140421934 0.147771034246582 1.815231023391426 0.01006365329878027 2.629379163214911 280.5369 NaN -0.8529231031984281 1.474593435580876E-4 -3.464034615748717 5.612061812878332E-5 NaN NaN 10.671419565590213 280.5369
10.69128 0.9168874073076375 0.14976891036354675 1.802000220567173 0.010347316322676115 2.6455050339377366 277.5754808791682 NaN -0.858214102642267 1.4666741167048488E-4 -3.470092617533867 5.5468873197886385E-5 NaN NaN 10.69128 277.5754808791682
10.708433919052766 0.9154186386263955 0.1514602601230953 1.7907049220227114 0.010614015544841825 2.658611476985649 275.1678 NaN -0.8593241186563623 1.4672984141135784E-4 -3.462497119105651 5.521091015146535E-5 NaN NaN 10.708433919052766 275.1678
10.73826 0.9128760152948429 0.15440492241509002 1.7722435783627601 0.011052359125032659 2.6823585071926144 270.79936641412627 NaN -0.8634349593692434 1.463615876031363E-4 -3.45738978967997 5.4577283180551636E-5 NaN NaN 10.73826 270.79936641412627
10.745485489799396 0.9122621783171757 0.15510490302709706 1.7678225883907555 0.011166957546397032 2.6877972306561295 269.7987 NaN -0.863931662607938 1.4637619979665953E-4 -3.454574335384822 5.447027616011181E-5 NaN NaN 10.745485489799396 269.7987
10.782795733827916 0.909105601365224 0.15873107989710358 1.7463241110698489 0.011732107500047812 2.717185341568714 264.4295 NaN -0.8764070830916587 1.4580799020961558E-4 -3.480610828772698 5.370312198757057E-5 NaN NaN 10.782795733827916 264.4295
10.78523 0.9089004128794657 0.15896838455697032 1.7449956644330173 0.01176735906457144 2.719177542656263 264.0672022076768 NaN -0.8836055284315775 1.4524221936637426E-4 -3.5073855910843195 5.345502715287762E-5 NaN NaN 10.78523 264.0672022076768
10.820803046964887 0.9059124315870019 0.16237012796952752 1.7257341294739665 0.012322432805080621 2.7467087158665167 259.0604 NaN -0.8849096572830311 1.4553414814207977E-4 -3.488663685516263 5.30231574368325E-5 NaN NaN 10.820803046964887 259.0604
10.83221 0.9049584526149327 0.1634623902733292 1.7199045551210383 0.012491828550333236 2.755845206514024 257.39868447996594 NaN -0.8862061993515977 1.4550110819317924E-4 -3.4857238933119077 5.28332625222035E-5 NaN NaN 10.83221 257.39868447996594
10.859023396152248 0.9027239045707792 0.16598326381500295 1.7063109192717778 0.01291773362814022 2.7762284099977887 253.6913 NaN -0.887011630798061 1.4572115124765716E-4 -3.4717319492983636 5.252289991054349E-5 NaN NaN 10.859023396152248 253.6913
10.87919 0.9010505377698157 0.16788155622567402 1.6966393999710092 0.013223927395279575 2.7920637636964396 250.81087716168554 NaN -0.8885581159697699 1.4575728227668902E-4 -3.46438954631335 5.223656154600508E-5 NaN NaN 10.87919 250.81087716168554
10.897493297716887 0.8995371442030385 0.16957447666794132 1.6879320752204827 0.013519309522502812 2.805745739941314 248.3221 NaN -0.8889913678444862 1.4590821036975846E-4 -3.4549019682969373 5.203449032678549E-5 NaN NaN 10.897493297716887 248.3221
10.92617 0.8971762291818632 0.17223349610293284 1.6750357892199879 0.013963974710958083 2.8279691643649025 244.26708026554678 NaN -0.8967172686465469 1.446294537259501E-4 -3.4657321224809303 5.115973082481767E-5 NaN NaN 10.92617 244.26708026554678
10.93589910139343 0.8963780580922661 0.17312061525997988 1.6706945659648826 0.0141235091030704 2.8351682779930893 242.953 NaN -0.8971069258019474 1.4467458151805158E-4 -3.461251825949062 5.104188780205326E-5 NaN NaN 10.93589910139343 242.953
10.97315 0.8933350952096709 0.17652712895371717 1.6549691700444116 0.01471266721647172 2.8637459415127866 237.74558881462855 NaN -0.9229710180680106 1.4390121249371394E-4 -3.4743735421567985 4.9365277467494956E-5 NaN NaN 10.97315 237.74558881462855
10.974357760635987 0.8932367810316321 0.1766358324362432 1.6544633455514042 0.014732779121795485 2.864633616991385 237.5839 NaN -0.9245089111712046 1.4428603488485237E-4 -3.5437334104117557 5.039589081505468E-5 NaN NaN 10.974357760635987 237.5839
11.01355268969831 0.8900579382681032 0.18017313684203115 1.6388007829196334 0.015367422242310554 2.894339399906086 232.2148 NaN -0.9153596070002414 1.439944489737922E-4 -3.4863701501928004 4.979664309838491E-5 NaN NaN 11.01355268969831 232.2148
11.02013 0.8895267115723681 0.18076776241376574 1.636302901693578 0.015470213296684788 2.8994655890689423 231.28896935516687 NaN 2.013625984829832 1.4387804514639046E-4 -3.488246175957147 -2.2617058982073556E-5 -63.59377565323913 NaN 11.02013 231.28896935516687
11.06711 0.885750661193392 0.18821218049950816 1.647380916734218 0.016843601795179006 3.039314242946654 232.1769843263368 NaN 5.924520541909196 1.2000856738434051E-4 1.8070162895661794 3.307401223398649E-6 4.113164970872992 49.78192452377153 11.06711 232.1769843263368
11.06728394285774 0.8857367399818238 0.18825569083496607 1.6475609990912186 0.016851831453980937 3.040349208335057 232.2148 NaN 5.924666399351185 1.2001265816899029E-4 1.806959949645497 3.307277436279464E-6 4.114115150500074 49.7778959690662 11.06728394285774 232.2148
11.091520256433366 0.8838012980514716 0.19430066181776204 1.6721414143148503 0.018010534690647746 3.1847963979488547 237.5839 NaN 5.945992246931132 1.2000990778391059E-4 1.8030528449437484 3.281029553211606E-6 4.244657844995619 49.23490647226335 11.091520256433366 237.5839
11.11409 0.8820065340482217 0.1999008641950794 1.6941689320048894 0.019111835392680576 3.3197565420347357 242.76947812654814 NaN 5.942834582095963 1.2001080255536273E-4 1.7993779111399013 3.269453565610101E-6 4.377238049794519 48.666143564019585 11.11409 242.76947812654814
11.114927662973871 0.881940062700977 0.2001067308837366 1.694958810429528 0.01915320577110794 3.3247248732702626 242.953 NaN 5.943557828118903 1.2001080255536335E-4 1.7992423032171176 3.268563001617642E-6 4.381568541817014 48.64898282048439 11.114927662973871 242.953
11.138983934557764 0.8800353836212964 0.20600424347294125 1.7172083710302406 0.020353133775972206 3.4676437772953785 248.3221 NaN 5.9642797451620995 1.2000670490948361E-4 1.795384438738955 3.243092868291339E-6 4.504639895389243 48.168567125368554 11.138983934557764 248.3221
11.16107 0.8782939270159581 0.2113955349240127 1.7369349757241026 0.021475662288299936 3.5992752853571606 253.42558391585192 NaN 5.9604906394371495 1.2000670490948361E-4 1.7918316451261307 3.232323884215525E-6 4.63009289296442 47.658641846428026 11.16107 253.42558391585192
11.162273690497694 0.8781992156620312 0.21168673959423787 1.7379751759796256 0.02153755438125018 3.6063920472964055 253.6913 NaN 5.961508322944363 1.200089400458177E-4 1.7916384218828645 3.2311353137173483E-6 4.635997554739186 47.63658468681597 11.162273690497694 253.6913
11.186160643805946 0.8763239070259551 0.21745335836352778 1.7582489318219596 0.022777324232478274 3.7478532088913634 259.0604 NaN 5.981647614284783 1.200089400458177E-4 1.787812553053376 3.2065181735189096E-6 4.751913481893899 47.20949517338347 11.186160643805946 259.0604
11.20805 0.8746124437346371 0.22271854935683955 1.7762412474607212 0.023933371128492986 3.877883464695286 264.1467804668214 NaN 5.977490807447563 1.200089400458177E-4 1.7843209496270898 3.196226867633239E-6 4.8719670496524135 46.74502090306638 11.20805 264.1467804668214
11.20932137071713 0.8745132444510206 0.22302178946050444 1.7772536112263706 0.024001270062156084 3.8853767148279514 264.4295 NaN 5.978543427089233 1.2000670490948425E-4 1.7841185704347826 3.194879746308571E-6 4.877875603994341 46.72410889170673 11.20932137071713 264.4295
11.233049052692671 0.8726660013694321 0.22867086042489257 1.7958350706344473 0.025279595744434426 4.025446221583988 269.7987 NaN 5.998159894472205 1.200089400458177E-4 1.7804234776117867 3.171182370047876E-6 4.9869102892077555 46.343027616388966 11.233049052692671 269.7987
11.25503 0.8709616944601658 0.23388771488319027 1.8125448401133024 0.026483295680920945 4.155594904941534 274.93486469477705 NaN 5.9939141986429245 1.200089400458177E-4 1.7770108471619486 3.1611601606109117E-6 5.1030457472973305 45.913724597046134 11.25503 274.93486469477705
11.256069985595396 0.8708812234238682 0.23413257194240036 1.8133115736606262 0.026540861033031618 4.1617052385644415 275.1678 NaN 5.994705845560832 1.2000889881586669E-4 1.776709394645121 3.159913448489765E-6 5.107657253116015 45.89811313768911 11.256069985595396 275.1678
11.279646697714456 0.8690609079082483 0.2396748142453122 1.8304297854560276 0.027856484707615776 4.300439090801499 280.5369 NaN 6.013774297773447 1.2000805345867467E-4 1.7730082068045125 3.136739954978543E-6 5.210132374524365 45.556747523086514 11.279646697714456 280.5369
11.30201 0.8673412959287773 0.24491736029835767 1.8462215654305258 0.029123790118692473 4.432420619470266 285.7912595373122 NaN 6.009622890642829 1.200089400458177E-4 1.769486880605123 3.1264971653725524E-6 5.323685285394632 45.15429041645253 11.30201 285.7912595373122
11.302518692328743 0.8673022595090507 0.24503570455992527 1.8465702856231991 0.029152916271487243 4.435400038638934 285.906 NaN 6.01003808510507 1.2000484243462735E-4 1.7694347025254427 3.1259415523786783E-6 5.325787479051398 45.147538431749865 11.302518692328743 285.906
11.325952034367976 0.8655078151712322 0.2504800160365596 1.8624131681366083 0.030504645895729057 4.572849863829601 291.2752 NaN 6.02859688284527 1.2000707753627267E-4 1.7657737503622466 3.103494309755422E-6 5.421972005646296 44.84089630501922 11.325952034367976 291.2752
11.348683384030382 0.8637742078340245 0.2557483382784696 1.8773855832445412 0.03183518395699378 4.706568131841362 296.6443 NaN 6.046507680965022 1.2000707753627203E-4 1.7622369153668709 3.081917902622198E-6 5.51328472384495 44.55517648831765 11.348683384030382 296.6443
11.34899 0.8637508712229017 0.2558193194889802 1.8775849929102817 0.03185326513335762 4.70837449444919 296.717838440722 NaN 6.024781875748338 1.2000707753627203E-4 1.7621893049644912 3.0928643977885944E-6 5.534027589688294 44.45902057994565 11.34899 296.717838440722
11.37196333794062 0.8620059446810702 0.2610987223159222 1.8921012337268779 0.033220831208258944 4.842697946342195 302.0134 NaN 6.042603626021985 1.2000484243462607E-4 1.7586293769894135 3.0712384534959784E-6 5.622928381096356 44.186792006949325 11.37196333794062 302.0134
11.394586991685422 0.8602944544767605 0.2662865727720531 1.9060558532213536 0.034586079489200956 4.975346769650512 307.3826 NaN 6.0600649599144525 1.2000707753627203E-4 1.755137664466662 3.050297353502114E-6 5.708585698811789 43.928861180096035 11.394586991685422 307.3826
11.39597 0.8601900496403553 0.26660337299858305 1.9068984168349754 0.0346701521098132 4.983468004946306 307.71593125540966 NaN 6.039354367594359 1.2000707753627203E-4 1.7549246619769059 3.060014796099482E-6 5.734381997119491 43.82064093768449 11.39597 307.71593125540966
11.417679167307416 0.8585545150076003 0.27154124064533103 1.9197589846004752 0.03600188959575652 5.110003084990724 312.7517 NaN 6.055857124003069 1.2000607568086494E-4 1.7516025338220307 3.040082316998897E-6 5.813429139136336 43.58740900121335 11.417679167307416 312.7517
11.44019912240744 0.8568644562138661 0.27665389489966197 1.9328105904500186 0.037400795692212024 5.241612581785076 318.1208 NaN 6.072889835383033 1.200053240845334E-4 1.7481654647393223 3.0196323123397815E-6 5.893673083852494 43.35411589256056 11.44019912240744 318.1208
11.44295 0.8566584665667507 0.27727778785470475 1.934385528140219 0.0375729287703876 5.257714125768585 318.7870941303825 NaN 6.053359848078304 1.2000521502672635E-4 1.7477467952288868 3.027918224042845E-6 5.925030439488055 43.233102001224886 11.44295 318.7870941303825
11.463097827170683 0.8551527822404965 0.28181627220942873 1.9456105306581812 0.0388447411958074 5.3747835255411 323.4899 NaN 6.068344619645993 1.2000484243462683E-4 1.744647834440143 3.0097769490519613E-6 5.993969996271997 43.03645448977067 11.463097827170683 323.4899
11.485518309139486 0.8534834681513328 0.2868583859609272 1.957856784770303 0.040276322180493596 5.5053842143964635 328.8591 NaN 6.084966504617318 1.2000521502672753E-4 1.7412691924011725 2.989904007742374E-6 6.069043111814046 42.82508858060047 11.485518309139486 328.8591
11.48993 0.8531557633510387 0.2878495560650634 1.9602373415116219 0.04056009674850217 5.531124254968336 329.9329429031894 NaN 6.066790368655306 1.2000521502672765E-4 1.7406006120545707 2.9965593230550946E-6 6.10629311941817 42.69106575165087 11.48993 329.9329429031894
11.508218764015178 0.8517999354210983 0.29193151209355556 1.9698474013695948 0.041746453337407355 5.637062837092816 334.2282 NaN 6.080126885354017 1.2000521502672685E-4 1.7378344642700025 2.9804907180365775E-6 6.164975313029504 42.52880119065094 11.508218764015178 334.2282
11.523248328610043 0.8506889481555086 0.29673002370475643 1.987327930780388 0.04315532654990125 5.780567831928538 344.9664 NaN 4.396422349453623 3.0739768022072637E-4 -4.0015337632160035 -2.4280227033422804E-5 10.259230553819538 31.968106256778373 11.523248328610043 344.9664
11.530542610449016 0.8501507978572284 0.29690692414693015 1.9813714047275768 0.04320969926721878 5.766677654632441 339.5973 NaN 27.348931460588435 2.2131909777612304E-5 44.22930459795453 3.1041228045920207E-6 2.922810838145844 68.18854123489001 11.530542610449016 339.5973
11.53691 0.84968158718409 0.2993400057808715 1.9913728476328663 0.04393360339062092 5.843282523691459 346.1476619730698 NaN -2.39741448811189 3.84236012813829E-4 -4.730620341139915 6.571787797578453E-5 NaN NaN 11.53691 346.1476619730698
11.545813780934935 0.849026338549366 0.3006265273180913 1.9912514834012387 0.04433084792253508 5.868038838176356 344.9664 NaN -2.3892559298683866 3.865918109541481E-4 -4.697692702137727 6.583396818569126E-5 NaN NaN 11.545813780934935 344.9664
11.58389 0.846235590980232 0.30618702162128986 1.991273686630086 0.046006600778605786 5.976644332384659 339.82780401068766 NaN -2.4659547660699643 3.8220930882270704E-4 -4.776511599820544 6.391055165476244E-5 NaN NaN 11.58389 339.82780401068766
11.585678846100489 0.8461049309423414 0.30644190561614565 1.991239274218289 0.04608722040021353 5.981516258473409 339.5973 NaN -2.464466735321354 3.8263368408318084E-4 -4.770490133209884 6.392956582228111E-5 NaN NaN 11.585678846100489 339.5973
11.62213972357306 0.8434505377798281 0.31156178174329163 1.9901811052222573 0.04767517896279971 6.0782219859256275 334.2282 NaN -1.1371994888247956 3.447428355339815E-4 -4.4980081114420924 1.1732558695765368E-4 NaN NaN 11.62213972357306 334.2282
11.63087 0.8428174332616563 0.3128877649420334 1.9906009389889059 0.048080702448712105 6.105378479813376 333.36451121869993 NaN -2.509155767144606 3.4457730345868043E-4 -4.780526300821406 5.644462023399404E-5 NaN NaN 11.63087 333.36451121869993
11.663622825174192 0.8404507027475489 0.31745885640739147 1.9897226868074736 0.049535127825304316 6.191842313214369 328.8591 NaN -2.476309001458682 3.520708142336015E-4 -4.672942909320347 5.6961602182045215E-5 NaN NaN 11.663622825174192 328.8591
11.67785 0.8394267780456164 0.3194473428942747 1.9894185282339587 0.05015459944709685 6.229674598991135 326.8184409786749 NaN -2.5105655842129218 3.3648960739029765E-4 -4.710178681218825 5.405981738434023E-5 NaN NaN 11.67785 326.8184409786749
11.70206620902892 0.8376896716270983 0.3227537355587299 1.9884978287839798 0.05123167262509497 6.291241825204636 323.4899 NaN -2.4890224081507517 3.4134734530042284E-4 -4.626713656710927 5.422228238035722E-5 NaN NaN 11.70206620902892 323.4899
11.72483 0.8360632947343373 0.3258794565073769 1.9878370495447164 0.05222997860538681 6.350059544038959 320.28857961665136 NaN -2.549313130772313 3.333035331806072E-4 -4.704401585280399 5.2458342903713967E-5 NaN NaN 11.72483 320.28857961665136
11.740939314134948 0.8349161628148868 0.328041645347907 1.9871215192318585 0.05295005656854576 6.389891397471467 318.1208 NaN -2.5314634012303343 3.368346260113784E-4 -4.648907433218369 5.268574583251903E-5 NaN NaN 11.740939314134948 318.1208
11.77181 0.8327266580075622 0.33223798982261543 1.9861980747514174 0.05432228119930576 6.468625145532857 313.96557901245274 NaN -2.642199654056658 3.3506732972006883E-4 -4.806398327294617 5.177772555636736E-5 NaN NaN 11.77181 313.96557901245274
11.781199723727703 0.8320629672593579 0.33348783146473765 1.9857909004487904 0.054747150142438264 6.491628606278944 312.7517 NaN -2.6338202636444223 3.36792350529556E-4 -4.778119363954376 5.1861319297074766E-5 NaN NaN 11.781199723727703 312.7517
11.81879 0.8294165477176597 0.3384991681679445 1.9843611067718312 0.05642205564848768 6.584435500451954 307.7751962176264 NaN -2.4529968351465885 3.3241697863701527E-4 -4.748709815381626 5.444886427290274E-5 NaN NaN 11.81879 307.7751962176264
11.821880976802673 0.8291996865164872 0.3389023033891478 1.9842018815841442 0.05656181769539284 6.591748354557384 307.3826 NaN -2.524740557573499 3.2012967510686326E-4 -4.521204559423368 4.8492743094103275E-5 NaN NaN 11.821880976802673 307.3826
11.862910676632673 0.8263317719578859 0.34430242746175693 1.9825297427360429 0.058406246170821796 6.691140036273366 302.0134 NaN -2.7107637105658147 3.246501083693155E-4 -4.814027531618617 4.8600551612562684E-5 NaN NaN 11.862910676632673 302.0134
11.86577 0.8261326487872258 0.34467674561365425 1.9824121274605948 0.05853221389337511 6.698017195145201 301.620515290719 NaN 0.8641888496161921 3.086811569909294E-4 -4.770000775409947 -1.4358993028784316E-4 -2.602512139870554 NaN 11.86577 301.620515290719
11.91275 0.8228746511091057 0.352102048125569 1.987869327176072 0.06111908296312164 6.861148836473783 300.3305625393146 NaN 7.050003729944058 1.6010877055744934E-4 1.611709943679433 3.0725618469376586E-6 5.177625330627566 46.45486896155617 11.91275 300.3305625393146
11.918745965846849 0.822460687398626 0.35358744089270705 1.9916008218788757 0.06164442700552396 6.903027699906082 302.0134 NaN 7.054664759933917 1.6010741334267307E-4 1.6107976498056833 3.0672239336218708E-6 5.196034372042598 46.39240208196725 11.918745965846849 302.0134
11.93765645094214 0.8211578244259454 0.35826625335937456 2.0032537191487276 0.0633111686317491 7.035297164132802 307.3826 NaN 7.069581332561643 1.6010877055744866E-4 1.608295648205522 3.0511828730820365E-6 5.253464909970333 46.1993001410038 11.93765645094214 307.3826
11.95623857823176 0.8198815987034066 0.3628554602547257 2.014538534889763 0.06496388733773349 7.165556449358788 312.7517 NaN 7.084138182210274 1.6010863214096686E-4 1.6058418082704522 3.03553966053018E-6 5.309229907230561 46.01381673486594 11.95623857823176 312.7517
11.95973 0.8196422494487752 0.3637168476969626 2.0166410735626275 0.06527610208815343 7.190063463385804 313.77102010086156 NaN 7.213221115935154 1.6010877055744975E-4 1.6053788531652713 2.9794907399990233E-6 5.244072227737803 46.38878705604401 11.95973 313.77102010086156
11.97453137321302 0.8186291132802576 0.3674119629893888 2.0257493891901213 0.06662926350803772 7.295915227460277 318.1208 NaN 7.224951038310229 1.6010877055744983E-4 1.6032973446345744 2.9671244442904477E-6 5.288579966247235 46.240029793032015 11.97453137321302 318.1208
11.992530845580758 0.8174004408429176 0.371898302835627 2.0366878460845528 0.06828752377563359 7.424881448010807 323.4899 NaN 7.239308272450067 1.6010392609699668E-4 1.6010065956476385 2.952481521204419E-6 5.342044060114009 46.06320533707243 11.992530845580758 323.4899
12.00671 0.8164351433490107 0.3754271932663326 2.0452018982050033 0.06960389099784152 7.526669302303752 327.7824305743293 NaN 7.378941492658025 1.6010392609699668E-4 1.5991159095441254 2.8897737248261013E-6 5.30803036955583 46.33250490805902 12.00671 327.7824305743293
12.010241371369755 0.8161950869170594 0.3763165892670117 2.0473695885223795 0.06993896790099391 7.55249679179427 328.8591 NaN 7.381717298643768 1.6010877055744807E-4 1.598530267649938 2.8868674397387525E-6 5.318555270446137 46.297529627390766 12.010241371369755 328.8591
12.02768894080871 0.8150111004900076 0.38070637766152343 2.0579957968827154 0.07160245508327437 7.680255229463257 334.2282 NaN 7.395831661968874 1.6010690804790366E-4 1.596326698900444 2.8731787289406366E-6 5.369958311916148 46.128241205506626 12.02768894080871 334.2282
12.044868465049559 0.8138486550056041 0.38502179455115865 2.068326686346262 0.07325358284473861 7.806305476755351 339.5973 NaN 7.409535474108976 1.6010842083005465E-4 1.593938227364499 2.859516567861789E-6 5.420099092614449 45.96453279156121 12.044868465049559 339.5973
12.05369 0.8132530370367913 0.3872351294236728 2.073581938250651 0.07410659805462373 7.871129925426353 342.3865791448517 NaN 7.547143553069803 1.6010877055745064E-4 1.5927682190197145 2.803270943437325E-6 5.369756082530919 46.28479849338073 12.05369 342.3865791448517
12.061790382260178 0.8127068776138968 0.3892919119349544 2.0785168562272793 0.07490675964716462 7.931769728771838 344.9664 NaN 7.553824074294971 1.6010392609699836E-4 1.5917968889271368 2.7971193050875874E-6 5.393369507530167 46.207528125466574 12.061790382260178 344.9664
12.078467566859686 0.811584743324242 0.3935215663038519 2.088586525564962 0.07656337660884821 8.056793756206325 350.3356 NaN 7.5673488223608585 1.6010690804790247E-4 1.5895701265403155 2.7844163283277784E-6 5.4417163753194915 46.05016970529049 12.078467566859686 350.3356
12.094904711568676 0.8104817883041111 0.3976841363604663 2.0983953615951783 0.07820852228999964 8.180255882843072 355.7047 NaN 7.580667737995552 1.6010690804790366E-4 1.5873709554258275 2.771906565989807E-6 5.488855544750122 45.89815469679901 12.094904711568676 355.7047
12.10067 0.8100956393323676 0.3991427361399699 2.101809219844842 0.07878851048947846 8.223616516045686 357.60636991037865 NaN 7.718003316487601 1.6010690804790366E-4 1.5866028650561472 2.7199688261748746E-6 5.429380861726484 46.24514542103523 12.10067 357.60636991037865
12.11110487547421 0.8093976644402706 0.4018144868848007 2.1081299224630086 0.07986040734345959 8.30356008548155 361.0738 NaN 7.726674952162818 1.6010392609699836E-4 1.585310572192583 2.712313779051732E-6 5.459369719670854 46.14800443484553 12.11110487547421 361.0738
12.127081427298206 0.8083313416148096 0.4059002322716082 2.117718335857934 0.08151119972652586 8.426145018609324 366.443 NaN 7.739781098992228 1.6010690804790366E-4 1.5832013490186974 2.700606137477882E-6 5.504985567376221 46.00112989641478 12.127081427298206 366.443
12.142841809529896 0.807282195861819 0.4099251019159478 2.127074370471898 0.08315128734352749 8.54729476154784 371.8121 NaN 7.75275474440309 1.6010671742847725E-4 1.581190312999348 2.6891641679603695E-6 5.549497176608077 45.85910419564208 12.142841809529896 371.8121
12.14765 0.8069626635604417 0.41115194770659796 2.129908935183289 0.08365398409922448 8.584300238716308 373.46470888771466 NaN 7.891553301746659 1.6010690804790366E-4 1.5805625764887514 2.639775541902839E-6 5.4871009199615095 46.21267585377266 12.14765 373.46470888771466
12.158381268033944 0.8062504196814955 0.4139231493523689 2.1363821726577235 0.0847991653769483 8.668425343544046 377.1812 NaN 7.900453829385661 1.6010504553835928E-4 1.5790902267521738 2.631989586392861E-6 5.517598837133076 46.114680362552804 12.158381268033944 377.1812
12.173716282765833 0.805234800311352 0.4178785894052978 2.1455505915498216 0.08644494479757762 8.788818356075925 382.5503 NaN 7.913271868132207 1.6010392609699668E-4 1.5771782860969854 2.62122021487871E-6 5.560761331545746 45.977080372879115 12.173716282765833 382.5503
12.188856011555538 0.8042346214203069 0.4217785795580156 2.154510581074559 0.08808072275843021 8.907889379093321 387.9195 NaN 7.925776726147036 1.60105045538361E-4 1.5751421638977225 2.6104777439152298E-6 5.603045515900318 45.843208058707056 12.188856011555538 387.9195
12.19463 0.8038538274633998 0.4232646578754359 2.157904242543689 0.08870748102035067 8.95335614871672 389.9853375833098 NaN 8.067644695630252 1.60105045538361E-4 1.5743963558942828 2.5621449937128206E-6 5.5431960455765275 46.18609413415378 12.19463 389.9853375833098
12.203790729985005 0.8032504175866053 0.42565094118340857 2.163414712052931 0.08972210462967532 9.026826477556856 393.2886 NaN 8.075440120102868 1.6010654487321114E-4 1.573276543837439 2.5559549818449647E-6 5.568860622615117 46.1044494421221 12.203790729985005 393.2886
12.218535307288262 0.8022811043605828 0.4294877609342937 2.1722140392568074 0.0913635718943823 9.145241482336868 398.6577 NaN 8.087823775021812 1.6010599325787668E-4 1.5713552268733075 2.545840175218146E-6 5.609946184272897 45.97439443468021 12.218535307288262 398.6577
12.23310290339493 0.8013257206623805 0.4332738313533103 2.180824980454673 0.09299565477420771 9.262433258835202 404.0268 NaN 8.100064527283426 1.6010206362214108E-4 1.5694621254542187 2.5358447517901803E-6 5.650163373797138 45.84806910651985 12.23310290339493 404.0268
12.24161 0.8007688531165427 0.43548270665684086 2.1858163920101394 0.09395356348721524 9.330962403891254 407.19236498866485 NaN 8.246486045020706 1.6010206362214108E-4 1.5683542469886804 2.4873312503198116E-6 5.597736190013889 46.165220033646136 12.24161 407.19236498866485
12.247484495850074 0.8003847649957456 0.43702654699692645 2.1893446509111 0.0946282943732638 9.379157322824689 409.396 NaN 8.251580554634215 1.6010504553835928E-4 1.5676850933913877 2.4835894431680007E-6 5.613998237507616 46.11392461835728 12.247484495850074 409.396
12.261682717511581 0.7994579721101596 0.4407546801554902 2.1978170101959913 0.09626598175580924 9.49577416698029 414.7651 NaN 8.263640172836245 1.601050455383567E-4 1.565827342823796 2.4741579334082726E-6 5.653192389488133 45.990665004518696 12.261682717511581 414.7651
12.275720148600485 0.7985437824694606 0.44443623062236737 2.2061182130305497 0.09789485776021543 9.611257124416763 420.1342 NaN 8.275591945605346 1.6010206362214276E-4 1.5640222716451313 2.4648688443506458E-6 5.691590299007404 45.87081470910539 12.275720148600485 420.1342
12.28859 0.7977074668452606 0.4478078849114779 2.2136649234054366 0.09939689455434401 9.717300226919912 425.1108039007746 NaN 8.428136956697129 1.6010206362214276E-4 1.562358336756387 2.415149060459635E-6 5.650862330787086 46.14949433499053 12.28859 425.1108039007746
12.289596882364012 0.797642110952167 0.4480748840330909 2.214269412185732 0.09951673058316483 9.725749201793759 425.5034 NaN 8.429043158335016 1.6011043347908377E-4 1.562262273290299 2.4146693160293637E-6 5.653611168840172 46.14090827230414 12.289596882364012 425.5034
12.303288063312676 0.7967544894954374 0.451703126750727 2.2224506983173273 0.10115116396600855 9.840729181308214 430.8725 NaN 8.440679338556217 1.6010132051926795E-4 1.5604098518189347 2.4056641896093687E-6 5.691177272793555 46.02328140396995 12.303288063312676 430.8725
12.31683244810852 0.7958783267775463 0.45528832411841424 2.230475171650376 0.10277724122054732 9.954650018426173 436.2416 NaN 8.452668739774639 1.6010132051926692E-4 1.5591904723201107 2.3977351141987063E-6 5.7277797533868355 45.909961044679655 12.31683244810852 436.2416
12.330231315296503 0.7950134713076367 0.4588313471689688 2.2383487836782043 0.10439508362808178 10.067530902310045 441.6107 NaN 8.463714773611295 1.6009833867242895E-4 1.5567837056591247 2.3882668985060675E-6 5.764133040530183 45.79730911340678 12.330231315296503 441.6107
12.33557 0.7946693991441012 0.4602419137578743 2.241467720054413 0.10504222751841982 10.112552794385676 443.7657974312467 NaN 8.61217136935619 1.6009833867242895E-4 1.5560670813508743 2.3450022051941898E-6 5.702951992944048 46.137138464746435 12.33557 443.7657974312467
12.343465900731767 0.7941610629328072 0.4623535705917035 2.2461910131258382 0.10601788161063276 10.180358482443973 446.9799 NaN 8.619859572440856 1.601013205192658E-4 1.5560141599601205 2.3413759143748754E-6 5.723981222041369 46.07260912901917 12.343465900731767 446.9799
12.35654741792729 0.7933203077243014 0.4658492908793686 2.2539674108763084 0.10764137761476641 10.29284137584076 452.349 NaN 8.630358565380117 1.601199456147221E-4 1.553244689226021 2.3321653119393417E-6 5.759759032417942 45.96104390053086 12.35654741792729 452.349
12.369501101000424 0.7924895207945917 0.4693068805018647 2.261605689982105 0.10925750873743213 10.404376410851764 457.7181 NaN 8.642012507200063 1.6010132051926608E-4 1.5520598166799893 2.324536098865493E-6 5.794256012328214 45.85543706894227 12.369501101000424 457.7181
12.382323128781529 0.7916688894359862 0.4727259445625543 2.269108743685692 0.11086585184119298 10.514945601656912 463.0872 NaN 8.653514653321292 1.6009833867242895E-4 1.5511266622819344 2.3176050136807484E-6 5.8281567269295875 45.75227053015169 12.382323128781529 463.0872
12.38255 0.7916543845976798 0.4727864145668602 2.269241009242737 0.1108943892921753 10.516903655437197 463.18269938058125 NaN 8.800157025180255 1.6009833867242895E-4 1.551102779679733 2.2789085069741485E-6 5.753351965518903 46.1316717508647 12.38255 463.18269938058125
12.394973243322434 0.7908609246317677 0.4761380859928909 2.276657698493464 0.11248676541155458 10.626077486699348 468.4564 NaN 8.810364906231484 1.6010132051926727E-4 1.5488577754688657 2.270737668547688E-6 5.787101148644106 46.02691792900708 12.394973243322434 468.4564
12.407502866924785 0.790062279665595 0.47951490902589294 2.284081718435755 0.1141008365100793 10.73633628009236 473.8255 NaN 8.821813159403842 1.6010132051926795E-4 1.5474853427300783 2.263493327333632E-6 5.8203071156317305 45.92562493858704 12.407502866924785 473.8255
12.41991373241228 0.7892727929677861 0.4828564337685132 2.2913815475886734 0.11570775659048739 10.845705837694522 479.1946 NaN 8.832806013300106 1.6009833867242727E-4 1.5462447591379782 2.256564720990437E-6 5.853132585473152 45.82574142238211 12.41991373241228 479.1946
12.42953 0.7886621618033828 0.4854434790732125 2.2970021990173968 0.11695855273708852 10.930562091309135 483.3904757514841 NaN 8.990007890524103 1.6009833867242727E-4 1.5452400633429644 2.213951001820097E-6 5.803271482988445 46.12707512717437 12.42953 483.3904757514841
12.43219576350042 0.7884930535585407 0.4861694222739445 2.2985978969182743 0.11731181578877024 10.954512760164661 484.5638 NaN 8.991576948477364 1.6010132051926795E-4 1.5439729852916024 2.211316497047505E-6 5.81078718724527 46.103226163833696 12.43219576350042 484.5638
12.444329229166614 0.7877242573287718 0.4894713572764543 2.305828028756661 0.11892432083581343 11.063604688133738 489.9329 NaN 9.00316895263939 1.6011407849986654E-4 1.5432794309325024 2.205500677840061E-6 5.842652156567078 46.00663785006689 12.444329229166614 489.9329
12.456352421784908 0.7869639255594649 0.492740403668854 2.3129435001225254 0.1205300261333586 11.171865109282836 495.302 NaN 9.013194101773093 1.6010132051926795E-4 1.5409787517837488 2.1974649338267324E-6 5.874740724894621 45.90847103066333 12.456352421784908 495.302
12.468268665832733 0.7862118039582118 0.49597714702517043 2.319946359097506 0.12212902679372077 11.279299393096922 500.6711 NaN 9.024662988421232 1.6009833867242852E-4 1.540439032819041 2.1917660482072287E-6 5.90555163045672 45.81623814888039 12.468268665832733 500.6711
12.47651 0.7856924732958175 0.49821419962104735 2.324762957620023 0.12323953624966762 11.353697374920909 504.41340147942697 NaN 9.182917513487165 1.6009833867242895E-4 1.539421498842487 2.151149383825897E-6 5.852216699568126 46.12600875430045 12.47651 504.41340147942697
12.480061420663214 0.7854688907035096 0.49919001372303656 2.326888698613572 0.12372694923616649 11.386337279575802 506.0403 NaN 9.185294876862095 1.6010132051926773E-4 1.5380512771290138 2.1481069629480614E-6 5.862015789745972 46.095377158622156 12.480061420663214 506.0403
12.491718789661022 0.7847358850339609 0.5023908570600257 2.3338346808955346 0.125331499283106 11.493555332057674 511.4094 NaN 9.196611586687855 1.6011391613070467E-4 1.5374262845723172 2.1427590491153897E-6 5.8923370811996 46.00419743519252 12.491718789661022 511.4094
12.503275991730797 0.7840105270397247 0.5055615747608742 2.340676922036182 0.1269296913106647 11.600003882008929 516.7785 NaN 9.20632363419919 1.6009833867242638E-4 1.5351956094863015 2.13520948254839E-6 5.922942186471091 45.91118722940788 12.503275991730797 516.7785
12.514736141102304 0.783292583197569 0.5087026834747294 2.34741704266867 0.12852161388257186 11.705687164474291 522.1477 NaN 9.217376163853206 1.6010132051926632E-4 1.5345461424987632 2.129834496116598E-6 5.952389559456453 45.82352896387516 12.514736141102304 522.1477
12.52349 0.7827450654729632 0.5111004479103438 2.3525378101215866 0.12974265086134382 11.786518068544423 526.2804008371813 NaN 9.37868744284548 1.6010132051926538E-4 1.5336465892912905 2.09051251165517E-6 5.900412938861452 46.1274909933949 12.52349 526.2804008371813
12.526085645576096 0.7825828656586002 0.5118201346239124 2.35409291072812 0.13011131701289008 11.810917204571483 527.5168 NaN 9.380200322863416 1.6010132051927053E-4 1.532400060946442 2.088043704340875E-6 5.907636414844462 46.104834140046805 12.526085645576096 527.5168
12.537303221198457 0.7818826606526748 0.5149284306931967 2.3607863191162264 0.13170870302641782 11.916431938330872 532.8859 NaN 9.390760404909944 1.6010132051926538E-4 1.531301790831857 2.0823360348756885E-6 5.9368233733265505 46.01718340229396 12.537303221198457 532.8859
12.548429701080968 0.7811893785527252 0.5180089707331316 2.367384943687262 0.13330009762388423 12.021229109408164 538.255 NaN 9.401326054580279 1.600983386724288E-4 1.5301063594401296 2.0764904994494356E-6 5.965551293656272 45.93144206498186 12.548429701080968 538.255
12.55946725937891 0.7805028507622196 0.5210623313675337 2.3738911105541 0.1348856438006575 12.125320044624463 543.6242 NaN 9.411433139385595 1.6010568252638566E-4 1.5289947891630102 2.071027054479945E-6 5.994052868620154 45.84644959242138 12.55946725937891 543.6242
12.570415886720069 0.7798230455013025 0.5240888037661233 2.3803072622172348 0.1364653410555059 12.228710583825215 548.9933 NaN 9.420992698044909 1.6010132051926538E-4 1.526997036483142 2.0643664611008137E-6 6.022386227668415 45.761937323513656 12.570415886720069 548.9933
12.57047 0.7798196885239772 0.524103755145403 2.3803388760419524 0.13647316523623546 12.229221871100377 549.0199408560629 NaN 9.57642730642334 1.6010132051926538E-4 1.5269893971109896 2.0308409091607158E-6 5.948381658992287 46.12904376179799 12.57047 549.0199408560629
12.58122567448432 0.7791530216233716 0.52711188530331 2.386774268672054 0.13805616785400093 12.332665265750956 554.3624 NaN 9.587343345905305 1.6010132051927053E-4 1.5263969402870683 2.026008054041361E-6 5.975892033501169 46.04750458219396 12.58122567448432 554.3624
12.591951995185505 0.7784893083890435 0.5301094809572792 2.3931552788807173 0.13964144979773543 12.435958454447903 559.7315 NaN 9.596806681216833 1.6009833867242638E-4 1.5248067849397609 2.0201417084761545E-6 6.003833732019002 45.963746777358985 12.591951995185505 559.7315
12.602597190052089 0.7778317319970998 0.533082006190869 2.3994516002794337 0.14122124322821542 12.538594390859943 565.1007 NaN 9.606464205680789 1.6010132051927053E-4 1.5230967170680287 2.0141822841714118E-6 6.031280770530642 45.88211210194422 12.602597190052089 565.1007
12.613162839435129 0.7771801668453688 0.5360299182678238 2.405665199003326 0.14279565506301858 12.640582144020456 570.4698 NaN 9.617139816104727 1.601030201526146E-4 1.5227270173317544 2.0097944621701687E-6 6.05784365691507 45.80448740781099 12.613162839435129 570.4698
12.61745 0.7769160963586145 0.5372255525751074 2.408177119935621 0.1434364147350148 12.682006040338639 572.6603799020102 NaN 9.779269116999071 1.6010132051926538E-4 1.5222257844908111 1.9751314209953162E-6 5.994765675428609 46.13759809135732 12.61745 572.6603799020102
12.623614064959591 0.7765367310467899 0.5389657295624399 2.411876153459884 0.14437402921800685 12.742628943701357 575.8389 NaN 9.784151718893227 1.6009833867242638E-4 1.5205609350798033 1.9709870323999764E-6 6.011110592932661 46.08807242205191 12.623614064959591 575.8389
12.633968306491859 0.7759003158938561 0.5418867233525966 2.4180610763196526 0.14595379779252446 12.844543722454661 581.2081 NaN 9.794828925030501 1.6010132051927053E-4 1.520235547421297 1.9668405758490835E-6 6.037305625809802 46.011194920593724 12.633968306491859 581.2081
12.644246425962397 0.7752696103638207 0.5447842782817721 2.4241682629738444 0.14752827184918538 12.945840550909473 586.5772 NaN 9.803544413875478 1.6010132051926538E-4 1.5180797463174955 1.960710290222578E-6 6.064038711816047 45.93135440412609 12.644246425962397 586.5772
12.654452730201323 0.7746443255190892 0.5476591728863504 2.430199169148239 0.14909775094095026 13.046534957205678 591.9463 NaN 9.813166192923312 1.6011599015277144E-4 1.5169116016673387 1.9558811286881147E-6 6.089988938210767 45.855067151332356 12.654452730201323 591.9463
12.66443 0.7740340465382177 0.5504674885987202 2.4360638413247546 0.1506379711574672 13.145082263694555 597.231532606208 NaN 9.982962799397997 1.6011994561471952E-4 1.5154840489516095 1.9193390657516127E-6 6.041622979492469 46.14298901241416 12.66443 597.231532606208
12.664586851858932 0.774024460068442 0.5505121810221683 2.4361582726559865 0.150662610000033 13.14665911812397 597.3154 NaN 9.984249070461521 1.6009833867242814E-4 1.516560149114046 1.9201715551027316E-6 6.041517022389984 46.14432574232732 12.664586851858932 597.3154
12.674590253019584 0.7734135624356466 0.5533617076344621 2.442166060699465 0.15223714017749163 13.24729733861298 602.6846 NaN 9.992837944147096 1.6010132051926646E-4 1.5144453606402153 1.9143694295786766E-6 6.067589616716699 46.06639669588603 12.674590253019584 602.6846
12.68452720080752 0.7728076770079333 0.5561899239715014 2.4481017520601815 0.15380692101812105 13.347366688783541 608.0537 NaN 10.003262177423363 1.601013205192683E-4 1.514176084016794 1.9105365953253983E-6 6.0924953082420314 45.99394681255731 12.68452720080752 608.0537
12.694394950198959 0.7722069494809882 0.5589966789398212 2.4539672200981695 0.15537175633861267 13.446864083090857 613.4228 NaN 10.011674095903238 1.6010132051926538E-4 1.5120826539590955 1.9048103206470873E-6 6.117983872364382 45.91836033049919 12.694394950198959 613.4228
12.704197614181894 0.7716111082101788 0.561782697474538 2.459763664826256 0.1569319400889128 13.545804111606342 618.7919 NaN 10.021787888772197 1.6011410414316774E-4 1.5116827641432968 1.9010686667119807E-6 6.142368463735487 45.84789456925318 12.704197614181894 618.7919
12.71141 0.771173300208238 0.5638314740727777 2.464010863181082 0.15808368450352497 13.618679445333486 622.7657731607843 NaN 10.191640182540564 1.6011696342099798E-4 1.5107980639995144 1.8672649942531675E-6 6.0871820154259195 46.15419028417795 12.71141 622.7657731607843
12.713918884376486 0.7710211217444575 0.5645529106901128 2.465523960074896 0.1584912557446546 13.644478690325103 624.1611 NaN 10.193273155448717 1.6010132051926565E-4 1.5097606474654766 1.8651334734624138E-6 6.093935197644863 46.13362421069532 12.713918884376486 624.1611
12.723533924789201 0.7704384692134507 0.5673162716031791 2.4713037487569314 0.16005661362799234 13.743408525928022 629.5302 NaN 10.20281015069842 1.601013205192692E-4 1.5088556905688029 1.8608658308328949E-6 6.118292431889872 46.062372654354455 12.723533924789201 629.5302
12.733086168532871 0.7698604933833951 0.5700597694271228 2.477018299934046 0.16161736214492872 13.84180461898647 634.8993 NaN 10.212420322057488 1.6010693197146444E-4 1.5078991364482806 1.8566073641903871E-6 6.142312011953314 45.99252034740316 12.733086168532871 634.8993
12.742577803330313 0.7692870431160352 0.5727839782463022 2.482669313342377 0.16317372822019122 13.93968188312722 640.2685 NaN 10.221553237149271 1.601013205192688E-4 1.5069707684684208 1.8523606782569916E-6 6.166245529466658 45.922836647148685 12.742577803330313 640.2685
12.752007408396883 0.7687181857771792 0.5754886925066992 2.4882574293206803 0.16472549495224884 14.037030621115635 645.6376 NaN 10.230294840421763 1.6010132051926608E-4 1.5053751356108331 1.8474510736575017E-6 6.190059906976244 45.85349017574475 12.752007408396883 645.6376
12.75839 0.768333622032247 0.5773183086650433 2.4920245817690634 0.16577890963496456 14.102977325473377 649.290971709037 NaN 10.401879976732332 1.6010132051926538E-4 1.5044981699651587 1.8150093469902436E-6 6.133030100080371 46.163395556813455 12.75839 649.290971709037
12.761359321963123 0.7681548456306626 0.5781799439987119 2.49381940101992 0.16627734833294278 14.134198385099195 651.0067 NaN 10.405795763353742 1.6010132051927053E-4 1.505059707194919 1.8145812049016204E-6 6.1401306468980925 46.143512095027404 12.761359321963123 651.0067
12.770612107687299 0.7675982887381916 0.5808639588839728 2.499396221009792 0.16783417665865916 14.231566860600692 656.3758 NaN 10.413832806037943 1.6009833867242638E-4 1.5030582907726706 1.8094239484029277E-6 6.163987747994302 46.07307573742565 12.770612107687299 656.3758
12.779809975319676 0.7670458339310944 0.5835299884322479 2.5049132980933475 0.16938686672263056 14.328445416506874 661.745 NaN 10.423829075761809 1.6010132051926773E-4 1.5028868004777778 1.8062152570526894E-6 6.186716864455394 46.007927724741066 12.779809975319676 661.745
12.788950153014957 0.7664976313703938 0.5861778293720092 2.5103720909222798 0.17093520965705086 14.42482983014667 667.1141 NaN 10.431713889833986 1.6010132051926716E-4 1.50090305905027 1.8011794980185324E-6 6.210097669851398 45.93938010105344 12.788950153014957 667.1141
12.79803643044311 0.7659534377228366 0.5888081222060054 2.515773427634135 0.17247949102621657 14.520733218782864 672.4832 NaN 10.44142046772186 1.601013205192697E-4 1.5006045552440153 1.7978698423444445E-6 6.232410478350532 45.8757846269717 12.79803643044311 672.4832
12.80537 0.7655147801273996 0.5909300654808882 2.5201164738739186 0.17372984214517695 14.598221259675281 676.8413286082707 NaN 10.616904579775722 1.6010132051927053E-4 1.4998869790191902 1.7662956657430465E-6 6.177861000243966 46.177200118049846 12.80537 676.8413286082707
12.807055121054871 0.7654140555610092 0.5914236399193638 2.5211384310929015 0.1740219973764139 14.616339342388482 677.8523 NaN 10.6175366764096 1.6009833867242654E-4 1.4988138568630724 1.764661766637812E-6 6.182556794596583 46.1626743612311 12.807055121054871 677.8523
12.815974840921205 0.7648813392407836 0.5940350198584589 2.526532849159117 0.17557129031780272 14.712289381266233 683.2215 NaN 10.626545384927628 1.6010132051926538E-4 1.4977381467239255 1.7607068654266244E-6 6.204955647213785 46.0978773236733 12.815974840921205 683.2215
12.824842895069313 0.7643524431608267 0.5966295953610652 2.531872612489074 0.17711658834884605 14.807778864851105 688.5906 NaN 10.636359721388164 1.6010132051926838E-4 1.4976095911402914 1.757714989508203E-6 6.22675834844829 46.03576801499867 12.824842895069313 688.5906
12.83365807165466 0.7638274251400656 0.5992073472543306 2.5371588873504867 0.17865779776698001 14.902807357697094 693.9597 NaN 10.644014091424191 1.600983386724295E-4 1.4956744444591354 1.7529438034702178E-6 6.249238717645627 45.97016029346941 12.83365807165466 693.9597
12.842424023649343 0.7633060535883501 0.6017688824161348 2.542392365918642 0.18019520102828024 14.997387397537343 699.3289 NaN 10.65370933444829 1.6010132051926646E-4 1.4955593810913599 1.750051086352107E-6 6.27059719095624 45.90977145009552 12.842424023649343 699.3289
12.851137989022748 0.7627884789948813 0.6043139767014505 2.5475743089578278 0.18172858456628427 15.091514382427825 704.698 NaN 10.661225231844101 1.601013205192704E-4 1.4936400514178 1.7453886972171488E-6 6.292658594135776 45.845801550938525 12.851137989022748 704.698
12.85235 0.762716546001315 0.6046678158848521 2.548293215119007 0.18194223108409413 15.104612074089754 705.4470949088062 NaN 10.833157075337077 1.6010132051927053E-4 1.4934991971663676 1.7173638754896371E-6 6.223251178108813 46.18792566733208 12.85235 705.4470949088062
12.859753970034825 0.7622774139257855 0.6068559256362305 2.552790358114211 0.18326907989688707 15.186024116222919 710.0671 NaN 10.84076923144896 1.6010132051926538E-4 1.4926393188725833 1.7141824011948075E-6 6.2417628546238415 46.13467764180866 12.859753970034825 710.0671
12.86831435905459 0.7617703241063956 0.6093843402873328 2.557969900271742 0.18480757085920801 15.28023634085126 715.4362 NaN 10.850419071018585 1.6009833867243155E-4 1.4925503984916666 1.7113847442856394E-6 6.262726280386854 46.07528419189849 12.86831435905459 715.4362
12.876826173280811 0.7612667801900154 0.6118971514235091 2.5631001496588435 0.18634220954469236 15.374017597755069 720.8054 NaN 10.857861149697218 1.6010132051926538E-4 1.490660365248234 1.7069488273199026E-6 6.284388808796153 46.01231056515119 12.876826173280811 720.8054
12.885292941996443 0.7607665610806962 0.6143949366433179 2.568181686551604 0.18787327584696353 15.467379926182693 726.1745 NaN 10.867400487028483 1.6010132051926538E-4 1.4905837074082284 1.7042422015579834E-6 6.304945758510801 45.95448652562056 12.885292941996443 726.1745
12.893711912452083 0.7602698173000947 0.6168774569198794 2.573215645908415 0.18940055145623605 15.56031833634927 731.5436 NaN 10.87471294896412 1.6009833867243155E-4 1.4887081809361384 1.6998110016317246E-6 6.326225401629063 45.89300648322857 12.893711912452083 731.5436
12.89933 0.7599386944903339 0.618533126877254 2.576563205653103 0.19042223829558663 15.622378959838505 735.1422525554487 NaN 11.053785692327 1.6009833867243155E-4 1.488059798974145 1.6708175011640207E-6 6.267946030869865 46.20183885505065 12.89933 735.1422525554487
12.902067579374883 0.759777449598117 0.6193498178545641 2.578233462339051 0.1909282900266946 15.653146979555103 736.9128 NaN 11.05766279010757 1.6010132051926567E-4 1.4886457233588701 1.6705659068737447E-6 6.274351127932545 46.18434796606788 12.902067579374883 736.9128
12.910338884369365 0.7592906807324938 0.6218166459691965 2.583267851288119 0.19246042212436215 15.74617975526395 742.2819 NaN 11.064970730085031 1.6010132051926933E-4 1.4867909029049444 1.666314208341594E-6 6.295447397541429 46.123041050471 12.910338884369365 742.2819
12.91856855452493 0.7588069807135444 0.6242693671198738 2.5882563639972234 0.193989168932094 15.838817342245958 747.651 NaN 11.073768015073801 1.601013205192675E-4 1.486212518814499 1.6632824830967082E-6 6.315727330447227 46.06551891068338 12.91856855452493 747.651
12.92675448579055 0.7583264624369096 0.6267078131028383 2.5931999813559736 0.19551435937146275 15.931056112151175 753.0201 NaN 11.082279430570093 1.60098338672423E-4 1.4852774390076313 1.659876639165082E-6 6.33592037674285 46.00824037305863 12.92675448579055 753.0201
12.934898168113541 0.7578490276920093 0.6291322826256044 2.5980993453349175 0.1970361145886955 16.022902336927828 758.3893 NaN 11.089838467730514 1.6010132051926662E-4 1.4839679568579918 1.6562702572299452E-6 6.356305583262318 45.949870644763514 12.934898168113541 758.3893
12.943000309275364 0.7573746245663824 0.6315429697554442 2.6029551469080965 0.19855449213284293 16.114360077127376 763.7584 NaN 11.099136242328372 1.6010132051927017E-4 1.4839378247375106 1.6538132799084563E-6 6.375769836588428 45.895737269284886 12.943000309275364 763.7584
12.94631 0.7571810036991234 0.6325274612664452 2.6049340080571035 0.19917609504484501 16.15175023405118 765.9600997967397 NaN 11.278847162876856 1.6010132051927053E-4 1.4835584598640823 1.6266303259074677E-6 6.31201556350374 46.21866562610436 12.94631 765.9600997967397
12.951025364597633 0.7569053201606909 0.6339473249617438 2.6078206457697752 0.2000761269758794 16.205945710676534 769.1275 NaN 11.282568772944051 1.6010132051926876E-4 1.4822102110020963 1.624024480246785E-6 6.324217420615125 46.18296141707038 12.951025364597633 769.1275
12.958987986798338 0.7564402413202533 0.6363437201314319 2.6126800403351997 0.2015992449280147 16.297518750374365 774.4966 NaN 11.291681471336972 1.6009833867242814E-4 1.4818648173647797 1.6213086753419693E-6 6.3436292232434806 46.12847728192493 12.958987986798338 774.4966
12.966910475832574 0.7559780734408589 0.6387268332471777 2.617497707085662 0.20311901862046317 16.388718023749753 779.8658 NaN 11.29878006387706 1.6010132051926538E-4 1.480304382641849 1.6176250792511116E-6 6.3636623389637865 46.07083483384799 12.966910475832574 779.8658
12.974794914696254 0.755518685609181 0.6410970299105548 2.622274146013958 0.20463562162734983 16.479551264735306 785.2349 NaN 11.308002653964829 1.6010132051927053E-4 1.480301449911018 1.6153203888687037E-6 6.382652671932373 46.0180469161239 12.974794914696254 785.2349
12.982638996015949 0.7550622029163876 0.6434541020661522 2.6270102439375718 0.20614886167737836 16.570014021187397 790.604 NaN 11.314896170138983 1.6009833867242638E-4 1.4785109878347726 1.6113794756803995E-6 6.402404689919373 45.96146007831668 12.982638996015949 790.604
12.990446002537864 0.7546084251522162 0.6457985667378351 2.6317063539708867 0.20765901231875752 16.66011724231738 795.9732 NaN 11.324026150297229 1.6010132051927023E-4 1.478517960104736 1.6091502343287996E-6 6.421065042356654 45.90992414650154 12.990446002537864 795.9732
12.99329 0.754443254941589 0.6466524238888648 2.633413404038422 0.208210255889779 16.692965789600105 797.9360563259801 NaN 11.505945552550491 1.6010132051927053E-4 1.4781943391183425 1.5830148996519258E-6 6.356487134659477 46.23349692687749 12.99329 797.9360563259801
12.998177380645215 0.7541595804498404 0.6481378090520714 2.6364167871094515 0.20917282709271393 16.7503923522053 801.3423 NaN 11.509892605102449 1.6010132051926592E-4 1.4767435344653606 1.5803244574529511E-6 6.3690713299888015 46.19692028206565 12.998177380645215 801.3423
13.005852907874653 0.7537145060332613 0.6504692916253174 2.641118975984694 0.2106876733572176 16.840630021521225 806.7114 NaN 11.518735510343754 1.6010132051926538E-4 1.4765272987845304 1.5779482301007133E-6 6.387737937954459 46.14479598733543 13.005852907874653 806.7114
13.013491479985209 0.7532720957382255 0.6527884647509581 2.6457828785282413 0.21219936482819668 16.9305183683892 812.0805 NaN 11.526119809643188 1.6009833867243155E-4 1.4753901197613235 1.5747685557933053E-6 6.406807822525688 46.09058416039437 13.013491479985209 812.0805
13.021094399217738 0.7528322658185254 0.6550955822314081 2.650408979961867 0.21370801267566325 17.020062803298035 817.4497 NaN 11.534206430257612 1.6010132051926538E-4 1.4745091413570384 1.5718358004028927E-6 6.425431711532339 46.03836976296671 13.021094399217738 817.4497
13.02866197888135 0.7523949900526673 0.6573907663910833 2.654997839223508 0.21521364364626536 17.10926590695469 822.8188 NaN 11.542249125724394 1.6010132051927053E-4 1.473960514539855 1.5692440946409338E-6 6.443905219341689 45.98672843155032 13.02866197888135 822.8188
13.036193460545158 0.7519603041845362 0.6596739991394984 2.6595501053600787 0.2167161929940914 17.198127280711933 828.1879 NaN 11.549381152347971 1.6010132051926538E-4 1.472437062612854 1.5657490016922062E-6 6.462578457418734 45.934003260804204 13.036193460545158 828.1879
13.04027 0.7517252326830656 0.6609092698883448 2.662007408286735 0.21753108572070412 17.24625185945977 831.1040890682091 NaN 11.735165722833411 1.6010132051926538E-4 1.4719767617309802 1.5399976466353425E-6 6.401351894504403 46.2464732330869 13.04027 831.1040890682091
13.043665399687518 0.751529550906361 0.6619507781812382 2.6641026351257335 0.21822064090243878 17.287025600261856 833.557 NaN 11.739934474802558 1.6009833867242638E-4 1.472485466008942 1.5394745707670143E-6 6.409301425817079 46.22497365696484 13.043665399687518 833.557
13.051071763578149 0.7511030647579889 0.6642220101427483 2.6686628724331314 0.21972773808787088 17.376032205173427 838.9262 NaN 11.746569873325404 1.6010132051927053E-4 1.4707584751980265 1.5359569010734291E-6 6.428048136674342 46.17132622175552 13.051071763578149 838.9262
13.058446429228189 0.7506788845921989 0.6664821192265464 2.673187620456525 0.22123206407249937 17.464718534373674 844.2953 NaN 11.755533266030808 1.6010132051926538E-4 1.470818740086433 1.5339818537185808E-6 6.4457395596411375 46.12261045673756 13.058446429228189 844.2953
13.065786735269228 0.7502571562368311 0.6687308298304103 2.67767764534854 0.22273338618769212 17.553078537269208 849.6644 NaN 11.762068623377715 1.6009833867242874E-4 1.4691020751844512 1.5304513311186314E-6 6.464217781261176 46.070001681512345 13.065786735269228 849.6644
13.073095778511169 0.7498376946119476 0.6709686200915539 2.6821331816987604 0.2242319751703081 17.641122526737895 855.0336 NaN 11.770589868586486 1.6010132051926898E-4 1.4689024805073043 1.5283091304902353E-6 6.48177048860139 46.02167360717263 13.073095778511169 855.0336
13.08037111595698 0.7494206328780312 0.6731952424548072 2.686554963350719 0.22572761744270994 17.728845125481843 860.4027 NaN 11.77777821786919 1.601013205192661E-4 1.467594275793699 1.5251672994753791E-6 6.49969314518038 45.971461507077315 13.08037111595698 860.4027
13.08725 0.7490267244837533 0.675299404777235 2.690722362323871 0.22714517439947676 17.81184644670936 865.5005617592261 NaN 11.969136386971165 1.6010132051926538E-4 1.4666927281668634 1.4990731943288103E-6 6.445648776815371 46.26232147712813 13.08725 865.5005617592261
13.087612384524773 0.7490059845897512 0.6754116155086004 2.6909470905297983 0.2272210325664722 17.816294048986638 865.7718 NaN 11.970735720800889 1.6010132051927053E-4 1.4675341403427302 1.4996912597123587E-6 6.446088347755757 46.26200465980028 13.087612384524773 865.7718
13.094768439468938 0.7485966663185647 0.6776270874526886 2.695378289260638 0.22872108272863131 17.90416955002101 871.1409 NaN 11.97717190069598 1.6009833867242638E-4 1.4659927918741913 1.4964649678022313E-6 6.46419303055259 46.21038721314501 13.094768439468938 871.1409
13.101894981950627 0.7481894804915129 0.6798321692173738 2.6997766834536896 0.23021849159449997 17.99174392493247 876.5101 NaN 11.985642404767889 1.6010132051927053E-4 1.465664418769414 1.4942870356327782E-6 6.481386195021526 46.16301922129761 13.101894981950627 876.5101
13.10899071244337 0.7477844950103627 0.6820267553059328 2.704142853287132 0.23171314285950184 18.079014784886507 881.8792 NaN 11.992727401225867 1.6010132051926538E-4 1.464670951666132 1.491584166318096E-6 6.498962420170197 46.11369798608872 13.10899071244337 881.8792
13.116056461170299 0.7473816561418903 0.6842110199113852 2.708477181275846 0.23320511082666323 18.16598589297829 887.2483 NaN 11.99990284098416 1.6010132051926538E-4 1.463471468236504 1.4886690750366865E-6 6.516365154368599 46.06508855249959 13.116056461170299 887.2483
13.12309296252519 0.7469809158552003 0.6863851228804402 2.712780046613521 0.23469446122250773 18.252660690334764 892.6174 NaN 12.008442779552302 1.6011254825448577E-4 1.4634433545281254 1.4868884506111984E-6 6.533106597176885 46.01949256885245 13.12309296252519 892.6174
13.130099342092036 0.7465823178180252 0.6885491452265727 2.7170524933305074 0.2361812069964747 18.33904508408645 897.9866 NaN 12.014837893734054 1.6010132051926538E-4 1.46190625878718 1.4836399253837825E-6 6.550536207162013 45.97053350143407 13.130099342092036 897.9866
13.13423 0.7463475209433671 0.6898243817886781 2.719564911623281 0.2370593475165026 18.38999963706642 901.1623859014123 NaN 12.206324386807003 1.6010132051926538E-4 1.4614464956607112 1.4594469382909314E-6 6.4900269039194045 46.27797994994483 13.13423 901.1623859014123
13.13705457985854 0.7461870497995262 0.6907071003451202 2.7213233201834903 0.23766920938976796 18.42543792375646 903.3557 NaN 12.209460754061723 1.6010132051927053E-4 1.46118551310745 1.4584978198890203E-6 6.496951814680009 46.25873908843077 13.13705457985854 903.3557
13.143948943655442 0.7457956541083297 0.6928610125057761 2.725606480390546 0.2391602791091819 18.511987198276962 908.7248 NaN 12.218054419583641 1.60098338672423E-4 1.461067840044064 1.4565630485576545E-6 6.51347142788066 46.21362376226458 13.143948943655442 908.7248
13.150814592061932 0.7454062964219027 0.6950050981691843 2.7298597270925424 0.24064871872376528 18.598250584993643 914.094 NaN 12.22472186248046 1.6010132051926538E-4 1.459915733352911 1.453888365706689E-6 6.5305745903992785 46.165608636806105 13.150814592061932 914.094
13.157652911187155 0.7450188925158041 0.697139598525418 2.734083342110465 0.2421346551902581 18.684233358811504 919.4631 NaN 12.232510836771517 1.6010132051927391E-4 1.4592882034456556 1.4515832584973382E-6 6.5471315786259785 46.120084044338974 13.157652911187155 919.4631
13.164463657845118 0.7446334506881535 0.6992645388154699 2.7382777450681193 0.24361806623472848 18.769936023044522 924.8322 NaN 12.239828697869493 1.6010132051926538E-4 1.4586588142098282 1.4493394883252288E-6 6.563736140018877 46.07422236535429 13.164463657845118 924.8322
13.171246609681758 0.7442499780388556 0.7013799466902274 2.7424433488290636 0.2450989314912857 18.85535915494664 930.2013 NaN 12.246809854713169 1.6009833867242814E-4 1.4575265453550488 1.446616592794494E-6 6.580341403108755 46.0282531852194 13.171246609681758 930.2013
13.178003113654967 0.7438683930680288 0.7034860541621435 2.7465804107065552 0.24657737433072205 18.94050781630031 935.5705 NaN 12.253601757634604 1.6010132051926538E-4 1.4565920375911936 1.4441738541529372E-6 6.596892872764512 45.98243360607873 13.178003113654967 935.5705
13.18121 0.7436874156469702 0.7044853520729136 2.748539849696171 0.24728029177404381 18.980944425630202 938.1263301000682 NaN 12.447232779000307 1.6010132051926538E-4 1.456237660025277 1.4210163719355147E-6 6.534342258525621 46.294199474765136 13.18121 938.1263301000682
13.184704719981855 0.7434902948674826 0.7055877267195646 2.7507252653658685 0.2480581682057072 19.02576161639798 940.9396 NaN 12.45236002577761 1.6010132051926576E-4 1.4566683714325075 1.4204747818720766E-6 6.542456159979046 46.27266156742585 13.184704719981855 940.9396
13.191353690526524 0.7431155459837216 0.7076845478859174 2.7548749518375786 0.24954080137155948 19.111088708355098 946.3087 NaN 12.458539558967084 1.6009833867243155E-4 1.4553082773645145 1.4177032153394448E-6 6.5591567454528805 46.22567295650657 13.191353690526524 946.3087
13.197977820093811 0.7427425726595381 0.709772462682468 2.7589969705447404 0.2510211068458275 19.196153005509082 951.6779 NaN 12.466559296840213 1.6010132051926684E-4 1.454954379541252 1.4157621221852161E-6 6.575068767244427 46.1823365636347 13.197977820093811 951.6779
13.204576100881948 0.7423714267772116 0.7118513895195256 2.763091766626137 0.2524989901937529 19.280952625667243 957.047 NaN 12.47274380586231 1.6010132051926535E-4 1.4536607809333413 1.4130955273895134E-6 6.591533028638465 46.13628086185247 13.204576100881948 957.047
13.211149930445838 0.742002024926621 0.713921563390193 2.7671595607955513 0.25397458237140635 19.36549274115132 962.4161 NaN 12.481220276586644 1.6010132051927053E-4 1.4538180117281283 1.4115858292572228E-6 6.607040057950445 46.09464887680062 13.211149930445838 962.4161
13.217697245379151 0.7416344782315982 0.7159827635854196 2.7712008888988864 0.2554476900299723 19.449768426258245 967.7852 NaN 12.48707937413898 1.600983386724235E-4 1.452217738866101 1.4086460776743836E-6 6.623394536031086 46.04892716728046 13.217697245379151 967.7852
13.224220875143113 0.7412686231236224 0.7180354109812329 2.7752158228737427 0.25691857830044723 19.533788966333304 973.1544 NaN 12.495493143903756 1.6010132051927053E-4 1.4523810442870506 1.4071875730770023E-6 6.638691183331619 46.008074714850764 13.224220875143113 973.1544
13.22819 0.7410462051119616 0.7192840286865042 2.7776539401459432 0.25781522072312885 19.584948105094064 976.4318290769559 NaN 12.692752159130789 1.6010132051927053E-4 1.4519452566468254 1.3844871590660658E-6 6.578336746935896 46.312287525146886 13.22819 976.4318290769559
13.230697897597656 0.7409057387501766 0.7200826402628011 2.779230372719388 0.25839044819377793 19.617820756898578 978.5235 NaN 12.69422701048029 1.6010132051927053E-4 1.450837708473507 1.3830081363208508E-6 6.5849513981014525 46.2931259118968 13.230697897597656 978.5235
13.237120043004397 0.7405462795648338 0.7221268830430201 2.783258925067021 0.2598655243001916 19.702031317601925 983.8926 NaN 12.70256789172324 1.6010132051926857E-4 1.4507986918701037 1.3813923201136035E-6 6.600235280220562 46.251950434128204 13.237120043004397 983.8926
13.243517813025168 0.7401885313552355 0.7241626454060708 2.787262044987727 0.2613382643542895 19.785991087047595 989.2617 NaN 12.708827658761454 1.6009833867242456E-4 1.4496729791359668 1.3789484117261923E-6 6.616151938402984 46.20767537828252 13.243517813025168 989.2617
13.24989261720736 0.7398324109638019 0.7261901602637764 2.791239919445688 0.2628088034421971 19.869705248087477 994.6309 NaN 14.889571284509222 8.005066025963566E-5 2.8983229097807497 1.1760265762717696E-6 6.004824632173633 49.42630325305032 13.24989261720736 994.6309
13.251984415541182 0.7397156299477642 0.7270575607836236 2.7933200930878495 0.26343907412798256 19.90826445214353 1000.0 NaN 14.896300867279775 8.00506602596352E-5 2.897787242018555 1.1750925220111118E-6 6.0118000784532555 49.40750456054326 13.251984415541182 1000.0
