#rho T p e s c^2 cv gamma alpha
9.0 0.0 -2.4730932813693105 -0.010059411089977837 NaN 0.23966642139688962 6.130729544988918E-5 2.2656654801627103 6.439590409470174E-5
9.04698 0.0 -2.4325850380510805 -0.011493782964882373 NaN 1.6982945203914837 6.130720232441186E-5 2.2656566179145767 9.040427101174861E-6
9.09396 0.0 -2.3241790380510805 -0.012851982289977828 NaN 1.771820931579246 6.130729544988914E-5 2.2539486619435114 8.575971125937703E-6
9.14094 0.0 -2.213876038051072 -0.014134429089977828 NaN 1.8494723331114586 6.130729544988914E-5 2.2423644585531832 8.131668428181785E-6
9.187919 0.0 -2.101476038051072 -0.015341500089977821 NaN 1.930847694178567 6.13072954498891E-5 2.2308989634940346 7.709511912240557E-6
9.234899 0.0 -1.986793038051072 -0.016473448089977836 NaN 2.015010201771492 6.130729544988918E-5 2.219549880704393 7.312530121607274E-6
9.281879 0.0 -1.8696942882419763 -0.0175304320899778 NaN 2.1040592426853815 6.130729544988902E-5 2.208642987463282 6.933360981910903E-6
9.328859 0.0 -1.7499442882419762 -0.01851252708997784 NaN 2.196300034057616 6.130729544988918E-5 2.1975202930854296 6.575440537380181E-6
9.375839 0.0 -1.6273960380510721 -0.019419736089977838 NaN 2.2898851384524117 6.130729544988918E-5 2.1861850415485082 6.2427398411334115E-6
9.422819 0.0 -1.5019900380510722 -0.020251999089977872 NaN 2.3860996601966056 6.130729544988934E-5 2.1752852276762473 5.931423595788596E-6
9.469799 0.0 -1.3736012882419761 -0.021009197089977803 NaN 2.487020188578103 6.130729544988902E-5 2.1648143708047765 5.635244299053857E-6
9.516779 0.0 -1.2420089880892538 -0.021691168089977803 NaN 2.588313711807202 6.130729544988902E-5 2.1538722893302817 5.360745743752359E-6
9.563758 0.0 -1.1072069880892537 -0.02229782084055053 NaN 2.692142860228427 6.130785420275265E-5 2.143272524878933 5.1034848758029955E-6
9.610738 0.0 -0.9690730131083425 -0.0228283828390233 NaN 2.7981446041981743 6.13063641951165E-5 2.1328790507677557 4.862335222071856E-6
9.657718 0.0 -0.8275125131083425 -0.02328368534093237 NaN 2.9058802527337693 6.130822670466186E-5 2.122439173354941 4.636622876377068E-6
9.704698 0.0 -0.6824505131083425 -0.023662375340932372 NaN 3.015253663691083 6.130822670466186E-5 2.1121645422057576 4.425278659116809E-6
9.751678 0.0 -0.5338159131083424 -0.023964525340932373 NaN 3.1261229137736857 6.130822670466186E-5 2.101988909848657 4.227306844703994E-6
9.798658 0.0 -0.3815449131083425 -0.02418981534093237 NaN 3.2383659433228273 6.130822670466186E-5 2.091910852324383 4.041749601831184E-6
9.845638 0.0 -0.2255796856026148 -0.024337905340932373 NaN 3.351826673783113 6.130822670466186E-5 2.0819197161319063 3.867740393992341E-6
9.892617 0.0 -0.06587331310834249 -0.024408465340932307 NaN 3.4663819436685834 6.130822670466153E-5 2.07204211063819 3.7045010561183045E-6
9.939597 0.0 0.09762551191074836 -0.024400772839023234 NaN 3.5817066179318817 6.130636419511618E-5 2.062280587331293 3.551358610179215E-6
9.986577 0.0 0.26494248689165756 -0.024315242839023303 NaN 3.697965326186492 6.13063641951165E-5 2.0526093918484376 3.40747268351364E-6
10.03356 0.0 0.4361255119107462 -0.0241511628390233 NaN 3.8150989049191866 6.13063641951165E-5 2.04296759465199 3.2719464361004825E-6
10.08054 0.0 0.6111869868916575 -0.02390857534093237 NaN 3.9330988692729263 6.130822670466186E-5 2.0334147782177476 3.1443151570720977E-6
10.12752 0.0 0.7901719619489279 -0.02358640534093237 NaN 4.051075932816435 6.130822670466186E-5 2.023892090584803 3.0243539361024084E-6
10.1745 0.0 0.9730729619489279 -0.02318471534093237 NaN 4.169700836051948 6.130822670466186E-5 2.0145469187910368 2.911241063274793E-6
10.22148 0.0 1.159913961948928 -0.0227028328390233 NaN 4.287860043812961 6.13063641951165E-5 2.005348572980989 2.805052857866692E-6
10.26846 0.0 1.3506667117580238 -0.02214140208997787 NaN 4.40871263076954 6.130729544988934E-5 1.9964392872770202 2.70365428766217E-6
10.31544 0.0 1.5454509619489278 -0.02149940108997787 NaN 4.527243074558583 6.130729544988934E-5 1.9870523190253704 2.608554349041654E-6
10.36242 0.0 1.7441549619489363 -0.02077675808997787 NaN 4.646685756661944 6.130729544988934E-5 1.978043639783602 2.5185091476231244E-6
10.4094 0.0 1.9468149619489195 -0.019973232089977838 NaN 4.76614482503848 6.130729544988918E-5 1.9691162769965413 2.433271602726006E-6
10.45638 0.0 2.153426961948936 -0.019088598089977836 NaN 4.885527388501546 6.130729544988918E-5 1.9602691346112566 2.3525293455317694E-6
10.50336 0.0 2.363982961948936 -0.018122651089977838 NaN 5.004782636255774 6.130729544988918E-5 1.9515011361856063 2.2759750397014497E-6
10.55034 0.0 2.578472961948936 -0.017075205089977837 NaN 5.1238170884538965 6.130729544988918E-5 1.94281122445025 2.2033459332773933E-6
10.59732 0.0 2.796882961948936 -0.015946092089977836 NaN 5.241807772339372 6.130729544988918E-5 1.9341983608843039 2.134695967237728E-6
10.6443 0.0 3.019160711758024 -0.014735166089977821 NaN -0.7231429424460978 6.13072954498891E-5 1.9259469353393528 -1.5339641734889228E-5
10.69128 0.0 2.959523331750195 -0.012953178441910181 NaN -0.6844965301460322 6.116283920955091E-5 2.1159798343339338 -1.7684720779895864E-5
10.73826 0.0 2.8998477015514714 -0.011171160793689811 NaN -0.6486817718110021 6.101823396844906E-5 2.305575559140983 -2.0196373054353713E-5
10.78523 0.0 2.840134821161835 -0.009389195895736705 NaN -0.6132821614086355 6.0873889478683516E-5 2.494735493403702 -2.295967910261004E-5
10.83221 0.0 2.7804591909631107 -0.007607193747592709 NaN -0.5815709965167541 6.072935873796354E-5 2.682920432840263 -2.586346318850118E-5
10.87919 0.0 2.720783560764387 -0.005825228849639584 NaN -0.5515562765527711 6.0585014248197915E-5 2.8704166448723383 -2.8981693649185426E-5
10.92617 0.0 2.6611461807565417 -0.00404322670149557 NaN -0.5264798218927185 6.0440483507477854E-5 3.0569746696909146 -3.211959686513043E-5
10.97315 0.0 2.6014333003669052 -0.0022611873031607044 NaN -0.5012997999070703 6.029576651580352E-5 3.2434577239970173 -3.55521782696238E-5
11.02013 0.0 2.541757670168181 -4.792616553984993E-4 NaN -0.47934827144780007 6.01516082769925E-5 3.4289941550094145 -3.904596000087026E-5
11.06711 0.0 2.4820820399694568 0.00130289349350916 NaN 6.23879386679799 6.0006332532454204E-5 3.613976491967133 3.1408525207155455E-6
11.11409 0.0 2.737102039969457 0.0022999134935091595 NaN 6.291627190671178 6.0006332532454204E-5 3.5986999721987476 3.088202960129927E-6
11.16107 0.0 2.99104603996944 0.0033845309916000245 NaN 6.342975576758038 6.000819504199988E-5 3.5834408337335266 3.037469537417499E-6
11.20805 0.0 3.2439230399694567 0.00455560099160009 NaN 6.39293259840224 6.000819504199955E-5 3.568420375190786 2.9885215315064555E-6
11.25503 0.0 3.4957420399694565 0.0058108709916000895 NaN 6.441506093574603 6.000819504199955E-5 3.5535253114524874 2.941276806732359E-6
11.30201 0.0 3.746512039969457 0.0071485109916000905 NaN 6.488730568689955 6.000819504199955E-5 3.538754078801655 2.8956463415534045E-6
11.34899 0.0 3.9962420399694567 0.008566730991600088 NaN 6.5338042477240235 6.000819504199955E-5 3.5241051394139116 2.851911790047109E-6
11.39597 0.0 4.244901789778544 0.010063780991600088 NaN 6.580106109709087 6.000819504199955E-5 3.5098493366347276 2.8087613740553807E-6
11.44295 0.0 4.492614039969457 0.011638323493509094 NaN 6.622599049052093 6.000633253245452E-5 3.4952766003534195 2.7676563936494095E-6
11.48993 0.0 4.739274039969457 0.013287933493509225 NaN 6.664693415500146 6.000633253245388E-5 3.480985121233514 2.727731961073358E-6
11.53691 0.0 4.984927039969457 0.01501096099160009 NaN 6.705552056513734 6.000819504199955E-5 3.466702434721003 2.689076060662861E-6
11.58389 0.0 5.229582039969457 0.01680657099160009 NaN 6.745253444744577 6.000819504199955E-5 3.4526427638864914 2.651609169151782E-6
11.63087 0.0 5.473246039969457 0.018673183493509094 NaN 6.783081576206538 6.000633253245452E-5 3.438803406281229 2.615563034745472E-6
11.67785 0.0 5.715890789778545 0.020608130991600093 NaN 6.822183817930691 6.000819504199955E-5 3.4251285763055064 2.579889671008709E-6
11.72483 0.0 5.957636039969457 0.022611423493509225 NaN 6.85765612974 6.000633253245388E-5 3.4112456533710582 2.5458207449007676E-6
11.77181 0.0 6.198377039969457 0.02468008099160009 NaN 6.892863966335575 6.000819504199955E-5 3.397526292571583 2.51264098144735E-6
11.81879 0.0 6.438159039969457 0.026813790991600087 NaN 6.92708305376855 6.000819504199955E-5 3.3840210365153363 2.480391345707817E-6
11.86577 0.0 6.676990039969457 0.02901077099160009 NaN 6.96026409878226 6.000819504199955E-5 3.3706227228538133 2.449057961391949E-6
11.91275 0.0 6.914877039969457 0.031269640991600095 NaN 6.992432024499234 6.000819504199955E-5 3.357330086349255 2.4186015419473026E-6
11.95973 0.0 7.151827039969457 0.03358942349350923 NaN 7.023694547813515 6.000633253245388E-5 3.344245678958855 2.3889566404097058E-6
12.00671 0.0 7.387848039969457 0.03596767099160009 NaN 7.053889549829446 6.000819504199955E-5 3.331056882872751 2.360151799394966E-6
12.05369 0.0 7.622948039969457 0.038404593493508964 NaN -8.514243002674457 6.000633253245517E-5 3.3181768714819886 -1.940128775892351E-6
12.10067 0.0 7.124362849267092 0.03797226794043693 NaN 8.507902303879833 8.005811029781538E-5 3.173021172734708 2.467438819976629E-6
12.14765 0.0 7.436298849267125 0.04029872794043693 NaN 8.709510378163067 8.005811029781538E-5 3.1607497840548273 2.3917150712739047E-6
12.19463 0.0 7.754570849267125 0.042706815438528056 NaN 8.91304662728803 8.005997280735976E-5 3.14849969862479 2.3191256965579258E-6
12.24161 0.0 8.07924559907618 0.04519833794043693 NaN 9.12198883627261 8.005811029781538E-5 3.1366796165966804 2.2487823329118558E-6
12.28859 0.0 8.410540849267125 0.047772857940436925 NaN 9.33026497468625 8.005811029781538E-5 3.1244985888758294 2.181672891958649E-6
12.33557 0.0 8.748411599076178 0.05043145794043692 NaN 9.544871824306451 8.005811029781538E-5 3.1127875372865694 2.1165351771789844E-6
12.38255 0.0 9.093116849267059 0.05317446543852805 NaN 9.762854727858779 8.005997280735976E-5 3.1007174515624776 2.0534811212421175E-6
12.42953 0.0 9.444801850030775 0.05600336543852805 NaN 9.977781136475237 8.005997280735976E-5 3.088248977083483 1.9936047704008046E-6
12.47651 0.0 9.803311850030708 0.058918887940436926 NaN 10.19159045321349 8.005811029781538E-5 3.076691825364321 1.9371098525166005E-6
12.52349 0.0 10.168539348121651 0.06192063543852805 NaN 10.425513059831042 8.005997280735976E-5 3.066936392124669 1.8806041803077895E-6
12.57047 0.0 10.54133934812165 0.06501086794043692 NaN 10.653420483665085 8.005811029781538E-5 3.055545321422029 1.8266421714424216E-6
12.61745 0.0 10.921459348121651 0.06818921794043692 NaN 1.5767736289159173 8.005811029781538E-5 3.044168258766706 1.2249914225565724E-5
12.66443 0.0 10.87174469557282 0.0730616157169732 NaN 1.5739177548484569 7.003222141513399E-5 3.0848691880088133 1.0838444865315237E-5
12.71141 0.0 10.821275039205807 0.0779340134935095 NaN 7.414707655952991 6.0006332532452584E-5 3.147462853764356 2.0038718214162046E-6
12.75839 0.0 11.043737541114865 0.08110071099160009 NaN 7.4141877171191055 6.000819504199955E-5 3.1333429558313894 1.9877375659672962E-6
12.80537 0.0 11.264635039205807 0.08430867349350896 NaN 7.441081126853606 6.000633253245517E-5 3.124368198183032 1.967574212515604E-6
12.85235 0.0 11.485095039205806 0.08755585349350896 NaN 7.457393464756401 6.000633253245517E-5 3.1129474994041595 1.948943633880467E-6
12.89933 0.0 11.704755039205807 0.09084098848969122 NaN 7.472781001771144 6.001005755154393E-5 3.101417463127568 1.930789208972712E-6
12.94631 0.0 11.923615039205806 0.09416468848969121 NaN 7.495746626876972 6.001005755154393E-5 3.0901629363614287 1.9109288735166797E-6
12.99329 0.0 12.142057541114932 0.0975253884896907 NaN 7.491848020852893 6.001005755154652E-5 3.076601130385289 1.8966497938103772E-6
13.04027 0.0 12.358955039205807 0.10092218848969121 NaN 7.515952721224454 6.001005755154393E-5 3.067897161994754 1.8784265492054493E-6
13.08725 0.0 12.575455039205806 0.10435438848969121 NaN 7.529081662880958 6.001005755154393E-5 3.0568841677698013 1.861712520979199E-6
13.13423 0.0 12.791175039205873 0.10782481350878205 NaN 7.550806296295657 5.999143245608978E-5 3.046895612103075 1.8430998378890616E-6
13.18121 0.0 13.006507541114932 0.11132138848969121 NaN 7.543575769492769 6.001005755154393E-5 3.032739080966436 1.8303180180417822E-6
13.22819 0.0 13.220315039205806 0.1148547884896912 NaN 7.565511133143588 6.001005755154393E-5 3.0243145377141794 1.8134780423322773E-6
13.27517 0.0 13.433745039205807 0.11842028848969018 NaN 7.576429903089661 6.00100575515491E-5 3.013611676885636 1.7980701545890235E-6
13.32215 0.0 13.646415039205806 0.12201718848969122 NaN 7.595075307670405 6.001005755154393E-5 3.0029843024320644 1.7810278131930873E-6
13.36913 0.0 13.858717541114865 0.12564488848969016 NaN 7.594714472927486 6.00100575515491E-5 2.9901101045040077 1.7672444503835387E-6
13.41611 0.0 14.069897541114932 0.12930258848969123 NaN 7.596265809335687 6.001005755154393E-5 2.9796394559544903 1.754530798649181E-6
13.46309 0.0 14.279965039205873 0.13298958848969122 NaN 7.615660663321298 6.001005755154393E-5 2.9715471949336907 1.7392192829259492E-6
13.51007 0.0 14.489675039205807 0.13670518848969124 NaN 7.62420518008348 6.001005755154393E-5 2.9612139185544804 1.7252087440914772E-6
13.55705 0.0 14.698655039205807 0.14044878848969122 NaN 7.632394708934524 6.001005755154393E-5 2.9509522591305135 1.711434203255511E-6
13.60403 0.0 14.906915039205806 0.14421958848969016 NaN 7.640028577363455 6.00100575515491E-5 2.9407614746984447 1.6979358557267109E-6
13.65101 0.0 15.114455039205806 0.14801708848969122 NaN 7.647329424929331 6.001005755154393E-5 2.930640833509413 1.6846591929637784E-6
13.69799 0.0 15.321285039205806 0.15184431350878205 NaN 7.663039254556326 5.999143245608978E-5 2.921496347665467 1.6696932236745859E-6
13.74497 0.0 15.527777541114933 0.15568938848969016 NaN 7.649937046852468 6.00100575515491E-5 2.908349068890085 1.6598502812918212E-6
13.79195 0.0 15.73281503920574 0.15956298848969122 NaN 7.666490047668918 6.001005755154393E-5 2.900692601455983 1.6462792346372806E-6
13.83893 0.0 15.937535039205873 0.16346461350878205 NaN 7.6811021956952645 5.999143245608978E-5 2.891742913314294 1.6320101521013714E-6
13.88591 0.0 16.14193754111493 0.16738218848969122 NaN 7.666632813167558 6.001005755154393E-5 2.8788297419056867 1.6227851110363248E-6
13.93289 0.0 16.344895039205873 0.17133041350878206 NaN 7.683010141557497 5.999143245608978E-5 2.872241706878657 1.6096727846463306E-6
13.97987 0.0 16.54754503920574 0.17529348848969123 NaN 7.686371427354211 6.001005755154393E-5 2.861700954633401 1.5981730091557226E-6
14.02685 0.0 16.74951503920574 0.179286013508781 NaN 7.691369462403872 5.999143245609495E-5 2.853001761290679 1.586453858820219E-6
14.07383 0.0 16.95080503920574 0.18329611350878205 NaN 7.703212074434836 5.999143245608978E-5 2.843478126093864 1.573457324711384E-6
14.12081 0.0 17.15180754111493 0.18732328848969124 NaN 7.694874073550953 6.001005755154393E-5 2.830940342758354 1.5634846947689972E-6
14.16779 0.0 17.35176754111493 0.19137448848969016 NaN 7.689739543491212 6.00100575515491E-5 2.8215530228371644 1.5541699875164902E-6
14.21477 0.0 17.550685039205874 0.19544548848969123 NaN 7.711908776213552 6.001005755154393E-5 2.814411159986396 1.540670853974331E-6
14.26174 0.0 17.7496975411148 0.19953578848969122 NaN 7.694684863898871 6.001005755154393E-5 2.802965886451206 1.532775333256708E-6
14.30872 0.0 17.947305039205872 0.20364488848969123 NaN 7.7153533113713415 6.001005755154393E-5 2.795931943922295 1.519826579351235E-6
14.3557 0.0 18.14501754111493 0.20777228848969123 NaN 7.706321068882671 6.001005755154393E-5 2.7846200952531466 1.5104923254931307E-6
14.40268 0.0 18.341707541114932 0.21191758848969122 NaN 7.7076783655586105 6.001005755154393E-5 2.775536962664282 1.5003900083330227E-6
14.44966 0.0 18.53775754111493 0.21608018848969124 NaN 7.700715268736319 6.001005755154393E-5 2.766512893827647 1.4919973365414831E-6
14.49664 0.0 18.73279503920574 0.22025968848969016 NaN 7.712133846882303 6.00100575515491E-5 2.759688267394886 1.4812970506213863E-6
14.54362 0.0 18.927575039205873 0.22445568848969122 NaN 7.720704388191203 6.001005755154393E-5 2.7507736949012567 1.4701087510989747E-6
14.5906 0.0 19.122107541114932 0.22866778848969016 NaN 7.710117961089356 6.00100575515491E-5 2.7397893644827596 1.4615276791370733E-6
14.63758 0.0 19.31563754111493 0.23289538848969016 NaN 7.701874685611282 6.00100575515491E-5 2.7309958819300837 1.4537152914957163E-6
14.68456 0.0 19.508165039205874 0.23713818848969123 NaN 7.720437968825282 6.001005755154393E-5 2.7243722198445046 1.4420742114267215E-6
14.73154 0.0 19.700837541114932 0.24139578848969123 NaN 7.708965118319972 6.001005755154393E-5 2.713577175327603 1.433910321883929E-6
14.77852 0.0 19.89251754111493 0.24567151350878205 NaN 7.709159323934579 5.999143245608978E-5 2.7057906675653545 1.4247722951076868E-6
14.8255 0.0 20.0835875411148 0.24995368848969124 NaN 7.706969313000477 6.001005755154393E-5 2.696379258806558 1.4161590828554286E-6
14.87248 0.0 20.27405754111493 0.25425308848969125 NaN 7.6974390390715675 6.001005755154393E-5 2.687861789118264 1.408968633461434E-6
14.91946 0.0 20.463545039205872 0.25856578848969125 NaN 7.706653647401953 6.001005755154393E-5 2.681478238799515 1.3995208545029867E-6
14.96644 0.0 20.652815039205873 0.262895013508782 NaN 7.713919668846621 5.999143245608978E-5 2.6738909022688477 1.3894383917367262E-6
15.01342 0.0 20.841867541114933 0.26722918848969124 NaN 7.691780824599092 6.001005755154393E-5 2.6626292144911416 1.3836562249777123E-6
15.0604 0.0 21.029575039205874 0.27158291350877994 NaN 7.709592809915087 5.999143245610012E-5 2.657208822829784 1.3729254956410467E-6
15.10738 0.0 21.217457541114932 0.275944613508782 NaN 7.687980065862737 5.999143245608978E-5 2.6468905592119842 1.3671740768487768E-6
15.15436 0.0 21.403995039205874 0.28031388848969124 NaN 7.694979208764602 6.001005755154393E-5 2.639914013171115 1.358528563177463E-6
15.20134 0.0 21.590335039205872 0.28469798848969124 NaN 7.692095729108061 6.001005755154393E-5 2.6317553139815186 1.3506505463562248E-6
15.24832 0.0 21.776105039205873 0.2890927884896912 NaN 7.688716716908094 6.001005755154393E-5 2.623646888617226 1.3429305993870121E-6
15.2953 0.0 21.961295039205872 0.2934979884896912 NaN 7.693412656184383 6.001005755154393E-5 2.615588273825281 1.3338788848200413E-6
15.34228 0.0 22.146297541114933 0.2979131884896912 NaN 7.670980440592276 6.001005755154393E-5 2.6055560647717027 1.3285676883928314E-6
15.38926 0.0 22.329985039205873 0.30233808848969124 NaN 7.6779925854923 6.001005755154393E-5 2.5996186512307817 1.3202867413196539E-6
15.43624 0.0 22.51348503920574 0.30677248848969124 NaN 7.673956232865449 6.001005755154393E-5 2.5917067449489544 1.31295264376483E-6
15.48322 0.0 22.696425039205874 0.31121588848969123 NaN 7.669874288872715 6.001005755154393E-5 2.583842852109562 1.3056915975757952E-6
15.5302 0.0 22.87881503920574 0.31567191350878204 NaN 7.674646945313651 5.999143245608978E-5 2.576826296851528 1.2969968500184404E-6
15.57718 0.0 23.06102754111493 0.32012888848969123 NaN 7.658068665058049 6.001005755154393E-5 2.5662649273761744 1.290973826620701E-6
15.62416 0.0 23.242317541114932 0.32459788848969123 NaN 7.645306822320386 6.001005755154393E-5 2.5585484724571175 1.2853638914867178E-6
15.67114 0.0 23.422685039205874 0.32907478848969124 NaN 7.659416899320985 6.001005755154393E-5 2.552858778917157 1.2763051891471858E-6
15.71812 0.0 23.60326754111493 0.33355938848969124 NaN 7.635353540883095 6.001005755154393E-5 2.5432539452189955 1.271698089995453E-6
15.7651 0.0 23.78255503920574 0.33805128848969124 NaN 7.641079828941509 6.001005755154393E-5 2.5376437399477862 1.264163444701351E-6
15.81208 0.0 23.96168503920574 0.3425503884896912 NaN 7.635746797939566 6.001005755154393E-5 2.5301040296185477 1.257540266008362E-6
15.85906 0.0 24.14028503920574 0.3470562884896912 NaN 7.638333697674115 6.001005755154393E-5 2.522608989728953 1.2496773906602607E-6
15.90604 0.0 24.31873754111493 0.35157261350877994 NaN 7.614759943096666 5.999143245610012E-5 2.5139872335553695 1.2451853803383603E-6
15.95302 0.0 24.495905039205873 0.35608768848969125 NaN 7.277861821839651 6.001005755154393E-5 2.507751342669903 1.2961695045750611E-6
16.0 0.0 24.656915031569504 0.36061268848969125 NaN 7.292401044249646 6.001005755154393E-5 2.5081471135942324 1.289990530221311E-6
